    project id    reward
0       1211.0 -0.444988
1       2141.0 -0.057202
2       1356.0  0.331482
3       2183.0  0.343395
4        433.0 -0.263659
5        192.0  0.232709
6       1889.0  0.302624
7        193.0  0.251523
8       1347.0  0.192139
9       1905.0  0.121838
10      2092.0  0.245409
11      2121.0 -0.136063
12       191.0  0.215283
Valid Combinations are:
(1356.0, 2183.0, 192.0, 1889.0, 193.0, 1905.0, 2092.0, 191.0, 1347.0)
(1356.0, 2183.0, 192.0, 1889.0, 193.0, 1905.0, 2092.0, 191.0)
(1211.0, 2141.0, 1356.0, 2183.0, 192.0, 193.0)
(1356.0, 2183.0, 433.0, 192.0, 193.0, 1347.0, 1905.0, 2092.0, 2121.0, 191.0)
(2141.0, 1356.0, 2183.0, 192.0, 1347.0, 1905.0, 2092.0, 2121.0, 191.0)
(2141.0, 1356.0, 192.0, 1889.0, 193.0, 1347.0, 1905.0, 2092.0, 191.0)
(1356.0, 433.0, 192.0, 1889.0, 193.0, 1905.0, 2092.0, 2121.0, 191.0)
(1211.0, 2183.0, 192.0, 1889.0, 193.0, 1905.0, 2092.0, 191.0)
(2141.0, 1356.0, 2183.0, 433.0, 192.0, 1905.0, 2092.0, 2121.0)
(2141.0, 1356.0, 2183.0, 433.0, 193.0, 1905.0, 2121.0, 191.0)
(2141.0, 1356.0, 2183.0, 192.0, 193.0, 1347.0, 2121.0, 191.0)
(2141.0, 1356.0, 2183.0, 192.0, 193.0, 1905.0, 2092.0, 191.0)
(2141.0, 1356.0, 2183.0, 1889.0, 193.0, 1905.0, 2092.0, 191.0)
(2141.0, 1356.0, 2183.0, 1889.0, 193.0, 1905.0, 2121.0, 191.0)
(2141.0, 2183.0, 192.0, 193.0, 1905.0, 2092.0, 2121.0, 191.0)
(2141.0, 2183.0, 1889.0, 193.0, 1347.0, 1905.0, 2121.0, 191.0)
(2141.0, 2183.0, 193.0, 1347.0, 1905.0, 2092.0, 2121.0, 191.0)
(2141.0, 433.0, 192.0, 1889.0, 193.0, 1347.0, 1905.0, 191.0)
(1356.0, 2183.0, 433.0, 1889.0, 193.0, 1905.0, 2092.0, 191.0)
(1356.0, 433.0, 192.0, 1889.0, 193.0, 1347.0, 1905.0, 191.0)
(2183.0, 433.0, 192.0, 1889.0, 193.0, 1905.0, 2092.0, 191.0)
(1211.0, 2141.0, 2183.0, 192.0, 1889.0, 193.0, 1905.0)
(2141.0, 2183.0, 433.0, 1889.0, 193.0, 1347.0, 2121.0)
(2141.0, 433.0, 1889.0, 1347.0, 2092.0, 2121.0, 191.0)
(1356.0, 2183.0, 433.0, 192.0, 1889.0, 1347.0, 2092.0)
(1356.0, 2183.0, 1889.0, 1347.0, 1905.0, 2121.0, 191.0)
(1356.0, 433.0, 1889.0, 1347.0, 1905.0, 2092.0, 2121.0)
(2183.0, 433.0, 1889.0, 1347.0, 1905.0, 2092.0, 2121.0)
(2183.0, 1889.0, 1347.0, 1905.0, 2092.0, 2121.0, 191.0)
(433.0, 192.0, 1889.0, 193.0, 1347.0, 2121.0, 191.0)
(192.0, 1889.0, 193.0, 1347.0, 1905.0, 2092.0, 2121.0)
(1211.0, 1356.0, 192.0, 193.0, 1347.0, 191.0)
(1211.0, 1356.0, 1889.0, 193.0, 1347.0, 2092.0)
(1211.0, 2183.0, 192.0, 193.0, 1347.0, 1905.0)
(2141.0, 1356.0, 2183.0, 1889.0, 1347.0, 2121.0)
(2141.0, 2183.0, 192.0, 1889.0, 193.0, 2092.0)
(2141.0, 2183.0, 192.0, 1889.0, 1905.0, 191.0)
(2141.0, 192.0, 1889.0, 1905.0, 2121.0, 191.0)
(1356.0, 2183.0, 433.0, 192.0, 1889.0, 2121.0)
Initial Choices:
---------------------------------------------------------------------------
Voter 1: ID 422; Choice (2183.0, 1889.0, 1347.0, 1905.0, 2092.0, 2121.0, 191.0) 
Voter 2: ID 448; Choice (1356.0, 2183.0, 192.0, 1889.0, 193.0, 1905.0, 2092.0, 191.0, 1347.0) 
Voter 3: ID 426; Choice (2141.0, 2183.0, 193.0, 1347.0, 1905.0, 2092.0, 2121.0, 191.0) 
Voter 4: ID 546; Choice (1356.0, 2183.0, 433.0, 192.0, 1889.0, 1347.0, 2092.0) 
Voter 5: ID 63; Choice (1356.0, 433.0, 1889.0, 1347.0, 1905.0, 2092.0, 2121.0) 
Voter 6: ID 30; Choice (1211.0, 2141.0, 2183.0, 192.0, 1889.0, 193.0, 1905.0) 
Voter 7: ID 219; Choice (433.0, 192.0, 1889.0, 193.0, 1347.0, 2121.0, 191.0) 
Voter 8: ID 498; Choice (1356.0, 2183.0, 433.0, 192.0, 193.0, 1347.0, 1905.0, 2092.0, 2121.0, 191.0) 
Voter 9: ID 33; Choice (2141.0, 2183.0, 192.0, 193.0, 1905.0, 2092.0, 2121.0, 191.0) 
Voter 10: ID 74; Choice (2141.0, 2183.0, 1889.0, 193.0, 1347.0, 1905.0, 2121.0, 191.0) 
Voter 11: ID 599; Choice (2141.0, 2183.0, 1889.0, 193.0, 1347.0, 1905.0, 2121.0, 191.0) 
Voter 12: ID 124; Choice (1356.0, 433.0, 192.0, 1889.0, 193.0, 1347.0, 1905.0, 191.0) 
Voter 13: ID 262; Choice (1356.0, 2183.0, 433.0, 192.0, 193.0, 1347.0, 1905.0, 2092.0, 2121.0, 191.0) 
Voter 14: ID 451; Choice (1356.0, 433.0, 192.0, 1889.0, 193.0, 1347.0, 1905.0, 191.0) 
Voter 15: ID 247; Choice (2141.0, 2183.0, 433.0, 1889.0, 193.0, 1347.0, 2121.0) 
Voter 16: ID 31; Choice (1211.0, 2183.0, 192.0, 193.0, 1347.0, 1905.0) 
Voter 17: ID 322; Choice (2141.0, 1356.0, 2183.0, 192.0, 1347.0, 1905.0, 2092.0, 2121.0, 191.0) 
Voter 18: ID 117; Choice (1211.0, 1356.0, 192.0, 193.0, 1347.0, 191.0) 
Voter 19: ID 728; Choice (1211.0, 2183.0, 192.0, 1889.0, 193.0, 1905.0, 2092.0, 191.0) 
Voter 20: ID 658; Choice (1211.0, 1356.0, 192.0, 193.0, 1347.0, 191.0) 
Voter 21: ID 622; Choice (2141.0, 433.0, 192.0, 1889.0, 193.0, 1347.0, 1905.0, 191.0) 
Voter 22: ID 685; Choice (1211.0, 2141.0, 2183.0, 192.0, 1889.0, 193.0, 1905.0) 
Voter 23: ID 125; Choice (2141.0, 2183.0, 1889.0, 193.0, 1347.0, 1905.0, 2121.0, 191.0) 
Voter 24: ID 490; Choice (1211.0, 1356.0, 1889.0, 193.0, 1347.0, 2092.0) 
Voter 25: ID 279; Choice (2141.0, 1356.0, 2183.0, 192.0, 1347.0, 1905.0, 2092.0, 2121.0, 191.0) 
Voter 26: ID 69; Choice (433.0, 192.0, 1889.0, 193.0, 1347.0, 2121.0, 191.0) 
Voter 27: ID 417; Choice (2141.0, 1356.0, 2183.0, 1889.0, 1347.0, 2121.0) 
Voter 28: ID 723; Choice (1356.0, 2183.0, 192.0, 1889.0, 193.0, 1905.0, 2092.0, 191.0, 1347.0) 
Voter 29: ID 277; Choice (1356.0, 2183.0, 433.0, 192.0, 1889.0, 1347.0, 2092.0) 
Voter 30: ID 156; Choice (2141.0, 1356.0, 2183.0, 1889.0, 1347.0, 2121.0) 
Voter 31: ID 479; Choice (2141.0, 2183.0, 192.0, 1889.0, 1905.0, 191.0) 
Voter 32: ID 642; Choice (1211.0, 1356.0, 1889.0, 193.0, 1347.0, 2092.0) 
Voter 33: ID 516; Choice (2183.0, 1889.0, 1347.0, 1905.0, 2092.0, 2121.0, 191.0) 
Voter 34: ID 603; Choice (1356.0, 2183.0, 433.0, 1889.0, 193.0, 1905.0, 2092.0, 191.0) 
Voter 35: ID 294; Choice (1356.0, 2183.0, 192.0, 1889.0, 193.0, 1905.0, 2092.0, 191.0) 
Voter 36: ID 81; Choice (1356.0, 2183.0, 192.0, 1889.0, 193.0, 1905.0, 2092.0, 191.0, 1347.0) 
Voter 37: ID 604; Choice (1356.0, 2183.0, 433.0, 192.0, 1889.0, 2121.0) 
Voter 38: ID 96; Choice (2141.0, 1356.0, 2183.0, 1889.0, 193.0, 1905.0, 2121.0, 191.0) 
Voter 39: ID 668; Choice (1356.0, 2183.0, 433.0, 1889.0, 193.0, 1905.0, 2092.0, 191.0) 
Voter 40: ID 75; Choice (1211.0, 2183.0, 192.0, 193.0, 1347.0, 1905.0) 
Voter 41: ID 258; Choice (1211.0, 2183.0, 192.0, 193.0, 1347.0, 1905.0) 
Voter 42: ID 332; Choice (2141.0, 1356.0, 192.0, 1889.0, 193.0, 1347.0, 1905.0, 2092.0, 191.0) 
Voter 43: ID 575; Choice (2141.0, 433.0, 192.0, 1889.0, 193.0, 1347.0, 1905.0, 191.0) 
Voter 44: ID 463; Choice (1356.0, 2183.0, 433.0, 192.0, 1889.0, 2121.0) 
Voter 45: ID 408; Choice (2183.0, 433.0, 1889.0, 1347.0, 1905.0, 2092.0, 2121.0) 
Voter 46: ID 629; Choice (1356.0, 2183.0, 192.0, 1889.0, 193.0, 1905.0, 2092.0, 191.0) 
Voter 47: ID 101; Choice (1356.0, 2183.0, 433.0, 1889.0, 193.0, 1905.0, 2092.0, 191.0) 
Voter 48: ID 164; Choice (2141.0, 1356.0, 2183.0, 192.0, 1347.0, 1905.0, 2092.0, 2121.0, 191.0) 
Voter 49: ID 313; Choice (2141.0, 1356.0, 2183.0, 192.0, 193.0, 1347.0, 2121.0, 191.0) 
Voter 50: ID 689; Choice (1356.0, 2183.0, 433.0, 192.0, 1889.0, 1347.0, 2092.0) 
---------------------------------------------------------------------------
After Iteration 1 :
Voter 1: ID 422; Choice (1356.0, 433.0, 192.0, 1889.0, 193.0, 1347.0, 1905.0, 191.0) 
Voter 2: ID 448; Choice (2141.0, 2183.0, 433.0, 1889.0, 193.0, 1347.0, 2121.0) 
Voter 3: ID 426; Choice (1211.0, 1356.0, 1889.0, 193.0, 1347.0, 2092.0) 
Voter 4: ID 546; Choice (1211.0, 1356.0, 192.0, 193.0, 1347.0, 191.0) 
Voter 5: ID 63; Choice (1356.0, 2183.0, 433.0, 192.0, 1889.0, 1347.0, 2092.0) 
Voter 6: ID 30; Choice (2141.0, 1356.0, 2183.0, 1889.0, 193.0, 1905.0, 2121.0, 191.0) 
Voter 7: ID 219; Choice (2141.0, 1356.0, 2183.0, 192.0, 1347.0, 1905.0, 2092.0, 2121.0, 191.0) 
Voter 8: ID 498; Choice (2141.0, 2183.0, 192.0, 1889.0, 193.0, 2092.0) 
Voter 9: ID 33; Choice (1211.0, 2141.0, 1356.0, 2183.0, 192.0, 193.0) 
Voter 10: ID 74; Choice (2141.0, 1356.0, 2183.0, 433.0, 192.0, 1905.0, 2092.0, 2121.0) 
Voter 11: ID 599; Choice (1356.0, 2183.0, 433.0, 192.0, 1889.0, 1347.0, 2092.0) 
Voter 12: ID 124; Choice (433.0, 192.0, 1889.0, 193.0, 1347.0, 2121.0, 191.0) 
Voter 13: ID 262; Choice (1211.0, 2141.0, 2183.0, 192.0, 1889.0, 193.0, 1905.0) 
Voter 14: ID 451; Choice (1211.0, 2141.0, 1356.0, 2183.0, 192.0, 193.0) 
Voter 15: ID 247; Choice (1211.0, 2141.0, 1356.0, 2183.0, 192.0, 193.0) 
Voter 16: ID 31; Choice (2141.0, 433.0, 1889.0, 1347.0, 2092.0, 2121.0, 191.0) 
Voter 17: ID 322; Choice (2141.0, 2183.0, 433.0, 1889.0, 193.0, 1347.0, 2121.0) 
Voter 18: ID 117; Choice (1211.0, 1356.0, 192.0, 193.0, 1347.0, 191.0) 
Voter 19: ID 728; Choice (2141.0, 1356.0, 2183.0, 192.0, 1347.0, 1905.0, 2092.0, 2121.0, 191.0) 
Voter 20: ID 658; Choice (1211.0, 1356.0, 1889.0, 193.0, 1347.0, 2092.0) 
Voter 21: ID 622; Choice (1356.0, 433.0, 192.0, 1889.0, 193.0, 1905.0, 2092.0, 2121.0, 191.0) 
Voter 22: ID 685; Choice (2141.0, 192.0, 1889.0, 1905.0, 2121.0, 191.0) 
Voter 23: ID 125; Choice (1356.0, 433.0, 1889.0, 1347.0, 1905.0, 2092.0, 2121.0) 
Voter 24: ID 490; Choice (2141.0, 1356.0, 192.0, 1889.0, 193.0, 1347.0, 1905.0, 2092.0, 191.0) 
Voter 25: ID 279; Choice (1356.0, 2183.0, 433.0, 192.0, 1889.0, 2121.0) 
Voter 26: ID 69; Choice (2141.0, 1356.0, 2183.0, 433.0, 193.0, 1905.0, 2121.0, 191.0) 
Voter 27: ID 417; Choice (2141.0, 1356.0, 2183.0, 192.0, 193.0, 1347.0, 2121.0, 191.0) 
Voter 28: ID 723; Choice (1356.0, 2183.0, 433.0, 1889.0, 193.0, 1905.0, 2092.0, 191.0) 
Voter 29: ID 277; Choice (1356.0, 2183.0, 433.0, 192.0, 193.0, 1347.0, 1905.0, 2092.0, 2121.0, 191.0) 
Voter 30: ID 156; Choice (2141.0, 1356.0, 2183.0, 192.0, 193.0, 1347.0, 2121.0, 191.0) 
Voter 31: ID 479; Choice (1356.0, 2183.0, 433.0, 192.0, 1889.0, 2121.0) 
Voter 32: ID 642; Choice (2183.0, 433.0, 192.0, 1889.0, 193.0, 1905.0, 2092.0, 191.0) 
Voter 33: ID 516; Choice (2141.0, 1356.0, 2183.0, 1889.0, 193.0, 1905.0, 2092.0, 191.0) 
Voter 34: ID 603; Choice (2183.0, 433.0, 1889.0, 1347.0, 1905.0, 2092.0, 2121.0) 
Voter 35: ID 294; Choice (2141.0, 192.0, 1889.0, 1905.0, 2121.0, 191.0) 
Voter 36: ID 81; Choice (2141.0, 1356.0, 2183.0, 192.0, 193.0, 1905.0, 2092.0, 191.0) 
Voter 37: ID 604; Choice (1211.0, 2141.0, 2183.0, 192.0, 1889.0, 193.0, 1905.0) 
Voter 38: ID 96; Choice (2141.0, 2183.0, 1889.0, 193.0, 1347.0, 1905.0, 2121.0, 191.0) 
Voter 39: ID 668; Choice (1211.0, 2183.0, 192.0, 1889.0, 193.0, 1905.0, 2092.0, 191.0) 
Voter 40: ID 75; Choice (2183.0, 1889.0, 1347.0, 1905.0, 2092.0, 2121.0, 191.0) 
Voter 41: ID 258; Choice (192.0, 1889.0, 193.0, 1347.0, 1905.0, 2092.0, 2121.0) 
Voter 42: ID 332; Choice (2141.0, 1356.0, 2183.0, 1889.0, 193.0, 1905.0, 2121.0, 191.0) 
Voter 43: ID 575; Choice (2141.0, 2183.0, 192.0, 1889.0, 1905.0, 191.0) 
Voter 44: ID 463; Choice (2141.0, 1356.0, 2183.0, 433.0, 192.0, 1905.0, 2092.0, 2121.0) 
Voter 45: ID 408; Choice (1356.0, 433.0, 1889.0, 1347.0, 1905.0, 2092.0, 2121.0) 
Voter 46: ID 629; Choice (2141.0, 1356.0, 2183.0, 192.0, 193.0, 1347.0, 2121.0, 191.0) 
Voter 47: ID 101; Choice (433.0, 192.0, 1889.0, 193.0, 1347.0, 2121.0, 191.0) 
Voter 48: ID 164; Choice (1356.0, 2183.0, 433.0, 1889.0, 193.0, 1905.0, 2092.0, 191.0) 
Voter 49: ID 313; Choice (2141.0, 2183.0, 1889.0, 193.0, 1347.0, 1905.0, 2121.0, 191.0) 
Voter 50: ID 689; Choice (2141.0, 1356.0, 2183.0, 192.0, 193.0, 1347.0, 2121.0, 191.0) 
---------------------------------------------------------------------------
---------------------------------------------------------------------------
{(1356.0, 2183.0, 192.0, 1889.0, 193.0, 1905.0, 2092.0, 191.0, 1347.0): 0.22364029753939524, (1356.0, 2183.0, 192.0, 1889.0, 193.0, 1905.0, 2092.0, 191.0): 0.2044263556646321, (1211.0, 2141.0, 1356.0, 2183.0, 192.0, 193.0): 0, (1356.0, 2183.0, 433.0, 192.0, 193.0, 1347.0, 1905.0, 2092.0, 2121.0, 191.0): 0.15340580902615958, (2141.0, 1356.0, 2183.0, 192.0, 1347.0, 1905.0, 2092.0, 2121.0, 191.0): 0.1488991175701427, (2141.0, 1356.0, 192.0, 1889.0, 193.0, 1347.0, 1905.0, 2092.0, 191.0): 0.1835805450269175, (1356.0, 433.0, 192.0, 1889.0, 193.0, 1905.0, 2092.0, 2121.0, 191.0): 0, (1211.0, 2183.0, 192.0, 1889.0, 193.0, 1905.0, 2092.0, 191.0): 0, (2141.0, 1356.0, 2183.0, 433.0, 192.0, 1905.0, 2092.0, 2121.0): 0, (2141.0, 1356.0, 2183.0, 433.0, 193.0, 1905.0, 2121.0, 191.0): 0, (2141.0, 1356.0, 2183.0, 192.0, 193.0, 1347.0, 2121.0, 191.0): 0, (2141.0, 1356.0, 2183.0, 192.0, 193.0, 1905.0, 2092.0, 191.0): 0, (2141.0, 1356.0, 2183.0, 1889.0, 193.0, 1905.0, 2092.0, 191.0): 0, (2141.0, 1356.0, 2183.0, 1889.0, 193.0, 1905.0, 2121.0, 191.0): 0, (2141.0, 2183.0, 192.0, 193.0, 1905.0, 2092.0, 2121.0, 191.0): 0.12168925207263288, (2141.0, 2183.0, 1889.0, 193.0, 1347.0, 1905.0, 2121.0, 191.0): 0, (2141.0, 2183.0, 193.0, 1347.0, 1905.0, 2092.0, 2121.0, 191.0): 0, (2141.0, 433.0, 192.0, 1889.0, 193.0, 1347.0, 1905.0, 191.0): 0.09952555296199839, (1356.0, 2183.0, 433.0, 1889.0, 193.0, 1905.0, 2092.0, 191.0): 0, (1356.0, 433.0, 192.0, 1889.0, 193.0, 1347.0, 1905.0, 191.0): 0, (2183.0, 433.0, 192.0, 1889.0, 193.0, 1905.0, 2092.0, 191.0): 0, (1211.0, 2141.0, 2183.0, 192.0, 1889.0, 193.0, 1905.0): 0.07498991273534321, (2141.0, 2183.0, 433.0, 1889.0, 193.0, 1347.0, 2121.0): 0, (2141.0, 433.0, 1889.0, 1347.0, 2092.0, 2121.0, 191.0): 0, (1356.0, 2183.0, 433.0, 192.0, 1889.0, 1347.0, 2092.0): 0.13841002014793197, (1356.0, 2183.0, 1889.0, 1347.0, 1905.0, 2121.0, 191.0): 0, (1356.0, 433.0, 1889.0, 1347.0, 1905.0, 2092.0, 2121.0): 0, (2183.0, 433.0, 1889.0, 1347.0, 1905.0, 2092.0, 2121.0): 0, (2183.0, 1889.0, 1347.0, 1905.0, 2092.0, 2121.0, 191.0): 0.1284625791106614, (433.0, 192.0, 1889.0, 193.0, 1347.0, 2121.0, 191.0): 0, (192.0, 1889.0, 193.0, 1347.0, 1905.0, 2092.0, 2121.0): 0, (1211.0, 1356.0, 192.0, 193.0, 1347.0, 191.0): 0, (1211.0, 1356.0, 1889.0, 193.0, 1347.0, 2092.0): 0.08781895468885646, (1211.0, 2183.0, 192.0, 193.0, 1347.0, 1905.0): 0, (2141.0, 1356.0, 2183.0, 1889.0, 1347.0, 2121.0): 0.09763755349215053, (2141.0, 2183.0, 192.0, 1889.0, 193.0, 2092.0): 0, (2141.0, 2183.0, 192.0, 1889.0, 1905.0, 191.0): 0, (2141.0, 192.0, 1889.0, 1905.0, 2121.0, 191.0): 0, (1356.0, 2183.0, 433.0, 192.0, 1889.0, 2121.0): 0.08104890126779607}
After Iteration 2 :
Voter 1: ID 422; Choice (2183.0, 433.0, 1889.0, 1347.0, 1905.0, 2092.0, 2121.0) 
Voter 2: ID 448; Choice (192.0, 1889.0, 193.0, 1347.0, 1905.0, 2092.0, 2121.0) 
Voter 3: ID 426; Choice (1356.0, 433.0, 192.0, 1889.0, 193.0, 1905.0, 2092.0, 2121.0, 191.0) 
Voter 4: ID 546; Choice (433.0, 192.0, 1889.0, 193.0, 1347.0, 2121.0, 191.0) 
Voter 5: ID 63; Choice (2141.0, 2183.0, 193.0, 1347.0, 1905.0, 2092.0, 2121.0, 191.0) 
Voter 6: ID 30; Choice (1211.0, 2141.0, 1356.0, 2183.0, 192.0, 193.0) 
Voter 7: ID 219; Choice (1211.0, 2141.0, 2183.0, 192.0, 1889.0, 193.0, 1905.0) 
Voter 8: ID 498; Choice (2141.0, 1356.0, 2183.0, 1889.0, 193.0, 1905.0, 2121.0, 191.0) 
Voter 9: ID 33; Choice (1356.0, 2183.0, 433.0, 1889.0, 193.0, 1905.0, 2092.0, 191.0) 
Voter 10: ID 74; Choice (2141.0, 2183.0, 192.0, 193.0, 1905.0, 2092.0, 2121.0, 191.0) 
Voter 11: ID 599; Choice (2183.0, 433.0, 1889.0, 1347.0, 1905.0, 2092.0, 2121.0) 
Voter 12: ID 124; Choice (2141.0, 1356.0, 2183.0, 1889.0, 1347.0, 2121.0) 
Voter 13: ID 262; Choice (2141.0, 1356.0, 2183.0, 433.0, 193.0, 1905.0, 2121.0, 191.0) 
Voter 14: ID 451; Choice (2141.0, 2183.0, 1889.0, 193.0, 1347.0, 1905.0, 2121.0, 191.0) 
Voter 15: ID 247; Choice (2141.0, 1356.0, 2183.0, 433.0, 192.0, 1905.0, 2092.0, 2121.0) 
Voter 16: ID 31; Choice (1211.0, 2141.0, 1356.0, 2183.0, 192.0, 193.0) 
Voter 17: ID 322; Choice (2141.0, 1356.0, 2183.0, 192.0, 193.0, 1347.0, 2121.0, 191.0) 
Voter 18: ID 117; Choice (2141.0, 1356.0, 192.0, 1889.0, 193.0, 1347.0, 1905.0, 2092.0, 191.0) 
Voter 19: ID 728; Choice (2141.0, 2183.0, 433.0, 1889.0, 193.0, 1347.0, 2121.0) 
Voter 20: ID 658; Choice (1356.0, 433.0, 192.0, 1889.0, 193.0, 1905.0, 2092.0, 2121.0, 191.0) 
Voter 21: ID 622; Choice (433.0, 192.0, 1889.0, 193.0, 1347.0, 2121.0, 191.0) 
Voter 22: ID 685; Choice (2141.0, 1356.0, 2183.0, 192.0, 193.0, 1347.0, 2121.0, 191.0) 
Voter 23: ID 125; Choice (2141.0, 1356.0, 2183.0, 1889.0, 193.0, 1905.0, 2121.0, 191.0) 
Voter 24: ID 490; Choice (1211.0, 1356.0, 1889.0, 193.0, 1347.0, 2092.0) 
Voter 25: ID 279; Choice (1356.0, 433.0, 192.0, 1889.0, 193.0, 1905.0, 2092.0, 2121.0, 191.0) 
Voter 26: ID 69; Choice (2141.0, 1356.0, 192.0, 1889.0, 193.0, 1347.0, 1905.0, 2092.0, 191.0) 
Voter 27: ID 417; Choice (1356.0, 2183.0, 433.0, 192.0, 1889.0, 2121.0) 
Voter 28: ID 723; Choice (2141.0, 433.0, 1889.0, 1347.0, 2092.0, 2121.0, 191.0) 
Voter 29: ID 277; Choice (2141.0, 2183.0, 192.0, 193.0, 1905.0, 2092.0, 2121.0, 191.0) 
Voter 30: ID 156; Choice (433.0, 192.0, 1889.0, 193.0, 1347.0, 2121.0, 191.0) 
Voter 31: ID 479; Choice (2141.0, 2183.0, 192.0, 1889.0, 1905.0, 191.0) 
Voter 32: ID 642; Choice (1356.0, 2183.0, 192.0, 1889.0, 193.0, 1905.0, 2092.0, 191.0) 
Voter 33: ID 516; Choice (1356.0, 2183.0, 433.0, 192.0, 193.0, 1347.0, 1905.0, 2092.0, 2121.0, 191.0) 
Voter 34: ID 603; Choice (2141.0, 2183.0, 192.0, 1889.0, 1905.0, 191.0) 
Voter 35: ID 294; Choice (2141.0, 2183.0, 192.0, 193.0, 1905.0, 2092.0, 2121.0, 191.0) 
Voter 36: ID 81; Choice (2141.0, 2183.0, 192.0, 1889.0, 193.0, 2092.0) 
Voter 37: ID 604; Choice (2141.0, 2183.0, 433.0, 1889.0, 193.0, 1347.0, 2121.0) 
Voter 38: ID 96; Choice (1356.0, 2183.0, 433.0, 1889.0, 193.0, 1905.0, 2092.0, 191.0) 
Voter 39: ID 668; Choice (2141.0, 1356.0, 2183.0, 433.0, 192.0, 1905.0, 2092.0, 2121.0) 
Voter 40: ID 75; Choice (2141.0, 2183.0, 433.0, 1889.0, 193.0, 1347.0, 2121.0) 
Voter 41: ID 258; Choice (2183.0, 1889.0, 1347.0, 1905.0, 2092.0, 2121.0, 191.0) 
Voter 42: ID 332; Choice (1211.0, 1356.0, 1889.0, 193.0, 1347.0, 2092.0) 
Voter 43: ID 575; Choice (2141.0, 1356.0, 2183.0, 433.0, 193.0, 1905.0, 2121.0, 191.0) 
Voter 44: ID 463; Choice (1356.0, 2183.0, 192.0, 1889.0, 193.0, 1905.0, 2092.0, 191.0, 1347.0) 
Voter 45: ID 408; Choice (192.0, 1889.0, 193.0, 1347.0, 1905.0, 2092.0, 2121.0) 
Voter 46: ID 629; Choice (2141.0, 2183.0, 192.0, 1889.0, 193.0, 2092.0) 
Voter 47: ID 101; Choice (2141.0, 1356.0, 2183.0, 433.0, 192.0, 1905.0, 2092.0, 2121.0) 
Voter 48: ID 164; Choice (2141.0, 1356.0, 2183.0, 192.0, 193.0, 1347.0, 2121.0, 191.0) 
Voter 49: ID 313; Choice (2141.0, 2183.0, 192.0, 193.0, 1905.0, 2092.0, 2121.0, 191.0) 
Voter 50: ID 689; Choice (2141.0, 433.0, 192.0, 1889.0, 193.0, 1347.0, 1905.0, 191.0) 
---------------------------------------------------------------------------
After Iteration 3 :
Voter 1: ID 422; Choice (1211.0, 2183.0, 192.0, 1889.0, 193.0, 1905.0, 2092.0, 191.0) 
Voter 2: ID 448; Choice (2141.0, 2183.0, 433.0, 1889.0, 193.0, 1347.0, 2121.0) 
Voter 3: ID 426; Choice (2183.0, 433.0, 1889.0, 1347.0, 1905.0, 2092.0, 2121.0) 
Voter 4: ID 546; Choice (1211.0, 2141.0, 2183.0, 192.0, 1889.0, 193.0, 1905.0) 
Voter 5: ID 63; Choice (1211.0, 2141.0, 2183.0, 192.0, 1889.0, 193.0, 1905.0) 
Voter 6: ID 30; Choice (2183.0, 1889.0, 1347.0, 1905.0, 2092.0, 2121.0, 191.0) 
Voter 7: ID 219; Choice (2141.0, 433.0, 192.0, 1889.0, 193.0, 1347.0, 1905.0, 191.0) 
Voter 8: ID 498; Choice (1356.0, 2183.0, 192.0, 1889.0, 193.0, 1905.0, 2092.0, 191.0) 
Voter 9: ID 33; Choice (1211.0, 1356.0, 1889.0, 193.0, 1347.0, 2092.0) 
Voter 10: ID 74; Choice (2141.0, 2183.0, 192.0, 193.0, 1905.0, 2092.0, 2121.0, 191.0) 
Voter 11: ID 599; Choice (1356.0, 2183.0, 433.0, 192.0, 1889.0, 1347.0, 2092.0) 
Voter 12: ID 124; Choice (1211.0, 1356.0, 192.0, 193.0, 1347.0, 191.0) 
Voter 13: ID 262; Choice (2141.0, 2183.0, 192.0, 193.0, 1905.0, 2092.0, 2121.0, 191.0) 
Voter 14: ID 451; Choice (2141.0, 192.0, 1889.0, 1905.0, 2121.0, 191.0) 
Voter 15: ID 247; Choice (2141.0, 2183.0, 192.0, 193.0, 1905.0, 2092.0, 2121.0, 191.0) 
Voter 16: ID 31; Choice (2141.0, 433.0, 1889.0, 1347.0, 2092.0, 2121.0, 191.0) 
Voter 17: ID 322; Choice (2141.0, 2183.0, 192.0, 1889.0, 1905.0, 191.0) 
Voter 18: ID 117; Choice (2141.0, 2183.0, 192.0, 193.0, 1905.0, 2092.0, 2121.0, 191.0) 
Voter 19: ID 728; Choice (1356.0, 433.0, 1889.0, 1347.0, 1905.0, 2092.0, 2121.0) 
Voter 20: ID 658; Choice (1211.0, 2183.0, 192.0, 1889.0, 193.0, 1905.0, 2092.0, 191.0) 
Voter 21: ID 622; Choice (1211.0, 2141.0, 1356.0, 2183.0, 192.0, 193.0) 
Voter 22: ID 685; Choice (2141.0, 192.0, 1889.0, 1905.0, 2121.0, 191.0) 
Voter 23: ID 125; Choice (192.0, 1889.0, 193.0, 1347.0, 1905.0, 2092.0, 2121.0) 
Voter 24: ID 490; Choice (1356.0, 433.0, 192.0, 1889.0, 193.0, 1347.0, 1905.0, 191.0) 
Voter 25: ID 279; Choice (1356.0, 2183.0, 433.0, 1889.0, 193.0, 1905.0, 2092.0, 191.0) 
Voter 26: ID 69; Choice (2141.0, 2183.0, 192.0, 1889.0, 1905.0, 191.0) 
Voter 27: ID 417; Choice (2183.0, 433.0, 192.0, 1889.0, 193.0, 1905.0, 2092.0, 191.0) 
Voter 28: ID 723; Choice (2141.0, 2183.0, 1889.0, 193.0, 1347.0, 1905.0, 2121.0, 191.0) 
Voter 29: ID 277; Choice (1356.0, 433.0, 192.0, 1889.0, 193.0, 1347.0, 1905.0, 191.0) 
Voter 30: ID 156; Choice (2141.0, 1356.0, 2183.0, 433.0, 193.0, 1905.0, 2121.0, 191.0) 
Voter 31: ID 479; Choice (1356.0, 2183.0, 1889.0, 1347.0, 1905.0, 2121.0, 191.0) 
Voter 32: ID 642; Choice (1211.0, 2141.0, 2183.0, 192.0, 1889.0, 193.0, 1905.0) 
Voter 33: ID 516; Choice (2183.0, 433.0, 192.0, 1889.0, 193.0, 1905.0, 2092.0, 191.0) 
Voter 34: ID 603; Choice (1211.0, 2183.0, 192.0, 193.0, 1347.0, 1905.0) 
Voter 35: ID 294; Choice (2141.0, 1356.0, 2183.0, 1889.0, 1347.0, 2121.0) 
Voter 36: ID 81; Choice (1356.0, 2183.0, 192.0, 1889.0, 193.0, 1905.0, 2092.0, 191.0, 1347.0) 
Voter 37: ID 604; Choice (2141.0, 1356.0, 192.0, 1889.0, 193.0, 1347.0, 1905.0, 2092.0, 191.0) 
Voter 38: ID 96; Choice (1356.0, 433.0, 192.0, 1889.0, 193.0, 1905.0, 2092.0, 2121.0, 191.0) 
Voter 39: ID 668; Choice (2141.0, 1356.0, 2183.0, 192.0, 193.0, 1905.0, 2092.0, 191.0) 
Voter 40: ID 75; Choice (2141.0, 1356.0, 2183.0, 433.0, 193.0, 1905.0, 2121.0, 191.0) 
Voter 41: ID 258; Choice (2141.0, 2183.0, 192.0, 1889.0, 193.0, 2092.0) 
Voter 42: ID 332; Choice (2141.0, 1356.0, 192.0, 1889.0, 193.0, 1347.0, 1905.0, 2092.0, 191.0) 
Voter 43: ID 575; Choice (1356.0, 433.0, 192.0, 1889.0, 193.0, 1905.0, 2092.0, 2121.0, 191.0) 
Voter 44: ID 463; Choice (2141.0, 1356.0, 2183.0, 1889.0, 193.0, 1905.0, 2121.0, 191.0) 
Voter 45: ID 408; Choice (2141.0, 1356.0, 2183.0, 192.0, 193.0, 1347.0, 2121.0, 191.0) 
Voter 46: ID 629; Choice (2141.0, 2183.0, 192.0, 193.0, 1905.0, 2092.0, 2121.0, 191.0) 
Voter 47: ID 101; Choice (2141.0, 2183.0, 1889.0, 193.0, 1347.0, 1905.0, 2121.0, 191.0) 
Voter 48: ID 164; Choice (2141.0, 1356.0, 2183.0, 1889.0, 193.0, 1905.0, 2121.0, 191.0) 
Voter 49: ID 313; Choice (1356.0, 2183.0, 433.0, 192.0, 193.0, 1347.0, 1905.0, 2092.0, 2121.0, 191.0) 
Voter 50: ID 689; Choice (433.0, 192.0, 1889.0, 193.0, 1347.0, 2121.0, 191.0) 
---------------------------------------------------------------------------
After Iteration 4 :
Voter 1: ID 422; Choice (1356.0, 433.0, 192.0, 1889.0, 193.0, 1347.0, 1905.0, 191.0) 
Voter 2: ID 448; Choice (1356.0, 2183.0, 192.0, 1889.0, 193.0, 1905.0, 2092.0, 191.0, 1347.0) 
Voter 3: ID 426; Choice (1356.0, 433.0, 192.0, 1889.0, 193.0, 1347.0, 1905.0, 191.0) 
Voter 4: ID 546; Choice (1356.0, 433.0, 192.0, 1889.0, 193.0, 1347.0, 1905.0, 191.0) 
Voter 5: ID 63; Choice (1356.0, 2183.0, 433.0, 192.0, 193.0, 1347.0, 1905.0, 2092.0, 2121.0, 191.0) 
Voter 6: ID 30; Choice (2141.0, 2183.0, 1889.0, 193.0, 1347.0, 1905.0, 2121.0, 191.0) 
Voter 7: ID 219; Choice (2141.0, 2183.0, 1889.0, 193.0, 1347.0, 1905.0, 2121.0, 191.0) 
Voter 8: ID 498; Choice (2141.0, 1356.0, 2183.0, 1889.0, 193.0, 1905.0, 2121.0, 191.0) 
Voter 9: ID 33; Choice (1356.0, 2183.0, 192.0, 1889.0, 193.0, 1905.0, 2092.0, 191.0, 1347.0) 
Voter 10: ID 74; Choice (2141.0, 1356.0, 2183.0, 1889.0, 1347.0, 2121.0) 
Voter 11: ID 599; Choice (1356.0, 2183.0, 433.0, 192.0, 1889.0, 1347.0, 2092.0) 
Voter 12: ID 124; Choice (2141.0, 2183.0, 192.0, 193.0, 1905.0, 2092.0, 2121.0, 191.0) 
Voter 13: ID 262; Choice (2141.0, 2183.0, 1889.0, 193.0, 1347.0, 1905.0, 2121.0, 191.0) 
Voter 14: ID 451; Choice (1356.0, 433.0, 192.0, 1889.0, 193.0, 1347.0, 1905.0, 191.0) 
Voter 15: ID 247; Choice (1356.0, 2183.0, 192.0, 1889.0, 193.0, 1905.0, 2092.0, 191.0, 1347.0) 
Voter 16: ID 31; Choice (1356.0, 2183.0, 192.0, 1889.0, 193.0, 1905.0, 2092.0, 191.0, 1347.0) 
Voter 17: ID 322; Choice (1356.0, 433.0, 192.0, 1889.0, 193.0, 1347.0, 1905.0, 191.0) 
Voter 18: ID 117; Choice (2141.0, 2183.0, 1889.0, 193.0, 1347.0, 1905.0, 2121.0, 191.0) 
Voter 19: ID 728; Choice (2141.0, 2183.0, 192.0, 193.0, 1905.0, 2092.0, 2121.0, 191.0) 
Voter 20: ID 658; Choice (1356.0, 2183.0, 192.0, 1889.0, 193.0, 1905.0, 2092.0, 191.0) 
Voter 21: ID 622; Choice (1356.0, 2183.0, 192.0, 1889.0, 193.0, 1905.0, 2092.0, 191.0, 1347.0) 
Voter 22: ID 685; Choice (2141.0, 2183.0, 192.0, 193.0, 1905.0, 2092.0, 2121.0, 191.0) 
Voter 23: ID 125; Choice (2141.0, 2183.0, 1889.0, 193.0, 1347.0, 1905.0, 2121.0, 191.0) 
Voter 24: ID 490; Choice (1356.0, 2183.0, 192.0, 1889.0, 193.0, 1905.0, 2092.0, 191.0, 1347.0) 
Voter 25: ID 279; Choice (1356.0, 2183.0, 192.0, 1889.0, 193.0, 1905.0, 2092.0, 191.0) 
Voter 26: ID 69; Choice (1356.0, 433.0, 192.0, 1889.0, 193.0, 1347.0, 1905.0, 191.0) 
Voter 27: ID 417; Choice (2141.0, 2183.0, 1889.0, 193.0, 1347.0, 1905.0, 2121.0, 191.0) 
Voter 28: ID 723; Choice (1356.0, 433.0, 192.0, 1889.0, 193.0, 1347.0, 1905.0, 191.0) 
Voter 29: ID 277; Choice (2141.0, 2183.0, 1889.0, 193.0, 1347.0, 1905.0, 2121.0, 191.0) 
Voter 30: ID 156; Choice (1356.0, 2183.0, 192.0, 1889.0, 193.0, 1905.0, 2092.0, 191.0, 1347.0) 
Voter 31: ID 479; Choice (1356.0, 433.0, 192.0, 1889.0, 193.0, 1347.0, 1905.0, 191.0) 
Voter 32: ID 642; Choice (1356.0, 2183.0, 192.0, 1889.0, 193.0, 1905.0, 2092.0, 191.0) 
Voter 33: ID 516; Choice (1356.0, 433.0, 192.0, 1889.0, 193.0, 1347.0, 1905.0, 191.0) 
Voter 34: ID 603; Choice (2141.0, 2183.0, 1889.0, 193.0, 1347.0, 1905.0, 2121.0, 191.0) 
Voter 35: ID 294; Choice (2141.0, 2183.0, 192.0, 193.0, 1905.0, 2092.0, 2121.0, 191.0) 
Voter 36: ID 81; Choice (1356.0, 2183.0, 192.0, 1889.0, 193.0, 1905.0, 2092.0, 191.0, 1347.0) 
Voter 37: ID 604; Choice (1356.0, 433.0, 192.0, 1889.0, 193.0, 1347.0, 1905.0, 191.0) 
Voter 38: ID 96; Choice (1356.0, 2183.0, 192.0, 1889.0, 193.0, 1905.0, 2092.0, 191.0, 1347.0) 
Voter 39: ID 668; Choice (1356.0, 2183.0, 192.0, 1889.0, 193.0, 1905.0, 2092.0, 191.0, 1347.0) 
Voter 40: ID 75; Choice (1356.0, 2183.0, 192.0, 1889.0, 193.0, 1905.0, 2092.0, 191.0, 1347.0) 
Voter 41: ID 258; Choice (1356.0, 433.0, 192.0, 1889.0, 193.0, 1347.0, 1905.0, 191.0) 
Voter 42: ID 332; Choice (1356.0, 433.0, 192.0, 1889.0, 193.0, 1347.0, 1905.0, 191.0) 
Voter 43: ID 575; Choice (1356.0, 2183.0, 192.0, 1889.0, 193.0, 1905.0, 2092.0, 191.0, 1347.0) 
Voter 44: ID 463; Choice (1356.0, 2183.0, 192.0, 1889.0, 193.0, 1905.0, 2092.0, 191.0, 1347.0) 
Voter 45: ID 408; Choice (1356.0, 433.0, 192.0, 1889.0, 193.0, 1347.0, 1905.0, 191.0) 
Voter 46: ID 629; Choice (1356.0, 2183.0, 192.0, 1889.0, 193.0, 1905.0, 2092.0, 191.0) 
Voter 47: ID 101; Choice (1356.0, 2183.0, 192.0, 1889.0, 193.0, 1905.0, 2092.0, 191.0, 1347.0) 
Voter 48: ID 164; Choice (1356.0, 2183.0, 192.0, 1889.0, 193.0, 1905.0, 2092.0, 191.0) 
Voter 49: ID 313; Choice (1356.0, 433.0, 192.0, 1889.0, 193.0, 1347.0, 1905.0, 191.0) 
Voter 50: ID 689; Choice (1356.0, 433.0, 192.0, 1889.0, 193.0, 1347.0, 1905.0, 191.0) 
---------------------------------------------------------------------------
After Iteration 5 :
Voter 1: ID 422; Choice (2141.0, 1356.0, 192.0, 1889.0, 193.0, 1347.0, 1905.0, 2092.0, 191.0) 
Voter 2: ID 448; Choice (2141.0, 1356.0, 192.0, 1889.0, 193.0, 1347.0, 1905.0, 2092.0, 191.0) 
Voter 3: ID 426; Choice (1356.0, 433.0, 192.0, 1889.0, 193.0, 1347.0, 1905.0, 191.0) 
Voter 4: ID 546; Choice (2141.0, 2183.0, 1889.0, 193.0, 1347.0, 1905.0, 2121.0, 191.0) 
Voter 5: ID 63; Choice (1211.0, 2141.0, 2183.0, 192.0, 1889.0, 193.0, 1905.0) 
Voter 6: ID 30; Choice (2141.0, 1356.0, 192.0, 1889.0, 193.0, 1347.0, 1905.0, 2092.0, 191.0) 
Voter 7: ID 219; Choice (1356.0, 2183.0, 192.0, 1889.0, 193.0, 1905.0, 2092.0, 191.0, 1347.0) 
Voter 8: ID 498; Choice (1356.0, 2183.0, 192.0, 1889.0, 193.0, 1905.0, 2092.0, 191.0) 
Voter 9: ID 33; Choice (2183.0, 1889.0, 1347.0, 1905.0, 2092.0, 2121.0, 191.0) 
Voter 10: ID 74; Choice (1356.0, 433.0, 192.0, 1889.0, 193.0, 1347.0, 1905.0, 191.0) 
Voter 11: ID 599; Choice (2141.0, 2183.0, 192.0, 193.0, 1905.0, 2092.0, 2121.0, 191.0) 
Voter 12: ID 124; Choice (1356.0, 2183.0, 192.0, 1889.0, 193.0, 1905.0, 2092.0, 191.0, 1347.0) 
Voter 13: ID 262; Choice (2141.0, 1356.0, 192.0, 1889.0, 193.0, 1347.0, 1905.0, 2092.0, 191.0) 
Voter 14: ID 451; Choice (2141.0, 1356.0, 192.0, 1889.0, 193.0, 1347.0, 1905.0, 2092.0, 191.0) 
Voter 15: ID 247; Choice (2141.0, 2183.0, 192.0, 193.0, 1905.0, 2092.0, 2121.0, 191.0) 
Voter 16: ID 31; Choice (1356.0, 2183.0, 192.0, 1889.0, 193.0, 1905.0, 2092.0, 191.0, 1347.0) 
Voter 17: ID 322; Choice (2141.0, 1356.0, 192.0, 1889.0, 193.0, 1347.0, 1905.0, 2092.0, 191.0) 
Voter 18: ID 117; Choice (2141.0, 2183.0, 192.0, 193.0, 1905.0, 2092.0, 2121.0, 191.0) 
Voter 19: ID 728; Choice (2141.0, 1356.0, 192.0, 1889.0, 193.0, 1347.0, 1905.0, 2092.0, 191.0) 
Voter 20: ID 658; Choice (2141.0, 1356.0, 192.0, 1889.0, 193.0, 1347.0, 1905.0, 2092.0, 191.0) 
Voter 21: ID 622; Choice (1356.0, 2183.0, 192.0, 1889.0, 193.0, 1905.0, 2092.0, 191.0, 1347.0) 
Voter 22: ID 685; Choice (1356.0, 2183.0, 192.0, 1889.0, 193.0, 1905.0, 2092.0, 191.0) 
Voter 23: ID 125; Choice (2183.0, 1889.0, 1347.0, 1905.0, 2092.0, 2121.0, 191.0) 
Voter 24: ID 490; Choice (1356.0, 2183.0, 192.0, 1889.0, 193.0, 1905.0, 2092.0, 191.0, 1347.0) 
Voter 25: ID 279; Choice (2141.0, 2183.0, 192.0, 193.0, 1905.0, 2092.0, 2121.0, 191.0) 
Voter 26: ID 69; Choice (2141.0, 2183.0, 192.0, 1889.0, 1905.0, 191.0) 
Voter 27: ID 417; Choice (2183.0, 1889.0, 1347.0, 1905.0, 2092.0, 2121.0, 191.0) 
Voter 28: ID 723; Choice (2141.0, 2183.0, 192.0, 193.0, 1905.0, 2092.0, 2121.0, 191.0) 
Voter 29: ID 277; Choice (2141.0, 2183.0, 1889.0, 193.0, 1347.0, 1905.0, 2121.0, 191.0) 
Voter 30: ID 156; Choice (2183.0, 1889.0, 1347.0, 1905.0, 2092.0, 2121.0, 191.0) 
Voter 31: ID 479; Choice (2183.0, 1889.0, 1347.0, 1905.0, 2092.0, 2121.0, 191.0) 
Voter 32: ID 642; Choice (1356.0, 2183.0, 192.0, 1889.0, 193.0, 1905.0, 2092.0, 191.0) 
Voter 33: ID 516; Choice (1356.0, 2183.0, 192.0, 1889.0, 193.0, 1905.0, 2092.0, 191.0, 1347.0) 
Voter 34: ID 603; Choice (2141.0, 2183.0, 1889.0, 193.0, 1347.0, 1905.0, 2121.0, 191.0) 
Voter 35: ID 294; Choice (2141.0, 1356.0, 192.0, 1889.0, 193.0, 1347.0, 1905.0, 2092.0, 191.0) 
Voter 36: ID 81; Choice (1356.0, 2183.0, 192.0, 1889.0, 193.0, 1905.0, 2092.0, 191.0, 1347.0) 
Voter 37: ID 604; Choice (1356.0, 2183.0, 192.0, 1889.0, 193.0, 1905.0, 2092.0, 191.0, 1347.0) 
Voter 38: ID 96; Choice (1356.0, 2183.0, 192.0, 1889.0, 193.0, 1905.0, 2092.0, 191.0, 1347.0) 
Voter 39: ID 668; Choice (2141.0, 1356.0, 192.0, 1889.0, 193.0, 1347.0, 1905.0, 2092.0, 191.0) 
Voter 40: ID 75; Choice (2141.0, 1356.0, 192.0, 1889.0, 193.0, 1347.0, 1905.0, 2092.0, 191.0) 
Voter 41: ID 258; Choice (2141.0, 1356.0, 192.0, 1889.0, 193.0, 1347.0, 1905.0, 2092.0, 191.0) 
Voter 42: ID 332; Choice (1356.0, 433.0, 192.0, 1889.0, 193.0, 1347.0, 1905.0, 191.0) 
Voter 43: ID 575; Choice (2141.0, 1356.0, 192.0, 1889.0, 193.0, 1347.0, 1905.0, 2092.0, 191.0) 
Voter 44: ID 463; Choice (1356.0, 2183.0, 192.0, 1889.0, 193.0, 1905.0, 2092.0, 191.0, 1347.0) 
Voter 45: ID 408; Choice (1356.0, 2183.0, 192.0, 1889.0, 193.0, 1905.0, 2092.0, 191.0, 1347.0) 
Voter 46: ID 629; Choice (2183.0, 1889.0, 1347.0, 1905.0, 2092.0, 2121.0, 191.0) 
Voter 47: ID 101; Choice (2141.0, 2183.0, 1889.0, 193.0, 1347.0, 1905.0, 2121.0, 191.0) 
Voter 48: ID 164; Choice (2183.0, 1889.0, 1347.0, 1905.0, 2092.0, 2121.0, 191.0) 
Voter 49: ID 313; Choice (1356.0, 2183.0, 192.0, 1889.0, 193.0, 1905.0, 2092.0, 191.0, 1347.0) 
Voter 50: ID 689; Choice (2141.0, 1356.0, 192.0, 1889.0, 193.0, 1347.0, 1905.0, 2092.0, 191.0) 
---------------------------------------------------------------------------
After Iteration 6 :
Voter 1: ID 422; Choice (1356.0, 433.0, 192.0, 1889.0, 193.0, 1347.0, 1905.0, 191.0) 
Voter 2: ID 448; Choice (1356.0, 2183.0, 192.0, 1889.0, 193.0, 1905.0, 2092.0, 191.0, 1347.0) 
Voter 3: ID 426; Choice (1356.0, 433.0, 192.0, 1889.0, 193.0, 1347.0, 1905.0, 191.0) 
Voter 4: ID 546; Choice (1356.0, 433.0, 192.0, 1889.0, 193.0, 1347.0, 1905.0, 191.0) 
Voter 5: ID 63; Choice (2183.0, 1889.0, 1347.0, 1905.0, 2092.0, 2121.0, 191.0) 
Voter 6: ID 30; Choice (1356.0, 2183.0, 192.0, 1889.0, 193.0, 1905.0, 2092.0, 191.0, 1347.0) 
Voter 7: ID 219; Choice (2141.0, 2183.0, 1889.0, 193.0, 1347.0, 1905.0, 2121.0, 191.0) 
Voter 8: ID 498; Choice (1356.0, 2183.0, 192.0, 1889.0, 193.0, 1905.0, 2092.0, 191.0) 
Voter 9: ID 33; Choice (1356.0, 2183.0, 192.0, 1889.0, 193.0, 1905.0, 2092.0, 191.0, 1347.0) 
Voter 10: ID 74; Choice (1356.0, 433.0, 192.0, 1889.0, 193.0, 1347.0, 1905.0, 191.0) 
Voter 11: ID 599; Choice (1356.0, 2183.0, 433.0, 192.0, 1889.0, 1347.0, 2092.0) 
Voter 12: ID 124; Choice (2141.0, 2183.0, 192.0, 193.0, 1905.0, 2092.0, 2121.0, 191.0) 
Voter 13: ID 262; Choice (2141.0, 1356.0, 192.0, 1889.0, 193.0, 1347.0, 1905.0, 2092.0, 191.0) 
Voter 14: ID 451; Choice (1356.0, 433.0, 192.0, 1889.0, 193.0, 1347.0, 1905.0, 191.0) 
Voter 15: ID 247; Choice (1356.0, 2183.0, 192.0, 1889.0, 193.0, 1905.0, 2092.0, 191.0, 1347.0) 
Voter 16: ID 31; Choice (1356.0, 2183.0, 192.0, 1889.0, 193.0, 1905.0, 2092.0, 191.0, 1347.0) 
Voter 17: ID 322; Choice (1356.0, 433.0, 192.0, 1889.0, 193.0, 1347.0, 1905.0, 191.0) 
Voter 18: ID 117; Choice (2141.0, 2183.0, 1889.0, 193.0, 1347.0, 1905.0, 2121.0, 191.0) 
Voter 19: ID 728; Choice (2141.0, 1356.0, 192.0, 1889.0, 193.0, 1347.0, 1905.0, 2092.0, 191.0) 
Voter 20: ID 658; Choice (2183.0, 1889.0, 1347.0, 1905.0, 2092.0, 2121.0, 191.0) 
Voter 21: ID 622; Choice (1356.0, 2183.0, 192.0, 1889.0, 193.0, 1905.0, 2092.0, 191.0, 1347.0) 
Voter 22: ID 685; Choice (2141.0, 2183.0, 192.0, 193.0, 1905.0, 2092.0, 2121.0, 191.0) 
Voter 23: ID 125; Choice (1356.0, 2183.0, 192.0, 1889.0, 193.0, 1905.0, 2092.0, 191.0, 1347.0) 
Voter 24: ID 490; Choice (1356.0, 2183.0, 192.0, 1889.0, 193.0, 1905.0, 2092.0, 191.0, 1347.0) 
Voter 25: ID 279; Choice (2141.0, 2183.0, 192.0, 193.0, 1905.0, 2092.0, 2121.0, 191.0) 
Voter 26: ID 69; Choice (1356.0, 433.0, 192.0, 1889.0, 193.0, 1347.0, 1905.0, 191.0) 
Voter 27: ID 417; Choice (1356.0, 2183.0, 192.0, 1889.0, 193.0, 1905.0, 2092.0, 191.0) 
Voter 28: ID 723; Choice (2141.0, 2183.0, 192.0, 193.0, 1905.0, 2092.0, 2121.0, 191.0) 
Voter 29: ID 277; Choice (2141.0, 2183.0, 1889.0, 193.0, 1347.0, 1905.0, 2121.0, 191.0) 
Voter 30: ID 156; Choice (1356.0, 2183.0, 192.0, 1889.0, 193.0, 1905.0, 2092.0, 191.0, 1347.0) 
Voter 31: ID 479; Choice (1356.0, 2183.0, 192.0, 1889.0, 193.0, 1905.0, 2092.0, 191.0, 1347.0) 
Voter 32: ID 642; Choice (1356.0, 2183.0, 192.0, 1889.0, 193.0, 1905.0, 2092.0, 191.0) 
Voter 33: ID 516; Choice (1356.0, 2183.0, 192.0, 1889.0, 193.0, 1905.0, 2092.0, 191.0, 1347.0) 
Voter 34: ID 603; Choice (2141.0, 2183.0, 1889.0, 193.0, 1347.0, 1905.0, 2121.0, 191.0) 
Voter 35: ID 294; Choice (2141.0, 1356.0, 192.0, 1889.0, 193.0, 1347.0, 1905.0, 2092.0, 191.0) 
Voter 36: ID 81; Choice (1356.0, 2183.0, 192.0, 1889.0, 193.0, 1905.0, 2092.0, 191.0, 1347.0) 
Voter 37: ID 604; Choice (1356.0, 433.0, 192.0, 1889.0, 193.0, 1347.0, 1905.0, 191.0) 
Voter 38: ID 96; Choice (1356.0, 2183.0, 192.0, 1889.0, 193.0, 1905.0, 2092.0, 191.0, 1347.0) 
Voter 39: ID 668; Choice (1356.0, 2183.0, 192.0, 1889.0, 193.0, 1905.0, 2092.0, 191.0, 1347.0) 
Voter 40: ID 75; Choice (1356.0, 2183.0, 192.0, 1889.0, 193.0, 1905.0, 2092.0, 191.0, 1347.0) 
Voter 41: ID 258; Choice (1356.0, 433.0, 192.0, 1889.0, 193.0, 1347.0, 1905.0, 191.0) 
Voter 42: ID 332; Choice (2141.0, 2183.0, 192.0, 193.0, 1905.0, 2092.0, 2121.0, 191.0) 
Voter 43: ID 575; Choice (1356.0, 2183.0, 192.0, 1889.0, 193.0, 1905.0, 2092.0, 191.0, 1347.0) 
Voter 44: ID 463; Choice (2183.0, 1889.0, 1347.0, 1905.0, 2092.0, 2121.0, 191.0) 
Voter 45: ID 408; Choice (1356.0, 2183.0, 192.0, 1889.0, 193.0, 1905.0, 2092.0, 191.0, 1347.0) 
Voter 46: ID 629; Choice (2183.0, 1889.0, 1347.0, 1905.0, 2092.0, 2121.0, 191.0) 
Voter 47: ID 101; Choice (1356.0, 2183.0, 192.0, 1889.0, 193.0, 1905.0, 2092.0, 191.0, 1347.0) 
Voter 48: ID 164; Choice (1356.0, 2183.0, 192.0, 1889.0, 193.0, 1905.0, 2092.0, 191.0, 1347.0) 
Voter 49: ID 313; Choice (1356.0, 433.0, 192.0, 1889.0, 193.0, 1347.0, 1905.0, 191.0) 
Voter 50: ID 689; Choice (1356.0, 433.0, 192.0, 1889.0, 193.0, 1347.0, 1905.0, 191.0) 
---------------------------------------------------------------------------
After Iteration 7 :
Voter 1: ID 422; Choice (1356.0, 2183.0, 192.0, 1889.0, 193.0, 1905.0, 2092.0, 191.0, 1347.0) 
Voter 2: ID 448; Choice (2141.0, 1356.0, 192.0, 1889.0, 193.0, 1347.0, 1905.0, 2092.0, 191.0) 
Voter 3: ID 426; Choice (1356.0, 433.0, 192.0, 1889.0, 193.0, 1347.0, 1905.0, 191.0) 
Voter 4: ID 546; Choice (1356.0, 2183.0, 192.0, 1889.0, 193.0, 1905.0, 2092.0, 191.0, 1347.0) 
Voter 5: ID 63; Choice (2183.0, 1889.0, 1347.0, 1905.0, 2092.0, 2121.0, 191.0) 
Voter 6: ID 30; Choice (1356.0, 2183.0, 192.0, 1889.0, 193.0, 1905.0, 2092.0, 191.0, 1347.0) 
Voter 7: ID 219; Choice (1356.0, 2183.0, 192.0, 1889.0, 193.0, 1905.0, 2092.0, 191.0, 1347.0) 
Voter 8: ID 498; Choice (1356.0, 2183.0, 192.0, 1889.0, 193.0, 1905.0, 2092.0, 191.0) 
Voter 9: ID 33; Choice (1356.0, 2183.0, 192.0, 1889.0, 193.0, 1905.0, 2092.0, 191.0, 1347.0) 
Voter 10: ID 74; Choice (1356.0, 2183.0, 192.0, 1889.0, 193.0, 1905.0, 2092.0, 191.0, 1347.0) 
Voter 11: ID 599; Choice (1356.0, 2183.0, 192.0, 1889.0, 193.0, 1905.0, 2092.0, 191.0, 1347.0) 
Voter 12: ID 124; Choice (1356.0, 2183.0, 192.0, 1889.0, 193.0, 1905.0, 2092.0, 191.0, 1347.0) 
Voter 13: ID 262; Choice (2141.0, 1356.0, 192.0, 1889.0, 193.0, 1347.0, 1905.0, 2092.0, 191.0) 
Voter 14: ID 451; Choice (1356.0, 433.0, 192.0, 1889.0, 193.0, 1347.0, 1905.0, 191.0) 
Voter 15: ID 247; Choice (1356.0, 2183.0, 192.0, 1889.0, 193.0, 1905.0, 2092.0, 191.0, 1347.0) 
Voter 16: ID 31; Choice (1356.0, 2183.0, 192.0, 1889.0, 193.0, 1905.0, 2092.0, 191.0, 1347.0) 
Voter 17: ID 322; Choice (1356.0, 433.0, 192.0, 1889.0, 193.0, 1347.0, 1905.0, 191.0) 
Voter 18: ID 117; Choice (2141.0, 2183.0, 192.0, 193.0, 1905.0, 2092.0, 2121.0, 191.0) 
Voter 19: ID 728; Choice (2141.0, 1356.0, 192.0, 1889.0, 193.0, 1347.0, 1905.0, 2092.0, 191.0) 
Voter 20: ID 658; Choice (1356.0, 2183.0, 192.0, 1889.0, 193.0, 1905.0, 2092.0, 191.0, 1347.0) 
Voter 21: ID 622; Choice (1356.0, 2183.0, 192.0, 1889.0, 193.0, 1905.0, 2092.0, 191.0, 1347.0) 
Voter 22: ID 685; Choice (1356.0, 2183.0, 192.0, 1889.0, 193.0, 1905.0, 2092.0, 191.0) 
Voter 23: ID 125; Choice (1356.0, 2183.0, 192.0, 1889.0, 193.0, 1905.0, 2092.0, 191.0, 1347.0) 
Voter 24: ID 490; Choice (1356.0, 2183.0, 192.0, 1889.0, 193.0, 1905.0, 2092.0, 191.0, 1347.0) 
Voter 25: ID 279; Choice (1356.0, 2183.0, 192.0, 1889.0, 193.0, 1905.0, 2092.0, 191.0) 
Voter 26: ID 69; Choice (1356.0, 433.0, 192.0, 1889.0, 193.0, 1347.0, 1905.0, 191.0) 
Voter 27: ID 417; Choice (2183.0, 1889.0, 1347.0, 1905.0, 2092.0, 2121.0, 191.0) 
Voter 28: ID 723; Choice (1356.0, 2183.0, 192.0, 1889.0, 193.0, 1905.0, 2092.0, 191.0, 1347.0) 
Voter 29: ID 277; Choice (1356.0, 2183.0, 192.0, 1889.0, 193.0, 1905.0, 2092.0, 191.0, 1347.0) 
Voter 30: ID 156; Choice (1356.0, 2183.0, 192.0, 1889.0, 193.0, 1905.0, 2092.0, 191.0, 1347.0) 
Voter 31: ID 479; Choice (2183.0, 1889.0, 1347.0, 1905.0, 2092.0, 2121.0, 191.0) 
Voter 32: ID 642; Choice (1356.0, 2183.0, 192.0, 1889.0, 193.0, 1905.0, 2092.0, 191.0) 
Voter 33: ID 516; Choice (1356.0, 2183.0, 192.0, 1889.0, 193.0, 1905.0, 2092.0, 191.0, 1347.0) 
Voter 34: ID 603; Choice (1356.0, 2183.0, 192.0, 1889.0, 193.0, 1905.0, 2092.0, 191.0, 1347.0) 
Voter 35: ID 294; Choice (2141.0, 2183.0, 192.0, 193.0, 1905.0, 2092.0, 2121.0, 191.0) 
Voter 36: ID 81; Choice (1356.0, 2183.0, 192.0, 1889.0, 193.0, 1905.0, 2092.0, 191.0, 1347.0) 
Voter 37: ID 604; Choice (1356.0, 2183.0, 192.0, 1889.0, 193.0, 1905.0, 2092.0, 191.0, 1347.0) 
Voter 38: ID 96; Choice (1356.0, 2183.0, 192.0, 1889.0, 193.0, 1905.0, 2092.0, 191.0, 1347.0) 
Voter 39: ID 668; Choice (2141.0, 1356.0, 192.0, 1889.0, 193.0, 1347.0, 1905.0, 2092.0, 191.0) 
Voter 40: ID 75; Choice (1356.0, 2183.0, 192.0, 1889.0, 193.0, 1905.0, 2092.0, 191.0, 1347.0) 
Voter 41: ID 258; Choice (1356.0, 433.0, 192.0, 1889.0, 193.0, 1347.0, 1905.0, 191.0) 
Voter 42: ID 332; Choice (1356.0, 433.0, 192.0, 1889.0, 193.0, 1347.0, 1905.0, 191.0) 
Voter 43: ID 575; Choice (1356.0, 2183.0, 192.0, 1889.0, 193.0, 1905.0, 2092.0, 191.0, 1347.0) 
Voter 44: ID 463; Choice (1356.0, 2183.0, 192.0, 1889.0, 193.0, 1905.0, 2092.0, 191.0, 1347.0) 
Voter 45: ID 408; Choice (1356.0, 2183.0, 192.0, 1889.0, 193.0, 1905.0, 2092.0, 191.0, 1347.0) 
Voter 46: ID 629; Choice (1356.0, 2183.0, 192.0, 1889.0, 193.0, 1905.0, 2092.0, 191.0, 1347.0) 
Voter 47: ID 101; Choice (1356.0, 2183.0, 192.0, 1889.0, 193.0, 1905.0, 2092.0, 191.0, 1347.0) 
Voter 48: ID 164; Choice (1356.0, 2183.0, 192.0, 1889.0, 193.0, 1905.0, 2092.0, 191.0, 1347.0) 
Voter 49: ID 313; Choice (1356.0, 2183.0, 192.0, 1889.0, 193.0, 1905.0, 2092.0, 191.0, 1347.0) 
Voter 50: ID 689; Choice (2141.0, 1356.0, 192.0, 1889.0, 193.0, 1347.0, 1905.0, 2092.0, 191.0) 
---------------------------------------------------------------------------
After Iteration 8 :
Voter 1: ID 422; Choice (1356.0, 2183.0, 192.0, 1889.0, 193.0, 1905.0, 2092.0, 191.0, 1347.0) 
Voter 2: ID 448; Choice (1356.0, 2183.0, 192.0, 1889.0, 193.0, 1905.0, 2092.0, 191.0, 1347.0) 
Voter 3: ID 426; Choice (1356.0, 2183.0, 192.0, 1889.0, 193.0, 1905.0, 2092.0, 191.0, 1347.0) 
Voter 4: ID 546; Choice (2183.0, 1889.0, 1347.0, 1905.0, 2092.0, 2121.0, 191.0) 
Voter 5: ID 63; Choice (1356.0, 433.0, 192.0, 1889.0, 193.0, 1347.0, 1905.0, 191.0) 
Voter 6: ID 30; Choice (2141.0, 1356.0, 192.0, 1889.0, 193.0, 1347.0, 1905.0, 2092.0, 191.0) 
Voter 7: ID 219; Choice (1356.0, 2183.0, 192.0, 1889.0, 193.0, 1905.0, 2092.0, 191.0, 1347.0) 
Voter 8: ID 498; Choice (2141.0, 1356.0, 192.0, 1889.0, 193.0, 1347.0, 1905.0, 2092.0, 191.0) 
Voter 9: ID 33; Choice (1356.0, 2183.0, 192.0, 1889.0, 193.0, 1905.0, 2092.0, 191.0, 1347.0) 
Voter 10: ID 74; Choice (1356.0, 2183.0, 192.0, 1889.0, 193.0, 1905.0, 2092.0, 191.0, 1347.0) 
Voter 11: ID 599; Choice (2141.0, 1356.0, 192.0, 1889.0, 193.0, 1347.0, 1905.0, 2092.0, 191.0) 
Voter 12: ID 124; Choice (2141.0, 1356.0, 192.0, 1889.0, 193.0, 1347.0, 1905.0, 2092.0, 191.0) 
Voter 13: ID 262; Choice (2141.0, 1356.0, 192.0, 1889.0, 193.0, 1347.0, 1905.0, 2092.0, 191.0) 
Voter 14: ID 451; Choice (2141.0, 1356.0, 192.0, 1889.0, 193.0, 1347.0, 1905.0, 2092.0, 191.0) 
Voter 15: ID 247; Choice (1356.0, 2183.0, 192.0, 1889.0, 193.0, 1905.0, 2092.0, 191.0, 1347.0) 
Voter 16: ID 31; Choice (2141.0, 1356.0, 192.0, 1889.0, 193.0, 1347.0, 1905.0, 2092.0, 191.0) 
Voter 17: ID 322; Choice (2141.0, 1356.0, 192.0, 1889.0, 193.0, 1347.0, 1905.0, 2092.0, 191.0) 
Voter 18: ID 117; Choice (1356.0, 433.0, 192.0, 1889.0, 193.0, 1347.0, 1905.0, 191.0) 
Voter 19: ID 728; Choice (1356.0, 2183.0, 192.0, 1889.0, 193.0, 1905.0, 2092.0, 191.0, 1347.0) 
Voter 20: ID 658; Choice (2183.0, 1889.0, 1347.0, 1905.0, 2092.0, 2121.0, 191.0) 
Voter 21: ID 622; Choice (1356.0, 433.0, 192.0, 1889.0, 193.0, 1347.0, 1905.0, 191.0) 
Voter 22: ID 685; Choice (2141.0, 2183.0, 192.0, 193.0, 1905.0, 2092.0, 2121.0, 191.0) 
Voter 23: ID 125; Choice (1356.0, 2183.0, 192.0, 1889.0, 193.0, 1905.0, 2092.0, 191.0, 1347.0) 
Voter 24: ID 490; Choice (1356.0, 2183.0, 192.0, 1889.0, 193.0, 1905.0, 2092.0, 191.0, 1347.0) 
Voter 25: ID 279; Choice (1356.0, 433.0, 192.0, 1889.0, 193.0, 1347.0, 1905.0, 191.0) 
Voter 26: ID 69; Choice (2141.0, 1356.0, 192.0, 1889.0, 193.0, 1347.0, 1905.0, 2092.0, 191.0) 
Voter 27: ID 417; Choice (1356.0, 2183.0, 192.0, 1889.0, 193.0, 1905.0, 2092.0, 191.0) 
Voter 28: ID 723; Choice (2141.0, 2183.0, 192.0, 193.0, 1905.0, 2092.0, 2121.0, 191.0) 
Voter 29: ID 277; Choice (2141.0, 1356.0, 192.0, 1889.0, 193.0, 1347.0, 1905.0, 2092.0, 191.0) 
Voter 30: ID 156; Choice (1356.0, 2183.0, 192.0, 1889.0, 193.0, 1905.0, 2092.0, 191.0, 1347.0) 
Voter 31: ID 479; Choice (1356.0, 2183.0, 192.0, 1889.0, 193.0, 1905.0, 2092.0, 191.0, 1347.0) 
Voter 32: ID 642; Choice (1356.0, 2183.0, 192.0, 1889.0, 193.0, 1905.0, 2092.0, 191.0) 
Voter 33: ID 516; Choice (1356.0, 2183.0, 192.0, 1889.0, 193.0, 1905.0, 2092.0, 191.0, 1347.0) 
Voter 34: ID 603; Choice (2141.0, 2183.0, 1889.0, 193.0, 1347.0, 1905.0, 2121.0, 191.0) 
Voter 35: ID 294; Choice (2141.0, 1356.0, 192.0, 1889.0, 193.0, 1347.0, 1905.0, 2092.0, 191.0) 
Voter 36: ID 81; Choice (1356.0, 2183.0, 192.0, 1889.0, 193.0, 1905.0, 2092.0, 191.0, 1347.0) 
Voter 37: ID 604; Choice (1356.0, 2183.0, 192.0, 1889.0, 193.0, 1905.0, 2092.0, 191.0, 1347.0) 
Voter 38: ID 96; Choice (1356.0, 2183.0, 192.0, 1889.0, 193.0, 1905.0, 2092.0, 191.0, 1347.0) 
Voter 39: ID 668; Choice (1356.0, 2183.0, 192.0, 1889.0, 193.0, 1905.0, 2092.0, 191.0, 1347.0) 
Voter 40: ID 75; Choice (1356.0, 2183.0, 192.0, 1889.0, 193.0, 1905.0, 2092.0, 191.0, 1347.0) 
Voter 41: ID 258; Choice (1356.0, 433.0, 192.0, 1889.0, 193.0, 1347.0, 1905.0, 191.0) 
Voter 42: ID 332; Choice (1356.0, 433.0, 192.0, 1889.0, 193.0, 1347.0, 1905.0, 191.0) 
Voter 43: ID 575; Choice (1356.0, 2183.0, 192.0, 1889.0, 193.0, 1905.0, 2092.0, 191.0, 1347.0) 
Voter 44: ID 463; Choice (2141.0, 1356.0, 192.0, 1889.0, 193.0, 1347.0, 1905.0, 2092.0, 191.0) 
Voter 45: ID 408; Choice (1356.0, 2183.0, 192.0, 1889.0, 193.0, 1905.0, 2092.0, 191.0, 1347.0) 
Voter 46: ID 629; Choice (2183.0, 1889.0, 1347.0, 1905.0, 2092.0, 2121.0, 191.0) 
Voter 47: ID 101; Choice (1356.0, 2183.0, 192.0, 1889.0, 193.0, 1905.0, 2092.0, 191.0, 1347.0) 
Voter 48: ID 164; Choice (2183.0, 1889.0, 1347.0, 1905.0, 2092.0, 2121.0, 191.0) 
Voter 49: ID 313; Choice (1356.0, 2183.0, 192.0, 1889.0, 193.0, 1905.0, 2092.0, 191.0, 1347.0) 
Voter 50: ID 689; Choice (2141.0, 1356.0, 192.0, 1889.0, 193.0, 1347.0, 1905.0, 2092.0, 191.0) 
---------------------------------------------------------------------------
After Iteration 9 :
Voter 1: ID 422; Choice (1356.0, 2183.0, 192.0, 1889.0, 193.0, 1905.0, 2092.0, 191.0, 1347.0) 
Voter 2: ID 448; Choice (2141.0, 1356.0, 2183.0, 1889.0, 193.0, 1905.0, 2121.0, 191.0) 
Voter 3: ID 426; Choice (2141.0, 1356.0, 2183.0, 1889.0, 193.0, 1905.0, 2121.0, 191.0) 
Voter 4: ID 546; Choice (1356.0, 2183.0, 192.0, 1889.0, 193.0, 1905.0, 2092.0, 191.0, 1347.0) 
Voter 5: ID 63; Choice (2183.0, 1889.0, 1347.0, 1905.0, 2092.0, 2121.0, 191.0) 
Voter 6: ID 30; Choice (1356.0, 2183.0, 192.0, 1889.0, 193.0, 1905.0, 2092.0, 191.0, 1347.0) 
Voter 7: ID 219; Choice (2141.0, 1356.0, 2183.0, 1889.0, 193.0, 1905.0, 2121.0, 191.0) 
Voter 8: ID 498; Choice (1356.0, 2183.0, 192.0, 1889.0, 193.0, 1905.0, 2092.0, 191.0) 
Voter 9: ID 33; Choice (2141.0, 1356.0, 2183.0, 1889.0, 193.0, 1905.0, 2121.0, 191.0) 
Voter 10: ID 74; Choice (1356.0, 2183.0, 192.0, 1889.0, 193.0, 1905.0, 2092.0, 191.0, 1347.0) 
Voter 11: ID 599; Choice (1356.0, 2183.0, 192.0, 1889.0, 193.0, 1905.0, 2092.0, 191.0, 1347.0) 
Voter 12: ID 124; Choice (1356.0, 2183.0, 192.0, 1889.0, 193.0, 1905.0, 2092.0, 191.0, 1347.0) 
Voter 13: ID 262; Choice (2141.0, 1356.0, 2183.0, 1889.0, 193.0, 1905.0, 2121.0, 191.0) 
Voter 14: ID 451; Choice (1356.0, 2183.0, 192.0, 1889.0, 193.0, 1905.0, 2092.0, 191.0, 1347.0) 
Voter 15: ID 247; Choice (1356.0, 2183.0, 192.0, 1889.0, 193.0, 1905.0, 2092.0, 191.0, 1347.0) 
Voter 16: ID 31; Choice (1356.0, 2183.0, 192.0, 1889.0, 193.0, 1905.0, 2092.0, 191.0, 1347.0) 
Voter 17: ID 322; Choice (1356.0, 433.0, 192.0, 1889.0, 193.0, 1347.0, 1905.0, 191.0) 
Voter 18: ID 117; Choice (2183.0, 1889.0, 1347.0, 1905.0, 2092.0, 2121.0, 191.0) 
Voter 19: ID 728; Choice (2141.0, 1356.0, 192.0, 1889.0, 193.0, 1347.0, 1905.0, 2092.0, 191.0) 
Voter 20: ID 658; Choice (1356.0, 2183.0, 192.0, 1889.0, 193.0, 1905.0, 2092.0, 191.0, 1347.0) 
Voter 21: ID 622; Choice (1356.0, 2183.0, 192.0, 1889.0, 193.0, 1905.0, 2092.0, 191.0, 1347.0) 
Voter 22: ID 685; Choice (1356.0, 2183.0, 192.0, 1889.0, 193.0, 1905.0, 2092.0, 191.0) 
Voter 23: ID 125; Choice (1356.0, 2183.0, 192.0, 1889.0, 193.0, 1905.0, 2092.0, 191.0, 1347.0) 
Voter 24: ID 490; Choice (1356.0, 2183.0, 192.0, 1889.0, 193.0, 1905.0, 2092.0, 191.0, 1347.0) 
Voter 25: ID 279; Choice (2141.0, 2183.0, 192.0, 193.0, 1905.0, 2092.0, 2121.0, 191.0) 
Voter 26: ID 69; Choice (2183.0, 1889.0, 1347.0, 1905.0, 2092.0, 2121.0, 191.0) 
Voter 27: ID 417; Choice (1356.0, 433.0, 192.0, 1889.0, 193.0, 1347.0, 1905.0, 191.0) 
Voter 28: ID 723; Choice (1356.0, 2183.0, 192.0, 1889.0, 193.0, 1905.0, 2092.0, 191.0, 1347.0) 
Voter 29: ID 277; Choice (2141.0, 1356.0, 192.0, 1889.0, 193.0, 1347.0, 1905.0, 2092.0, 191.0) 
Voter 30: ID 156; Choice (2141.0, 1356.0, 2183.0, 1889.0, 193.0, 1905.0, 2121.0, 191.0) 
Voter 31: ID 479; Choice (2183.0, 1889.0, 1347.0, 1905.0, 2092.0, 2121.0, 191.0) 
Voter 32: ID 642; Choice (1356.0, 2183.0, 192.0, 1889.0, 193.0, 1905.0, 2092.0, 191.0, 1347.0) 
Voter 33: ID 516; Choice (1356.0, 2183.0, 192.0, 1889.0, 193.0, 1905.0, 2092.0, 191.0, 1347.0) 
Voter 34: ID 603; Choice (1356.0, 2183.0, 192.0, 1889.0, 193.0, 1905.0, 2092.0, 191.0, 1347.0) 
Voter 35: ID 294; Choice (2141.0, 1356.0, 2183.0, 1889.0, 193.0, 1905.0, 2121.0, 191.0) 
Voter 36: ID 81; Choice (2183.0, 1889.0, 1347.0, 1905.0, 2092.0, 2121.0, 191.0) 
Voter 37: ID 604; Choice (1356.0, 2183.0, 192.0, 1889.0, 193.0, 1905.0, 2092.0, 191.0, 1347.0) 
Voter 38: ID 96; Choice (2183.0, 1889.0, 1347.0, 1905.0, 2092.0, 2121.0, 191.0) 
Voter 39: ID 668; Choice (1356.0, 2183.0, 192.0, 1889.0, 193.0, 1905.0, 2092.0, 191.0, 1347.0) 
Voter 40: ID 75; Choice (1356.0, 2183.0, 192.0, 1889.0, 193.0, 1905.0, 2092.0, 191.0, 1347.0) 
Voter 41: ID 258; Choice (2183.0, 1889.0, 1347.0, 1905.0, 2092.0, 2121.0, 191.0) 
Voter 42: ID 332; Choice (1356.0, 433.0, 192.0, 1889.0, 193.0, 1347.0, 1905.0, 191.0) 
Voter 43: ID 575; Choice (1356.0, 2183.0, 192.0, 1889.0, 193.0, 1905.0, 2092.0, 191.0, 1347.0) 
Voter 44: ID 463; Choice (2141.0, 1356.0, 192.0, 1889.0, 193.0, 1347.0, 1905.0, 2092.0, 191.0) 
Voter 45: ID 408; Choice (1356.0, 2183.0, 192.0, 1889.0, 193.0, 1905.0, 2092.0, 191.0, 1347.0) 
Voter 46: ID 629; Choice (2183.0, 1889.0, 1347.0, 1905.0, 2092.0, 2121.0, 191.0) 
Voter 47: ID 101; Choice (1356.0, 2183.0, 192.0, 1889.0, 193.0, 1905.0, 2092.0, 191.0, 1347.0) 
Voter 48: ID 164; Choice (1356.0, 2183.0, 192.0, 1889.0, 193.0, 1905.0, 2092.0, 191.0, 1347.0) 
Voter 49: ID 313; Choice (1356.0, 2183.0, 192.0, 1889.0, 193.0, 1905.0, 2092.0, 191.0, 1347.0) 
Voter 50: ID 689; Choice (1356.0, 2183.0, 192.0, 1889.0, 193.0, 1905.0, 2092.0, 191.0, 1347.0) 
---------------------------------------------------------------------------
After Iteration 10 :
Voter 1: ID 422; Choice (1356.0, 2183.0, 192.0, 1889.0, 193.0, 1905.0, 2092.0, 191.0, 1347.0) 
Voter 2: ID 448; Choice (1356.0, 2183.0, 192.0, 1889.0, 193.0, 1905.0, 2092.0, 191.0, 1347.0) 
Voter 3: ID 426; Choice (1356.0, 2183.0, 192.0, 1889.0, 193.0, 1905.0, 2092.0, 191.0, 1347.0) 
Voter 4: ID 546; Choice (1356.0, 2183.0, 192.0, 1889.0, 193.0, 1905.0, 2092.0, 191.0, 1347.0) 
Voter 5: ID 63; Choice (2183.0, 1889.0, 1347.0, 1905.0, 2092.0, 2121.0, 191.0) 
Voter 6: ID 30; Choice (1356.0, 2183.0, 192.0, 1889.0, 193.0, 1905.0, 2092.0, 191.0, 1347.0) 
Voter 7: ID 219; Choice (1356.0, 2183.0, 192.0, 1889.0, 193.0, 1905.0, 2092.0, 191.0, 1347.0) 
Voter 8: ID 498; Choice (1356.0, 2183.0, 192.0, 1889.0, 193.0, 1905.0, 2092.0, 191.0, 1347.0) 
Voter 9: ID 33; Choice (1356.0, 2183.0, 192.0, 1889.0, 193.0, 1905.0, 2092.0, 191.0, 1347.0) 
Voter 10: ID 74; Choice (1356.0, 2183.0, 192.0, 1889.0, 193.0, 1905.0, 2092.0, 191.0, 1347.0) 
Voter 11: ID 599; Choice (1356.0, 2183.0, 192.0, 1889.0, 193.0, 1905.0, 2092.0, 191.0, 1347.0) 
Voter 12: ID 124; Choice (1356.0, 2183.0, 192.0, 1889.0, 193.0, 1905.0, 2092.0, 191.0, 1347.0) 
Voter 13: ID 262; Choice (2141.0, 1356.0, 192.0, 1889.0, 193.0, 1347.0, 1905.0, 2092.0, 191.0) 
Voter 14: ID 451; Choice (1356.0, 2183.0, 192.0, 1889.0, 193.0, 1905.0, 2092.0, 191.0, 1347.0) 
Voter 15: ID 247; Choice (1356.0, 2183.0, 192.0, 1889.0, 193.0, 1905.0, 2092.0, 191.0, 1347.0) 
Voter 16: ID 31; Choice (1356.0, 2183.0, 192.0, 1889.0, 193.0, 1905.0, 2092.0, 191.0, 1347.0) 
Voter 17: ID 322; Choice (1356.0, 433.0, 192.0, 1889.0, 193.0, 1347.0, 1905.0, 191.0) 
Voter 18: ID 117; Choice (1356.0, 433.0, 192.0, 1889.0, 193.0, 1347.0, 1905.0, 191.0) 
Voter 19: ID 728; Choice (1356.0, 2183.0, 192.0, 1889.0, 193.0, 1905.0, 2092.0, 191.0, 1347.0) 
Voter 20: ID 658; Choice (1356.0, 2183.0, 192.0, 1889.0, 193.0, 1905.0, 2092.0, 191.0, 1347.0) 
Voter 21: ID 622; Choice (1356.0, 433.0, 192.0, 1889.0, 193.0, 1347.0, 1905.0, 191.0) 
Voter 22: ID 685; Choice (2141.0, 2183.0, 192.0, 193.0, 1905.0, 2092.0, 2121.0, 191.0) 
Voter 23: ID 125; Choice (1356.0, 2183.0, 192.0, 1889.0, 193.0, 1905.0, 2092.0, 191.0, 1347.0) 
Voter 24: ID 490; Choice (1356.0, 2183.0, 192.0, 1889.0, 193.0, 1905.0, 2092.0, 191.0, 1347.0) 
Voter 25: ID 279; Choice (1356.0, 433.0, 192.0, 1889.0, 193.0, 1347.0, 1905.0, 191.0) 
Voter 26: ID 69; Choice (1356.0, 2183.0, 192.0, 1889.0, 193.0, 1905.0, 2092.0, 191.0, 1347.0) 
Voter 27: ID 417; Choice (1356.0, 2183.0, 192.0, 1889.0, 193.0, 1905.0, 2092.0, 191.0) 
Voter 28: ID 723; Choice (1356.0, 2183.0, 192.0, 1889.0, 193.0, 1905.0, 2092.0, 191.0, 1347.0) 
Voter 29: ID 277; Choice (2141.0, 1356.0, 192.0, 1889.0, 193.0, 1347.0, 1905.0, 2092.0, 191.0) 
Voter 30: ID 156; Choice (1356.0, 2183.0, 192.0, 1889.0, 193.0, 1905.0, 2092.0, 191.0, 1347.0) 
Voter 31: ID 479; Choice (1356.0, 2183.0, 192.0, 1889.0, 193.0, 1905.0, 2092.0, 191.0, 1347.0) 
Voter 32: ID 642; Choice (1356.0, 2183.0, 192.0, 1889.0, 193.0, 1905.0, 2092.0, 191.0, 1347.0) 
Voter 33: ID 516; Choice (1356.0, 2183.0, 192.0, 1889.0, 193.0, 1905.0, 2092.0, 191.0, 1347.0) 
Voter 34: ID 603; Choice (1356.0, 2183.0, 192.0, 1889.0, 193.0, 1905.0, 2092.0, 191.0, 1347.0) 
Voter 35: ID 294; Choice (2141.0, 1356.0, 192.0, 1889.0, 193.0, 1347.0, 1905.0, 2092.0, 191.0) 
Voter 36: ID 81; Choice (1356.0, 2183.0, 192.0, 1889.0, 193.0, 1905.0, 2092.0, 191.0, 1347.0) 
Voter 37: ID 604; Choice (1356.0, 2183.0, 192.0, 1889.0, 193.0, 1905.0, 2092.0, 191.0, 1347.0) 
Voter 38: ID 96; Choice (1356.0, 2183.0, 192.0, 1889.0, 193.0, 1905.0, 2092.0, 191.0, 1347.0) 
Voter 39: ID 668; Choice (1211.0, 2141.0, 1356.0, 2183.0, 192.0, 193.0) 
Voter 40: ID 75; Choice (1356.0, 2183.0, 192.0, 1889.0, 193.0, 1905.0, 2092.0, 191.0, 1347.0) 
Voter 41: ID 258; Choice (2183.0, 1889.0, 1347.0, 1905.0, 2092.0, 2121.0, 191.0) 
Voter 42: ID 332; Choice (1356.0, 433.0, 192.0, 1889.0, 193.0, 1347.0, 1905.0, 191.0) 
Voter 43: ID 575; Choice (1356.0, 2183.0, 192.0, 1889.0, 193.0, 1905.0, 2092.0, 191.0, 1347.0) 
Voter 44: ID 463; Choice (1356.0, 2183.0, 192.0, 1889.0, 193.0, 1905.0, 2092.0, 191.0, 1347.0) 
Voter 45: ID 408; Choice (1356.0, 2183.0, 192.0, 1889.0, 193.0, 1905.0, 2092.0, 191.0, 1347.0) 
Voter 46: ID 629; Choice (1356.0, 2183.0, 192.0, 1889.0, 193.0, 1905.0, 2092.0, 191.0, 1347.0) 
Voter 47: ID 101; Choice (1356.0, 2183.0, 192.0, 1889.0, 193.0, 1905.0, 2092.0, 191.0, 1347.0) 
Voter 48: ID 164; Choice (1356.0, 2183.0, 192.0, 1889.0, 193.0, 1905.0, 2092.0, 191.0, 1347.0) 
Voter 49: ID 313; Choice (1356.0, 2183.0, 192.0, 1889.0, 193.0, 1905.0, 2092.0, 191.0, 1347.0) 
Voter 50: ID 689; Choice (2141.0, 1356.0, 192.0, 1889.0, 193.0, 1347.0, 1905.0, 2092.0, 191.0) 
---------------------------------------------------------------------------
After Iteration 11 :
Voter 1: ID 422; Choice (1356.0, 2183.0, 192.0, 1889.0, 193.0, 1905.0, 2092.0, 191.0, 1347.0) 
Voter 2: ID 448; Choice (1356.0, 2183.0, 192.0, 1889.0, 193.0, 1905.0, 2092.0, 191.0, 1347.0) 
Voter 3: ID 426; Choice (1356.0, 2183.0, 192.0, 1889.0, 193.0, 1905.0, 2092.0, 191.0, 1347.0) 
Voter 4: ID 546; Choice (1356.0, 2183.0, 192.0, 1889.0, 193.0, 1905.0, 2092.0, 191.0, 1347.0) 
Voter 5: ID 63; Choice (2183.0, 1889.0, 1347.0, 1905.0, 2092.0, 2121.0, 191.0) 
Voter 6: ID 30; Choice (1356.0, 2183.0, 192.0, 1889.0, 193.0, 1905.0, 2092.0, 191.0, 1347.0) 
Voter 7: ID 219; Choice (1356.0, 2183.0, 192.0, 1889.0, 193.0, 1905.0, 2092.0, 191.0, 1347.0) 
Voter 8: ID 498; Choice (1356.0, 2183.0, 192.0, 1889.0, 193.0, 1905.0, 2092.0, 191.0, 1347.0) 
Voter 9: ID 33; Choice (1356.0, 2183.0, 192.0, 1889.0, 193.0, 1905.0, 2092.0, 191.0, 1347.0) 
Voter 10: ID 74; Choice (1356.0, 2183.0, 192.0, 1889.0, 193.0, 1905.0, 2092.0, 191.0, 1347.0) 
Voter 11: ID 599; Choice (1356.0, 2183.0, 192.0, 1889.0, 193.0, 1905.0, 2092.0, 191.0, 1347.0) 
Voter 12: ID 124; Choice (1356.0, 2183.0, 192.0, 1889.0, 193.0, 1905.0, 2092.0, 191.0, 1347.0) 
Voter 13: ID 262; Choice (2141.0, 1356.0, 192.0, 1889.0, 193.0, 1347.0, 1905.0, 2092.0, 191.0) 
Voter 14: ID 451; Choice (1356.0, 2183.0, 192.0, 1889.0, 193.0, 1905.0, 2092.0, 191.0, 1347.0) 
Voter 15: ID 247; Choice (1356.0, 2183.0, 192.0, 1889.0, 193.0, 1905.0, 2092.0, 191.0, 1347.0) 
Voter 16: ID 31; Choice (1356.0, 2183.0, 192.0, 1889.0, 193.0, 1905.0, 2092.0, 191.0, 1347.0) 
Voter 17: ID 322; Choice (1356.0, 433.0, 192.0, 1889.0, 193.0, 1347.0, 1905.0, 191.0) 
Voter 18: ID 117; Choice (2183.0, 1889.0, 1347.0, 1905.0, 2092.0, 2121.0, 191.0) 
Voter 19: ID 728; Choice (2141.0, 1356.0, 192.0, 1889.0, 193.0, 1347.0, 1905.0, 2092.0, 191.0) 
Voter 20: ID 658; Choice (1356.0, 2183.0, 192.0, 1889.0, 193.0, 1905.0, 2092.0, 191.0, 1347.0) 
Voter 21: ID 622; Choice (1356.0, 2183.0, 192.0, 1889.0, 193.0, 1905.0, 2092.0, 191.0, 1347.0) 
Voter 22: ID 685; Choice (1356.0, 2183.0, 192.0, 1889.0, 193.0, 1905.0, 2092.0, 191.0) 
Voter 23: ID 125; Choice (1356.0, 2183.0, 192.0, 1889.0, 193.0, 1905.0, 2092.0, 191.0, 1347.0) 
Voter 24: ID 490; Choice (1356.0, 2183.0, 192.0, 1889.0, 193.0, 1905.0, 2092.0, 191.0, 1347.0) 
Voter 25: ID 279; Choice (2141.0, 2183.0, 192.0, 193.0, 1905.0, 2092.0, 2121.0, 191.0) 
Voter 26: ID 69; Choice (1356.0, 2183.0, 192.0, 1889.0, 193.0, 1905.0, 2092.0, 191.0, 1347.0) 
Voter 27: ID 417; Choice (1356.0, 433.0, 192.0, 1889.0, 193.0, 1347.0, 1905.0, 191.0) 
Voter 28: ID 723; Choice (1356.0, 2183.0, 192.0, 1889.0, 193.0, 1905.0, 2092.0, 191.0, 1347.0) 
Voter 29: ID 277; Choice (2141.0, 1356.0, 192.0, 1889.0, 193.0, 1347.0, 1905.0, 2092.0, 191.0) 
Voter 30: ID 156; Choice (1356.0, 2183.0, 192.0, 1889.0, 193.0, 1905.0, 2092.0, 191.0, 1347.0) 
Voter 31: ID 479; Choice (1356.0, 2183.0, 192.0, 1889.0, 193.0, 1905.0, 2092.0, 191.0, 1347.0) 
Voter 32: ID 642; Choice (1356.0, 2183.0, 192.0, 1889.0, 193.0, 1905.0, 2092.0, 191.0, 1347.0) 
Voter 33: ID 516; Choice (1356.0, 2183.0, 192.0, 1889.0, 193.0, 1905.0, 2092.0, 191.0, 1347.0) 
Voter 34: ID 603; Choice (1356.0, 2183.0, 192.0, 1889.0, 193.0, 1905.0, 2092.0, 191.0, 1347.0) 
Voter 35: ID 294; Choice (2141.0, 1356.0, 192.0, 1889.0, 193.0, 1347.0, 1905.0, 2092.0, 191.0) 
Voter 36: ID 81; Choice (1356.0, 2183.0, 192.0, 1889.0, 193.0, 1905.0, 2092.0, 191.0, 1347.0) 
Voter 37: ID 604; Choice (1356.0, 2183.0, 192.0, 1889.0, 193.0, 1905.0, 2092.0, 191.0, 1347.0) 
Voter 38: ID 96; Choice (1356.0, 2183.0, 192.0, 1889.0, 193.0, 1905.0, 2092.0, 191.0, 1347.0) 
Voter 39: ID 668; Choice (1356.0, 2183.0, 192.0, 1889.0, 193.0, 1905.0, 2092.0, 191.0, 1347.0) 
Voter 40: ID 75; Choice (1356.0, 2183.0, 192.0, 1889.0, 193.0, 1905.0, 2092.0, 191.0, 1347.0) 
Voter 41: ID 258; Choice (1356.0, 2183.0, 192.0, 1889.0, 193.0, 1905.0, 2092.0, 191.0, 1347.0) 
Voter 42: ID 332; Choice (2141.0, 2183.0, 192.0, 193.0, 1905.0, 2092.0, 2121.0, 191.0) 
Voter 43: ID 575; Choice (1356.0, 2183.0, 192.0, 1889.0, 193.0, 1905.0, 2092.0, 191.0, 1347.0) 
Voter 44: ID 463; Choice (1356.0, 2183.0, 192.0, 1889.0, 193.0, 1905.0, 2092.0, 191.0, 1347.0) 
Voter 45: ID 408; Choice (1356.0, 2183.0, 192.0, 1889.0, 193.0, 1905.0, 2092.0, 191.0, 1347.0) 
Voter 46: ID 629; Choice (1356.0, 2183.0, 192.0, 1889.0, 193.0, 1905.0, 2092.0, 191.0, 1347.0) 
Voter 47: ID 101; Choice (1356.0, 2183.0, 192.0, 1889.0, 193.0, 1905.0, 2092.0, 191.0, 1347.0) 
Voter 48: ID 164; Choice (1356.0, 2183.0, 192.0, 1889.0, 193.0, 1905.0, 2092.0, 191.0, 1347.0) 
Voter 49: ID 313; Choice (1356.0, 2183.0, 192.0, 1889.0, 193.0, 1905.0, 2092.0, 191.0, 1347.0) 
Voter 50: ID 689; Choice (1356.0, 2183.0, 192.0, 1889.0, 193.0, 1905.0, 2092.0, 191.0, 1347.0) 
---------------------------------------------------------------------------
After Iteration 12 :
Voter 1: ID 422; Choice (1356.0, 2183.0, 192.0, 1889.0, 193.0, 1905.0, 2092.0, 191.0, 1347.0) 
Voter 2: ID 448; Choice (1356.0, 2183.0, 192.0, 1889.0, 193.0, 1905.0, 2092.0, 191.0, 1347.0) 
Voter 3: ID 426; Choice (1356.0, 2183.0, 192.0, 1889.0, 193.0, 1905.0, 2092.0, 191.0, 1347.0) 
Voter 4: ID 546; Choice (1356.0, 2183.0, 192.0, 1889.0, 193.0, 1905.0, 2092.0, 191.0, 1347.0) 
Voter 5: ID 63; Choice (2183.0, 1889.0, 1347.0, 1905.0, 2092.0, 2121.0, 191.0) 
Voter 6: ID 30; Choice (1356.0, 2183.0, 192.0, 1889.0, 193.0, 1905.0, 2092.0, 191.0, 1347.0) 
Voter 7: ID 219; Choice (1356.0, 2183.0, 192.0, 1889.0, 193.0, 1905.0, 2092.0, 191.0, 1347.0) 
Voter 8: ID 498; Choice (1356.0, 2183.0, 192.0, 1889.0, 193.0, 1905.0, 2092.0, 191.0, 1347.0) 
Voter 9: ID 33; Choice (1356.0, 2183.0, 192.0, 1889.0, 193.0, 1905.0, 2092.0, 191.0, 1347.0) 
Voter 10: ID 74; Choice (1356.0, 2183.0, 192.0, 1889.0, 193.0, 1905.0, 2092.0, 191.0, 1347.0) 
Voter 11: ID 599; Choice (1356.0, 2183.0, 192.0, 1889.0, 193.0, 1905.0, 2092.0, 191.0, 1347.0) 
Voter 12: ID 124; Choice (1356.0, 2183.0, 192.0, 1889.0, 193.0, 1905.0, 2092.0, 191.0, 1347.0) 
Voter 13: ID 262; Choice (1356.0, 2183.0, 192.0, 1889.0, 193.0, 1905.0, 2092.0, 191.0) 
Voter 14: ID 451; Choice (1356.0, 2183.0, 192.0, 1889.0, 193.0, 1905.0, 2092.0, 191.0, 1347.0) 
Voter 15: ID 247; Choice (1356.0, 2183.0, 192.0, 1889.0, 193.0, 1905.0, 2092.0, 191.0, 1347.0) 
Voter 16: ID 31; Choice (1356.0, 2183.0, 192.0, 1889.0, 193.0, 1905.0, 2092.0, 191.0, 1347.0) 
Voter 17: ID 322; Choice (1356.0, 433.0, 192.0, 1889.0, 193.0, 1347.0, 1905.0, 191.0) 
Voter 18: ID 117; Choice (1356.0, 433.0, 192.0, 1889.0, 193.0, 1347.0, 1905.0, 191.0) 
Voter 19: ID 728; Choice (1356.0, 2183.0, 192.0, 1889.0, 193.0, 1905.0, 2092.0, 191.0, 1347.0) 
Voter 20: ID 658; Choice (1356.0, 2183.0, 192.0, 1889.0, 193.0, 1905.0, 2092.0, 191.0, 1347.0) 
Voter 21: ID 622; Choice (1356.0, 2183.0, 192.0, 1889.0, 193.0, 1905.0, 2092.0, 191.0, 1347.0) 
Voter 22: ID 685; Choice (1356.0, 2183.0, 192.0, 1889.0, 193.0, 1905.0, 2092.0, 191.0) 
Voter 23: ID 125; Choice (1356.0, 2183.0, 192.0, 1889.0, 193.0, 1905.0, 2092.0, 191.0, 1347.0) 
Voter 24: ID 490; Choice (1356.0, 2183.0, 192.0, 1889.0, 193.0, 1905.0, 2092.0, 191.0, 1347.0) 
Voter 25: ID 279; Choice (2141.0, 2183.0, 192.0, 193.0, 1905.0, 2092.0, 2121.0, 191.0) 
Voter 26: ID 69; Choice (1356.0, 2183.0, 192.0, 1889.0, 193.0, 1905.0, 2092.0, 191.0, 1347.0) 
Voter 27: ID 417; Choice (1356.0, 2183.0, 192.0, 1889.0, 193.0, 1905.0, 2092.0, 191.0) 
Voter 28: ID 723; Choice (1356.0, 2183.0, 192.0, 1889.0, 193.0, 1905.0, 2092.0, 191.0, 1347.0) 
Voter 29: ID 277; Choice (2141.0, 1356.0, 192.0, 1889.0, 193.0, 1347.0, 1905.0, 2092.0, 191.0) 
Voter 30: ID 156; Choice (1356.0, 2183.0, 192.0, 1889.0, 193.0, 1905.0, 2092.0, 191.0, 1347.0) 
Voter 31: ID 479; Choice (1356.0, 2183.0, 192.0, 1889.0, 193.0, 1905.0, 2092.0, 191.0, 1347.0) 
Voter 32: ID 642; Choice (1356.0, 2183.0, 192.0, 1889.0, 193.0, 1905.0, 2092.0, 191.0, 1347.0) 
Voter 33: ID 516; Choice (1356.0, 2183.0, 192.0, 1889.0, 193.0, 1905.0, 2092.0, 191.0, 1347.0) 
Voter 34: ID 603; Choice (1356.0, 2183.0, 192.0, 1889.0, 193.0, 1905.0, 2092.0, 191.0, 1347.0) 
Voter 35: ID 294; Choice (2183.0, 1889.0, 1347.0, 1905.0, 2092.0, 2121.0, 191.0) 
Voter 36: ID 81; Choice (1356.0, 2183.0, 192.0, 1889.0, 193.0, 1905.0, 2092.0, 191.0, 1347.0) 
Voter 37: ID 604; Choice (1356.0, 2183.0, 192.0, 1889.0, 193.0, 1905.0, 2092.0, 191.0, 1347.0) 
Voter 38: ID 96; Choice (1356.0, 2183.0, 192.0, 1889.0, 193.0, 1905.0, 2092.0, 191.0, 1347.0) 
Voter 39: ID 668; Choice (1356.0, 2183.0, 192.0, 1889.0, 193.0, 1905.0, 2092.0, 191.0, 1347.0) 
Voter 40: ID 75; Choice (1356.0, 2183.0, 192.0, 1889.0, 193.0, 1905.0, 2092.0, 191.0, 1347.0) 
Voter 41: ID 258; Choice (1356.0, 2183.0, 192.0, 1889.0, 193.0, 1905.0, 2092.0, 191.0, 1347.0) 
Voter 42: ID 332; Choice (2141.0, 2183.0, 192.0, 193.0, 1905.0, 2092.0, 2121.0, 191.0) 
Voter 43: ID 575; Choice (1356.0, 2183.0, 192.0, 1889.0, 193.0, 1905.0, 2092.0, 191.0, 1347.0) 
Voter 44: ID 463; Choice (1356.0, 2183.0, 192.0, 1889.0, 193.0, 1905.0, 2092.0, 191.0, 1347.0) 
Voter 45: ID 408; Choice (1356.0, 2183.0, 192.0, 1889.0, 193.0, 1905.0, 2092.0, 191.0, 1347.0) 
Voter 46: ID 629; Choice (1356.0, 2183.0, 192.0, 1889.0, 193.0, 1905.0, 2092.0, 191.0, 1347.0) 
Voter 47: ID 101; Choice (1356.0, 2183.0, 192.0, 1889.0, 193.0, 1905.0, 2092.0, 191.0, 1347.0) 
Voter 48: ID 164; Choice (1356.0, 2183.0, 192.0, 1889.0, 193.0, 1905.0, 2092.0, 191.0, 1347.0) 
Voter 49: ID 313; Choice (1356.0, 2183.0, 192.0, 1889.0, 193.0, 1905.0, 2092.0, 191.0, 1347.0) 
Voter 50: ID 689; Choice (1356.0, 2183.0, 192.0, 1889.0, 193.0, 1905.0, 2092.0, 191.0, 1347.0) 
---------------------------------------------------------------------------
After Iteration 13 :
Voter 1: ID 422; Choice (1356.0, 2183.0, 192.0, 1889.0, 193.0, 1905.0, 2092.0, 191.0, 1347.0) 
Voter 2: ID 448; Choice (1356.0, 2183.0, 192.0, 1889.0, 193.0, 1905.0, 2092.0, 191.0, 1347.0) 
Voter 3: ID 426; Choice (1356.0, 2183.0, 192.0, 1889.0, 193.0, 1905.0, 2092.0, 191.0, 1347.0) 
Voter 4: ID 546; Choice (1356.0, 2183.0, 192.0, 1889.0, 193.0, 1905.0, 2092.0, 191.0, 1347.0) 
Voter 5: ID 63; Choice (1356.0, 2183.0, 192.0, 1889.0, 193.0, 1905.0, 2092.0, 191.0, 1347.0) 
Voter 6: ID 30; Choice (1356.0, 2183.0, 192.0, 1889.0, 193.0, 1905.0, 2092.0, 191.0, 1347.0) 
Voter 7: ID 219; Choice (1356.0, 2183.0, 192.0, 1889.0, 193.0, 1905.0, 2092.0, 191.0, 1347.0) 
Voter 8: ID 498; Choice (1356.0, 2183.0, 192.0, 1889.0, 193.0, 1905.0, 2092.0, 191.0, 1347.0) 
Voter 9: ID 33; Choice (1356.0, 2183.0, 192.0, 1889.0, 193.0, 1905.0, 2092.0, 191.0, 1347.0) 
Voter 10: ID 74; Choice (1356.0, 2183.0, 192.0, 1889.0, 193.0, 1905.0, 2092.0, 191.0, 1347.0) 
Voter 11: ID 599; Choice (1356.0, 2183.0, 192.0, 1889.0, 193.0, 1905.0, 2092.0, 191.0, 1347.0) 
Voter 12: ID 124; Choice (1356.0, 2183.0, 192.0, 1889.0, 193.0, 1905.0, 2092.0, 191.0, 1347.0) 
Voter 13: ID 262; Choice (1356.0, 2183.0, 192.0, 1889.0, 193.0, 1905.0, 2092.0, 191.0, 1347.0) 
Voter 14: ID 451; Choice (1356.0, 2183.0, 192.0, 1889.0, 193.0, 1905.0, 2092.0, 191.0, 1347.0) 
Voter 15: ID 247; Choice (1356.0, 2183.0, 192.0, 1889.0, 193.0, 1905.0, 2092.0, 191.0, 1347.0) 
Voter 16: ID 31; Choice (1356.0, 2183.0, 192.0, 1889.0, 193.0, 1905.0, 2092.0, 191.0, 1347.0) 
Voter 17: ID 322; Choice (1356.0, 433.0, 192.0, 1889.0, 193.0, 1347.0, 1905.0, 191.0) 
Voter 18: ID 117; Choice (2183.0, 1889.0, 1347.0, 1905.0, 2092.0, 2121.0, 191.0) 
Voter 19: ID 728; Choice (2141.0, 1356.0, 192.0, 1889.0, 193.0, 1347.0, 1905.0, 2092.0, 191.0) 
Voter 20: ID 658; Choice (1356.0, 2183.0, 192.0, 1889.0, 193.0, 1905.0, 2092.0, 191.0, 1347.0) 
Voter 21: ID 622; Choice (1356.0, 2183.0, 192.0, 1889.0, 193.0, 1905.0, 2092.0, 191.0, 1347.0) 
Voter 22: ID 685; Choice (1356.0, 2183.0, 192.0, 1889.0, 193.0, 1905.0, 2092.0, 191.0) 
Voter 23: ID 125; Choice (1356.0, 2183.0, 192.0, 1889.0, 193.0, 1905.0, 2092.0, 191.0, 1347.0) 
Voter 24: ID 490; Choice (1356.0, 2183.0, 192.0, 1889.0, 193.0, 1905.0, 2092.0, 191.0, 1347.0) 
Voter 25: ID 279; Choice (1356.0, 2183.0, 192.0, 1889.0, 193.0, 1905.0, 2092.0, 191.0, 1347.0) 
Voter 26: ID 69; Choice (1356.0, 2183.0, 192.0, 1889.0, 193.0, 1905.0, 2092.0, 191.0, 1347.0) 
Voter 27: ID 417; Choice (1356.0, 2183.0, 192.0, 1889.0, 193.0, 1905.0, 2092.0, 191.0) 
Voter 28: ID 723; Choice (1356.0, 2183.0, 192.0, 1889.0, 193.0, 1905.0, 2092.0, 191.0, 1347.0) 
Voter 29: ID 277; Choice (1356.0, 2183.0, 192.0, 1889.0, 193.0, 1905.0, 2092.0, 191.0, 1347.0) 
Voter 30: ID 156; Choice (1356.0, 2183.0, 192.0, 1889.0, 193.0, 1905.0, 2092.0, 191.0, 1347.0) 
Voter 31: ID 479; Choice (1356.0, 2183.0, 192.0, 1889.0, 193.0, 1905.0, 2092.0, 191.0, 1347.0) 
Voter 32: ID 642; Choice (1356.0, 2183.0, 192.0, 1889.0, 193.0, 1905.0, 2092.0, 191.0, 1347.0) 
Voter 33: ID 516; Choice (1356.0, 2183.0, 192.0, 1889.0, 193.0, 1905.0, 2092.0, 191.0, 1347.0) 
Voter 34: ID 603; Choice (1356.0, 2183.0, 192.0, 1889.0, 193.0, 1905.0, 2092.0, 191.0, 1347.0) 
Voter 35: ID 294; Choice (2141.0, 1356.0, 192.0, 1889.0, 193.0, 1347.0, 1905.0, 2092.0, 191.0) 
Voter 36: ID 81; Choice (1356.0, 2183.0, 192.0, 1889.0, 193.0, 1905.0, 2092.0, 191.0, 1347.0) 
Voter 37: ID 604; Choice (1356.0, 2183.0, 192.0, 1889.0, 193.0, 1905.0, 2092.0, 191.0, 1347.0) 
Voter 38: ID 96; Choice (1356.0, 2183.0, 192.0, 1889.0, 193.0, 1905.0, 2092.0, 191.0, 1347.0) 
Voter 39: ID 668; Choice (1356.0, 2183.0, 192.0, 1889.0, 193.0, 1905.0, 2092.0, 191.0, 1347.0) 
Voter 40: ID 75; Choice (1356.0, 2183.0, 192.0, 1889.0, 193.0, 1905.0, 2092.0, 191.0, 1347.0) 
Voter 41: ID 258; Choice (1356.0, 2183.0, 192.0, 1889.0, 193.0, 1905.0, 2092.0, 191.0, 1347.0) 
Voter 42: ID 332; Choice (1356.0, 2183.0, 192.0, 1889.0, 193.0, 1905.0, 2092.0, 191.0, 1347.0) 
Voter 43: ID 575; Choice (1356.0, 2183.0, 192.0, 1889.0, 193.0, 1905.0, 2092.0, 191.0, 1347.0) 
Voter 44: ID 463; Choice (1356.0, 2183.0, 192.0, 1889.0, 193.0, 1905.0, 2092.0, 191.0, 1347.0) 
Voter 45: ID 408; Choice (1356.0, 2183.0, 192.0, 1889.0, 193.0, 1905.0, 2092.0, 191.0, 1347.0) 
Voter 46: ID 629; Choice (1356.0, 2183.0, 192.0, 1889.0, 193.0, 1905.0, 2092.0, 191.0, 1347.0) 
Voter 47: ID 101; Choice (1356.0, 2183.0, 192.0, 1889.0, 193.0, 1905.0, 2092.0, 191.0, 1347.0) 
Voter 48: ID 164; Choice (1356.0, 2183.0, 192.0, 1889.0, 193.0, 1905.0, 2092.0, 191.0, 1347.0) 
Voter 49: ID 313; Choice (1356.0, 2183.0, 192.0, 1889.0, 193.0, 1905.0, 2092.0, 191.0, 1347.0) 
Voter 50: ID 689; Choice (1356.0, 2183.0, 192.0, 1889.0, 193.0, 1905.0, 2092.0, 191.0, 1347.0) 
---------------------------------------------------------------------------
After Iteration 14 :
Voter 1: ID 422; Choice (1356.0, 2183.0, 192.0, 1889.0, 193.0, 1905.0, 2092.0, 191.0, 1347.0) 
Voter 2: ID 448; Choice (1356.0, 2183.0, 192.0, 1889.0, 193.0, 1905.0, 2092.0, 191.0, 1347.0) 
Voter 3: ID 426; Choice (1356.0, 2183.0, 192.0, 1889.0, 193.0, 1905.0, 2092.0, 191.0, 1347.0) 
Voter 4: ID 546; Choice (1356.0, 2183.0, 192.0, 1889.0, 193.0, 1905.0, 2092.0, 191.0, 1347.0) 
Voter 5: ID 63; Choice (1356.0, 2183.0, 192.0, 1889.0, 193.0, 1905.0, 2092.0, 191.0, 1347.0) 
Voter 6: ID 30; Choice (1356.0, 2183.0, 192.0, 1889.0, 193.0, 1905.0, 2092.0, 191.0, 1347.0) 
Voter 7: ID 219; Choice (1356.0, 2183.0, 192.0, 1889.0, 193.0, 1905.0, 2092.0, 191.0, 1347.0) 
Voter 8: ID 498; Choice (1356.0, 2183.0, 433.0, 1889.0, 193.0, 1905.0, 2092.0, 191.0) 
Voter 9: ID 33; Choice (1356.0, 2183.0, 192.0, 1889.0, 193.0, 1905.0, 2092.0, 191.0, 1347.0) 
Voter 10: ID 74; Choice (1356.0, 2183.0, 192.0, 1889.0, 193.0, 1905.0, 2092.0, 191.0, 1347.0) 
Voter 11: ID 599; Choice (1356.0, 2183.0, 192.0, 1889.0, 193.0, 1905.0, 2092.0, 191.0, 1347.0) 
Voter 12: ID 124; Choice (1356.0, 2183.0, 192.0, 1889.0, 193.0, 1905.0, 2092.0, 191.0, 1347.0) 
Voter 13: ID 262; Choice (1356.0, 2183.0, 192.0, 1889.0, 193.0, 1905.0, 2092.0, 191.0, 1347.0) 
Voter 14: ID 451; Choice (1356.0, 2183.0, 192.0, 1889.0, 193.0, 1905.0, 2092.0, 191.0, 1347.0) 
Voter 15: ID 247; Choice (1356.0, 2183.0, 192.0, 1889.0, 193.0, 1905.0, 2092.0, 191.0, 1347.0) 
Voter 16: ID 31; Choice (1356.0, 2183.0, 192.0, 1889.0, 193.0, 1905.0, 2092.0, 191.0, 1347.0) 
Voter 17: ID 322; Choice (1356.0, 2183.0, 192.0, 1889.0, 193.0, 1905.0, 2092.0, 191.0) 
Voter 18: ID 117; Choice (2183.0, 1889.0, 1347.0, 1905.0, 2092.0, 2121.0, 191.0) 
Voter 19: ID 728; Choice (1356.0, 2183.0, 192.0, 1889.0, 193.0, 1905.0, 2092.0, 191.0, 1347.0) 
Voter 20: ID 658; Choice (1356.0, 2183.0, 192.0, 1889.0, 193.0, 1905.0, 2092.0, 191.0, 1347.0) 
Voter 21: ID 622; Choice (1356.0, 2183.0, 192.0, 1889.0, 193.0, 1905.0, 2092.0, 191.0, 1347.0) 
Voter 22: ID 685; Choice (2141.0, 2183.0, 192.0, 193.0, 1905.0, 2092.0, 2121.0, 191.0) 
Voter 23: ID 125; Choice (1356.0, 2183.0, 192.0, 1889.0, 193.0, 1905.0, 2092.0, 191.0, 1347.0) 
Voter 24: ID 490; Choice (1356.0, 2183.0, 192.0, 1889.0, 193.0, 1905.0, 2092.0, 191.0, 1347.0) 
Voter 25: ID 279; Choice (1356.0, 2183.0, 192.0, 1889.0, 193.0, 1905.0, 2092.0, 191.0, 1347.0) 
Voter 26: ID 69; Choice (1356.0, 2183.0, 192.0, 1889.0, 193.0, 1905.0, 2092.0, 191.0, 1347.0) 
Voter 27: ID 417; Choice (1356.0, 2183.0, 192.0, 1889.0, 193.0, 1905.0, 2092.0, 191.0) 
Voter 28: ID 723; Choice (1356.0, 2183.0, 192.0, 1889.0, 193.0, 1905.0, 2092.0, 191.0, 1347.0) 
Voter 29: ID 277; Choice (2141.0, 433.0, 1889.0, 1347.0, 2092.0, 2121.0, 191.0) 
Voter 30: ID 156; Choice (1356.0, 2183.0, 192.0, 1889.0, 193.0, 1905.0, 2092.0, 191.0, 1347.0) 
Voter 31: ID 479; Choice (1356.0, 2183.0, 192.0, 1889.0, 193.0, 1905.0, 2092.0, 191.0, 1347.0) 
Voter 32: ID 642; Choice (1356.0, 2183.0, 192.0, 1889.0, 193.0, 1905.0, 2092.0, 191.0, 1347.0) 
Voter 33: ID 516; Choice (1356.0, 2183.0, 192.0, 1889.0, 193.0, 1905.0, 2092.0, 191.0, 1347.0) 
Voter 34: ID 603; Choice (1356.0, 2183.0, 192.0, 1889.0, 193.0, 1905.0, 2092.0, 191.0, 1347.0) 
Voter 35: ID 294; Choice (1356.0, 2183.0, 192.0, 1889.0, 193.0, 1905.0, 2092.0, 191.0) 
Voter 36: ID 81; Choice (1356.0, 2183.0, 192.0, 1889.0, 193.0, 1905.0, 2092.0, 191.0, 1347.0) 
Voter 37: ID 604; Choice (1356.0, 2183.0, 192.0, 1889.0, 193.0, 1905.0, 2092.0, 191.0, 1347.0) 
Voter 38: ID 96; Choice (1356.0, 2183.0, 192.0, 1889.0, 193.0, 1905.0, 2092.0, 191.0, 1347.0) 
Voter 39: ID 668; Choice (1356.0, 2183.0, 192.0, 1889.0, 193.0, 1905.0, 2092.0, 191.0, 1347.0) 
Voter 40: ID 75; Choice (1356.0, 2183.0, 192.0, 1889.0, 193.0, 1905.0, 2092.0, 191.0, 1347.0) 
Voter 41: ID 258; Choice (1356.0, 2183.0, 192.0, 1889.0, 193.0, 1905.0, 2092.0, 191.0, 1347.0) 
Voter 42: ID 332; Choice (2141.0, 2183.0, 192.0, 193.0, 1905.0, 2092.0, 2121.0, 191.0) 
Voter 43: ID 575; Choice (1356.0, 2183.0, 192.0, 1889.0, 193.0, 1905.0, 2092.0, 191.0, 1347.0) 
Voter 44: ID 463; Choice (1356.0, 2183.0, 192.0, 1889.0, 193.0, 1905.0, 2092.0, 191.0, 1347.0) 
Voter 45: ID 408; Choice (1356.0, 2183.0, 192.0, 1889.0, 193.0, 1905.0, 2092.0, 191.0, 1347.0) 
Voter 46: ID 629; Choice (1356.0, 2183.0, 192.0, 1889.0, 193.0, 1905.0, 2092.0, 191.0, 1347.0) 
Voter 47: ID 101; Choice (1356.0, 2183.0, 192.0, 1889.0, 193.0, 1905.0, 2092.0, 191.0, 1347.0) 
Voter 48: ID 164; Choice (1356.0, 2183.0, 192.0, 1889.0, 193.0, 1905.0, 2092.0, 191.0, 1347.0) 
Voter 49: ID 313; Choice (1356.0, 2183.0, 192.0, 1889.0, 193.0, 1905.0, 2092.0, 191.0, 1347.0) 
Voter 50: ID 689; Choice (1356.0, 2183.0, 192.0, 1889.0, 193.0, 1905.0, 2092.0, 191.0, 1347.0) 
---------------------------------------------------------------------------
After Iteration 15 :
Voter 1: ID 422; Choice (1356.0, 2183.0, 192.0, 1889.0, 193.0, 1905.0, 2092.0, 191.0, 1347.0) 
Voter 2: ID 448; Choice (1356.0, 2183.0, 192.0, 1889.0, 193.0, 1905.0, 2092.0, 191.0, 1347.0) 
Voter 3: ID 426; Choice (1356.0, 2183.0, 192.0, 1889.0, 193.0, 1905.0, 2092.0, 191.0, 1347.0) 
Voter 4: ID 546; Choice (1356.0, 2183.0, 192.0, 1889.0, 193.0, 1905.0, 2092.0, 191.0, 1347.0) 
Voter 5: ID 63; Choice (1356.0, 2183.0, 192.0, 1889.0, 193.0, 1905.0, 2092.0, 191.0, 1347.0) 
Voter 6: ID 30; Choice (1356.0, 2183.0, 192.0, 1889.0, 193.0, 1905.0, 2092.0, 191.0, 1347.0) 
Voter 7: ID 219; Choice (1356.0, 2183.0, 192.0, 1889.0, 193.0, 1905.0, 2092.0, 191.0, 1347.0) 
Voter 8: ID 498; Choice (1356.0, 2183.0, 192.0, 1889.0, 193.0, 1905.0, 2092.0, 191.0, 1347.0) 
Voter 9: ID 33; Choice (1356.0, 2183.0, 192.0, 1889.0, 193.0, 1905.0, 2092.0, 191.0, 1347.0) 
Voter 10: ID 74; Choice (1356.0, 2183.0, 192.0, 1889.0, 193.0, 1905.0, 2092.0, 191.0, 1347.0) 
Voter 11: ID 599; Choice (2141.0, 2183.0, 192.0, 193.0, 1905.0, 2092.0, 2121.0, 191.0) 
Voter 12: ID 124; Choice (1356.0, 2183.0, 192.0, 1889.0, 193.0, 1905.0, 2092.0, 191.0, 1347.0) 
Voter 13: ID 262; Choice (1356.0, 2183.0, 192.0, 1889.0, 193.0, 1905.0, 2092.0, 191.0, 1347.0) 
Voter 14: ID 451; Choice (1356.0, 2183.0, 192.0, 1889.0, 193.0, 1905.0, 2092.0, 191.0, 1347.0) 
Voter 15: ID 247; Choice (1356.0, 2183.0, 192.0, 1889.0, 193.0, 1905.0, 2092.0, 191.0, 1347.0) 
Voter 16: ID 31; Choice (1356.0, 2183.0, 192.0, 1889.0, 193.0, 1905.0, 2092.0, 191.0, 1347.0) 
Voter 17: ID 322; Choice (1356.0, 2183.0, 192.0, 1889.0, 193.0, 1905.0, 2092.0, 191.0) 
Voter 18: ID 117; Choice (1356.0, 2183.0, 192.0, 1889.0, 193.0, 1905.0, 2092.0, 191.0, 1347.0) 
Voter 19: ID 728; Choice (1356.0, 2183.0, 192.0, 1889.0, 193.0, 1905.0, 2092.0, 191.0, 1347.0) 
Voter 20: ID 658; Choice (1356.0, 2183.0, 192.0, 1889.0, 193.0, 1905.0, 2092.0, 191.0, 1347.0) 
Voter 21: ID 622; Choice (1356.0, 2183.0, 192.0, 1889.0, 193.0, 1905.0, 2092.0, 191.0, 1347.0) 
Voter 22: ID 685; Choice (1356.0, 2183.0, 192.0, 1889.0, 193.0, 1905.0, 2092.0, 191.0) 
Voter 23: ID 125; Choice (1356.0, 2183.0, 192.0, 1889.0, 193.0, 1905.0, 2092.0, 191.0, 1347.0) 
Voter 24: ID 490; Choice (1356.0, 2183.0, 192.0, 1889.0, 193.0, 1905.0, 2092.0, 191.0, 1347.0) 
Voter 25: ID 279; Choice (1356.0, 2183.0, 192.0, 1889.0, 193.0, 1905.0, 2092.0, 191.0, 1347.0) 
Voter 26: ID 69; Choice (1356.0, 2183.0, 192.0, 1889.0, 193.0, 1905.0, 2092.0, 191.0, 1347.0) 
Voter 27: ID 417; Choice (1356.0, 2183.0, 192.0, 1889.0, 193.0, 1905.0, 2092.0, 191.0) 
Voter 28: ID 723; Choice (1356.0, 2183.0, 192.0, 1889.0, 193.0, 1905.0, 2092.0, 191.0, 1347.0) 
Voter 29: ID 277; Choice (1356.0, 2183.0, 192.0, 1889.0, 193.0, 1905.0, 2092.0, 191.0, 1347.0) 
Voter 30: ID 156; Choice (1356.0, 2183.0, 192.0, 1889.0, 193.0, 1905.0, 2092.0, 191.0, 1347.0) 
Voter 31: ID 479; Choice (1356.0, 2183.0, 192.0, 1889.0, 193.0, 1905.0, 2092.0, 191.0, 1347.0) 
Voter 32: ID 642; Choice (1356.0, 2183.0, 192.0, 1889.0, 193.0, 1905.0, 2092.0, 191.0, 1347.0) 
Voter 33: ID 516; Choice (1356.0, 2183.0, 192.0, 1889.0, 193.0, 1905.0, 2092.0, 191.0, 1347.0) 
Voter 34: ID 603; Choice (1356.0, 2183.0, 192.0, 1889.0, 193.0, 1905.0, 2092.0, 191.0, 1347.0) 
Voter 35: ID 294; Choice (1356.0, 2183.0, 192.0, 1889.0, 193.0, 1905.0, 2092.0, 191.0) 
Voter 36: ID 81; Choice (1356.0, 2183.0, 192.0, 1889.0, 193.0, 1905.0, 2092.0, 191.0, 1347.0) 
Voter 37: ID 604; Choice (1356.0, 2183.0, 192.0, 1889.0, 193.0, 1905.0, 2092.0, 191.0, 1347.0) 
Voter 38: ID 96; Choice (1356.0, 2183.0, 192.0, 1889.0, 193.0, 1905.0, 2092.0, 191.0, 1347.0) 
Voter 39: ID 668; Choice (1356.0, 2183.0, 192.0, 1889.0, 193.0, 1905.0, 2092.0, 191.0, 1347.0) 
Voter 40: ID 75; Choice (1356.0, 2183.0, 192.0, 1889.0, 193.0, 1905.0, 2092.0, 191.0, 1347.0) 
Voter 41: ID 258; Choice (1356.0, 2183.0, 192.0, 1889.0, 193.0, 1905.0, 2092.0, 191.0, 1347.0) 
Voter 42: ID 332; Choice (1356.0, 2183.0, 192.0, 1889.0, 193.0, 1905.0, 2092.0, 191.0, 1347.0) 
Voter 43: ID 575; Choice (1356.0, 2183.0, 192.0, 1889.0, 193.0, 1905.0, 2092.0, 191.0, 1347.0) 
Voter 44: ID 463; Choice (1356.0, 2183.0, 192.0, 1889.0, 193.0, 1905.0, 2092.0, 191.0, 1347.0) 
Voter 45: ID 408; Choice (1356.0, 2183.0, 192.0, 1889.0, 193.0, 1905.0, 2092.0, 191.0, 1347.0) 
Voter 46: ID 629; Choice (1356.0, 2183.0, 192.0, 1889.0, 193.0, 1905.0, 2092.0, 191.0, 1347.0) 
Voter 47: ID 101; Choice (1356.0, 2183.0, 192.0, 1889.0, 193.0, 1905.0, 2092.0, 191.0, 1347.0) 
Voter 48: ID 164; Choice (1356.0, 2183.0, 192.0, 1889.0, 193.0, 1905.0, 2092.0, 191.0, 1347.0) 
Voter 49: ID 313; Choice (1356.0, 2183.0, 192.0, 1889.0, 193.0, 1905.0, 2092.0, 191.0, 1347.0) 
Voter 50: ID 689; Choice (1356.0, 2183.0, 192.0, 1889.0, 193.0, 1905.0, 2092.0, 191.0, 1347.0) 
---------------------------------------------------------------------------
After Iteration 16 :
Voter 1: ID 422; Choice (1356.0, 2183.0, 192.0, 1889.0, 193.0, 1905.0, 2092.0, 191.0, 1347.0) 
Voter 2: ID 448; Choice (1356.0, 2183.0, 192.0, 1889.0, 193.0, 1905.0, 2092.0, 191.0, 1347.0) 
Voter 3: ID 426; Choice (1356.0, 2183.0, 192.0, 1889.0, 193.0, 1905.0, 2092.0, 191.0, 1347.0) 
Voter 4: ID 546; Choice (1356.0, 2183.0, 192.0, 1889.0, 193.0, 1905.0, 2092.0, 191.0, 1347.0) 
Voter 5: ID 63; Choice (1356.0, 2183.0, 192.0, 1889.0, 193.0, 1905.0, 2092.0, 191.0, 1347.0) 
Voter 6: ID 30; Choice (1356.0, 2183.0, 192.0, 1889.0, 193.0, 1905.0, 2092.0, 191.0, 1347.0) 
Voter 7: ID 219; Choice (1356.0, 2183.0, 192.0, 1889.0, 193.0, 1905.0, 2092.0, 191.0, 1347.0) 
Voter 8: ID 498; Choice (1356.0, 2183.0, 192.0, 1889.0, 193.0, 1905.0, 2092.0, 191.0, 1347.0) 
Voter 9: ID 33; Choice (1356.0, 2183.0, 192.0, 1889.0, 193.0, 1905.0, 2092.0, 191.0, 1347.0) 
Voter 10: ID 74; Choice (1356.0, 2183.0, 192.0, 1889.0, 193.0, 1905.0, 2092.0, 191.0, 1347.0) 
Voter 11: ID 599; Choice (1356.0, 2183.0, 192.0, 1889.0, 193.0, 1905.0, 2092.0, 191.0, 1347.0) 
Voter 12: ID 124; Choice (1356.0, 2183.0, 192.0, 1889.0, 193.0, 1905.0, 2092.0, 191.0, 1347.0) 
Voter 13: ID 262; Choice (1356.0, 2183.0, 192.0, 1889.0, 193.0, 1905.0, 2092.0, 191.0, 1347.0) 
Voter 14: ID 451; Choice (1356.0, 2183.0, 192.0, 1889.0, 193.0, 1905.0, 2092.0, 191.0, 1347.0) 
Voter 15: ID 247; Choice (1356.0, 2183.0, 192.0, 1889.0, 193.0, 1905.0, 2092.0, 191.0, 1347.0) 
Voter 16: ID 31; Choice (1356.0, 2183.0, 192.0, 1889.0, 193.0, 1905.0, 2092.0, 191.0, 1347.0) 
Voter 17: ID 322; Choice (1356.0, 2183.0, 192.0, 1889.0, 193.0, 1905.0, 2092.0, 191.0, 1347.0) 
Voter 18: ID 117; Choice (1356.0, 2183.0, 192.0, 1889.0, 193.0, 1905.0, 2092.0, 191.0, 1347.0) 
Voter 19: ID 728; Choice (1356.0, 2183.0, 192.0, 1889.0, 193.0, 1905.0, 2092.0, 191.0, 1347.0) 
Voter 20: ID 658; Choice (1356.0, 2183.0, 192.0, 1889.0, 193.0, 1905.0, 2092.0, 191.0, 1347.0) 
Voter 21: ID 622; Choice (1356.0, 2183.0, 192.0, 1889.0, 193.0, 1905.0, 2092.0, 191.0, 1347.0) 
Voter 22: ID 685; Choice (1356.0, 2183.0, 192.0, 1889.0, 193.0, 1905.0, 2092.0, 191.0, 1347.0) 
Voter 23: ID 125; Choice (1356.0, 2183.0, 192.0, 1889.0, 193.0, 1905.0, 2092.0, 191.0, 1347.0) 
Voter 24: ID 490; Choice (1356.0, 2183.0, 192.0, 1889.0, 193.0, 1905.0, 2092.0, 191.0, 1347.0) 
Voter 25: ID 279; Choice (1356.0, 2183.0, 192.0, 1889.0, 193.0, 1905.0, 2092.0, 191.0, 1347.0) 
Voter 26: ID 69; Choice (1356.0, 2183.0, 192.0, 1889.0, 193.0, 1905.0, 2092.0, 191.0, 1347.0) 
Voter 27: ID 417; Choice (1356.0, 2183.0, 192.0, 1889.0, 193.0, 1905.0, 2092.0, 191.0, 1347.0) 
Voter 28: ID 723; Choice (1356.0, 2183.0, 192.0, 1889.0, 193.0, 1905.0, 2092.0, 191.0, 1347.0) 
Voter 29: ID 277; Choice (1356.0, 2183.0, 192.0, 1889.0, 193.0, 1905.0, 2092.0, 191.0, 1347.0) 
Voter 30: ID 156; Choice (1356.0, 2183.0, 192.0, 1889.0, 193.0, 1905.0, 2092.0, 191.0, 1347.0) 
Voter 31: ID 479; Choice (1356.0, 2183.0, 192.0, 1889.0, 193.0, 1905.0, 2092.0, 191.0, 1347.0) 
Voter 32: ID 642; Choice (1356.0, 2183.0, 192.0, 1889.0, 193.0, 1905.0, 2092.0, 191.0, 1347.0) 
Voter 33: ID 516; Choice (1356.0, 2183.0, 192.0, 1889.0, 193.0, 1905.0, 2092.0, 191.0, 1347.0) 
Voter 34: ID 603; Choice (1356.0, 2183.0, 192.0, 1889.0, 193.0, 1905.0, 2092.0, 191.0, 1347.0) 
Voter 35: ID 294; Choice (1356.0, 2183.0, 192.0, 1889.0, 193.0, 1905.0, 2092.0, 191.0) 
Voter 36: ID 81; Choice (1356.0, 2183.0, 192.0, 1889.0, 193.0, 1905.0, 2092.0, 191.0, 1347.0) 
Voter 37: ID 604; Choice (1356.0, 2183.0, 192.0, 1889.0, 193.0, 1905.0, 2092.0, 191.0, 1347.0) 
Voter 38: ID 96; Choice (1356.0, 2183.0, 192.0, 1889.0, 193.0, 1905.0, 2092.0, 191.0, 1347.0) 
Voter 39: ID 668; Choice (1356.0, 2183.0, 192.0, 1889.0, 193.0, 1905.0, 2092.0, 191.0, 1347.0) 
Voter 40: ID 75; Choice (1356.0, 2183.0, 192.0, 1889.0, 193.0, 1905.0, 2092.0, 191.0, 1347.0) 
Voter 41: ID 258; Choice (1356.0, 2183.0, 192.0, 1889.0, 193.0, 1905.0, 2092.0, 191.0, 1347.0) 
Voter 42: ID 332; Choice (1356.0, 2183.0, 192.0, 1889.0, 193.0, 1905.0, 2092.0, 191.0, 1347.0) 
Voter 43: ID 575; Choice (1356.0, 2183.0, 192.0, 1889.0, 193.0, 1905.0, 2092.0, 191.0, 1347.0) 
Voter 44: ID 463; Choice (1356.0, 2183.0, 192.0, 1889.0, 193.0, 1905.0, 2092.0, 191.0, 1347.0) 
Voter 45: ID 408; Choice (1356.0, 2183.0, 192.0, 1889.0, 193.0, 1905.0, 2092.0, 191.0, 1347.0) 
Voter 46: ID 629; Choice (1356.0, 2183.0, 192.0, 1889.0, 193.0, 1905.0, 2092.0, 191.0, 1347.0) 
Voter 47: ID 101; Choice (1356.0, 2183.0, 192.0, 1889.0, 193.0, 1905.0, 2092.0, 191.0, 1347.0) 
Voter 48: ID 164; Choice (1356.0, 2183.0, 192.0, 1889.0, 193.0, 1905.0, 2092.0, 191.0, 1347.0) 
Voter 49: ID 313; Choice (1356.0, 2183.0, 192.0, 1889.0, 193.0, 1905.0, 2092.0, 191.0, 1347.0) 
Voter 50: ID 689; Choice (1356.0, 2183.0, 192.0, 1889.0, 193.0, 1905.0, 2092.0, 191.0, 1347.0) 
---------------------------------------------------------------------------
After Iteration 17 :
Voter 1: ID 422; Choice (1356.0, 2183.0, 192.0, 1889.0, 193.0, 1905.0, 2092.0, 191.0, 1347.0) 
Voter 2: ID 448; Choice (1356.0, 2183.0, 192.0, 1889.0, 193.0, 1905.0, 2092.0, 191.0, 1347.0) 
Voter 3: ID 426; Choice (1356.0, 2183.0, 192.0, 1889.0, 193.0, 1905.0, 2092.0, 191.0, 1347.0) 
Voter 4: ID 546; Choice (1356.0, 2183.0, 192.0, 1889.0, 193.0, 1905.0, 2092.0, 191.0, 1347.0) 
Voter 5: ID 63; Choice (1356.0, 2183.0, 192.0, 1889.0, 193.0, 1905.0, 2092.0, 191.0, 1347.0) 
Voter 6: ID 30; Choice (1356.0, 2183.0, 192.0, 1889.0, 193.0, 1905.0, 2092.0, 191.0, 1347.0) 
Voter 7: ID 219; Choice (1356.0, 2183.0, 192.0, 1889.0, 193.0, 1905.0, 2092.0, 191.0, 1347.0) 
Voter 8: ID 498; Choice (1356.0, 2183.0, 192.0, 1889.0, 193.0, 1905.0, 2092.0, 191.0, 1347.0) 
Voter 9: ID 33; Choice (1356.0, 2183.0, 192.0, 1889.0, 193.0, 1905.0, 2092.0, 191.0, 1347.0) 
Voter 10: ID 74; Choice (1356.0, 2183.0, 192.0, 1889.0, 193.0, 1905.0, 2092.0, 191.0, 1347.0) 
Voter 11: ID 599; Choice (1356.0, 2183.0, 192.0, 1889.0, 193.0, 1905.0, 2092.0, 191.0, 1347.0) 
Voter 12: ID 124; Choice (1356.0, 2183.0, 192.0, 1889.0, 193.0, 1905.0, 2092.0, 191.0, 1347.0) 
Voter 13: ID 262; Choice (1356.0, 2183.0, 192.0, 1889.0, 193.0, 1905.0, 2092.0, 191.0, 1347.0) 
Voter 14: ID 451; Choice (1356.0, 2183.0, 192.0, 1889.0, 193.0, 1905.0, 2092.0, 191.0, 1347.0) 
Voter 15: ID 247; Choice (1356.0, 2183.0, 192.0, 1889.0, 193.0, 1905.0, 2092.0, 191.0, 1347.0) 
Voter 16: ID 31; Choice (1356.0, 2183.0, 192.0, 1889.0, 193.0, 1905.0, 2092.0, 191.0, 1347.0) 
Voter 17: ID 322; Choice (1356.0, 2183.0, 192.0, 1889.0, 193.0, 1905.0, 2092.0, 191.0, 1347.0) 
Voter 18: ID 117; Choice (1356.0, 2183.0, 192.0, 1889.0, 193.0, 1905.0, 2092.0, 191.0, 1347.0) 
Voter 19: ID 728; Choice (1356.0, 2183.0, 192.0, 1889.0, 193.0, 1905.0, 2092.0, 191.0, 1347.0) 
Voter 20: ID 658; Choice (1356.0, 2183.0, 192.0, 1889.0, 193.0, 1905.0, 2092.0, 191.0, 1347.0) 
Voter 21: ID 622; Choice (1356.0, 2183.0, 192.0, 1889.0, 193.0, 1905.0, 2092.0, 191.0) 
Voter 22: ID 685; Choice (1356.0, 2183.0, 192.0, 1889.0, 193.0, 1905.0, 2092.0, 191.0, 1347.0) 
Voter 23: ID 125; Choice (1356.0, 2183.0, 192.0, 1889.0, 193.0, 1905.0, 2092.0, 191.0, 1347.0) 
Voter 24: ID 490; Choice (1356.0, 2183.0, 192.0, 1889.0, 193.0, 1905.0, 2092.0, 191.0, 1347.0) 
Voter 25: ID 279; Choice (1356.0, 2183.0, 192.0, 1889.0, 193.0, 1905.0, 2092.0, 191.0, 1347.0) 
Voter 26: ID 69; Choice (1356.0, 2183.0, 192.0, 1889.0, 193.0, 1905.0, 2092.0, 191.0, 1347.0) 
Voter 27: ID 417; Choice (1356.0, 2183.0, 192.0, 1889.0, 193.0, 1905.0, 2092.0, 191.0, 1347.0) 
Voter 28: ID 723; Choice (1356.0, 2183.0, 192.0, 1889.0, 193.0, 1905.0, 2092.0, 191.0, 1347.0) 
Voter 29: ID 277; Choice (1356.0, 2183.0, 192.0, 1889.0, 193.0, 1905.0, 2092.0, 191.0, 1347.0) 
Voter 30: ID 156; Choice (1356.0, 2183.0, 192.0, 1889.0, 193.0, 1905.0, 2092.0, 191.0, 1347.0) 
Voter 31: ID 479; Choice (1356.0, 2183.0, 192.0, 1889.0, 193.0, 1905.0, 2092.0, 191.0, 1347.0) 
Voter 32: ID 642; Choice (1356.0, 2183.0, 192.0, 1889.0, 193.0, 1905.0, 2092.0, 191.0, 1347.0) 
Voter 33: ID 516; Choice (1356.0, 2183.0, 192.0, 1889.0, 193.0, 1905.0, 2092.0, 191.0, 1347.0) 
Voter 34: ID 603; Choice (1356.0, 2183.0, 192.0, 1889.0, 193.0, 1905.0, 2092.0, 191.0, 1347.0) 
Voter 35: ID 294; Choice (1356.0, 2183.0, 192.0, 1889.0, 193.0, 1905.0, 2092.0, 191.0) 
Voter 36: ID 81; Choice (1356.0, 2183.0, 192.0, 1889.0, 193.0, 1905.0, 2092.0, 191.0, 1347.0) 
Voter 37: ID 604; Choice (1356.0, 2183.0, 192.0, 1889.0, 193.0, 1905.0, 2092.0, 191.0, 1347.0) 
Voter 38: ID 96; Choice (1356.0, 2183.0, 192.0, 1889.0, 193.0, 1905.0, 2092.0, 191.0, 1347.0) 
Voter 39: ID 668; Choice (1356.0, 2183.0, 192.0, 1889.0, 193.0, 1905.0, 2092.0, 191.0, 1347.0) 
Voter 40: ID 75; Choice (1356.0, 2183.0, 192.0, 1889.0, 193.0, 1905.0, 2092.0, 191.0, 1347.0) 
Voter 41: ID 258; Choice (1356.0, 2183.0, 192.0, 1889.0, 193.0, 1905.0, 2092.0, 191.0, 1347.0) 
Voter 42: ID 332; Choice (1356.0, 2183.0, 192.0, 1889.0, 193.0, 1905.0, 2092.0, 191.0, 1347.0) 
Voter 43: ID 575; Choice (1356.0, 2183.0, 192.0, 1889.0, 193.0, 1905.0, 2092.0, 191.0, 1347.0) 
Voter 44: ID 463; Choice (1356.0, 2183.0, 192.0, 1889.0, 193.0, 1905.0, 2092.0, 191.0, 1347.0) 
Voter 45: ID 408; Choice (1356.0, 2183.0, 192.0, 1889.0, 193.0, 1905.0, 2092.0, 191.0, 1347.0) 
Voter 46: ID 629; Choice (1356.0, 2183.0, 192.0, 1889.0, 193.0, 1905.0, 2092.0, 191.0, 1347.0) 
Voter 47: ID 101; Choice (1356.0, 2183.0, 192.0, 1889.0, 193.0, 1905.0, 2092.0, 191.0, 1347.0) 
Voter 48: ID 164; Choice (1356.0, 2183.0, 192.0, 1889.0, 193.0, 1905.0, 2092.0, 191.0, 1347.0) 
Voter 49: ID 313; Choice (1356.0, 2183.0, 192.0, 1889.0, 193.0, 1905.0, 2092.0, 191.0, 1347.0) 
Voter 50: ID 689; Choice (1356.0, 2183.0, 192.0, 1889.0, 193.0, 1905.0, 2092.0, 191.0, 1347.0) 
---------------------------------------------------------------------------
After Iteration 18 :
Voter 1: ID 422; Choice (1356.0, 2183.0, 192.0, 1889.0, 193.0, 1905.0, 2092.0, 191.0, 1347.0) 
Voter 2: ID 448; Choice (1356.0, 2183.0, 192.0, 1889.0, 193.0, 1905.0, 2092.0, 191.0, 1347.0) 
Voter 3: ID 426; Choice (1356.0, 2183.0, 192.0, 1889.0, 193.0, 1905.0, 2092.0, 191.0, 1347.0) 
Voter 4: ID 546; Choice (1356.0, 2183.0, 192.0, 1889.0, 193.0, 1905.0, 2092.0, 191.0, 1347.0) 
Voter 5: ID 63; Choice (1356.0, 2183.0, 192.0, 1889.0, 193.0, 1905.0, 2092.0, 191.0, 1347.0) 
Voter 6: ID 30; Choice (1356.0, 2183.0, 192.0, 1889.0, 193.0, 1905.0, 2092.0, 191.0, 1347.0) 
Voter 7: ID 219; Choice (1356.0, 2183.0, 192.0, 1889.0, 193.0, 1905.0, 2092.0, 191.0, 1347.0) 
Voter 8: ID 498; Choice (1356.0, 2183.0, 192.0, 1889.0, 193.0, 1905.0, 2092.0, 191.0, 1347.0) 
Voter 9: ID 33; Choice (1356.0, 2183.0, 192.0, 1889.0, 193.0, 1905.0, 2092.0, 191.0, 1347.0) 
Voter 10: ID 74; Choice (1356.0, 2183.0, 192.0, 1889.0, 193.0, 1905.0, 2092.0, 191.0, 1347.0) 
Voter 11: ID 599; Choice (1356.0, 2183.0, 192.0, 1889.0, 193.0, 1905.0, 2092.0, 191.0, 1347.0) 
Voter 12: ID 124; Choice (1356.0, 2183.0, 192.0, 1889.0, 193.0, 1905.0, 2092.0, 191.0, 1347.0) 
Voter 13: ID 262; Choice (1356.0, 2183.0, 192.0, 1889.0, 193.0, 1905.0, 2092.0, 191.0, 1347.0) 
Voter 14: ID 451; Choice (1356.0, 2183.0, 192.0, 1889.0, 193.0, 1905.0, 2092.0, 191.0, 1347.0) 
Voter 15: ID 247; Choice (1356.0, 2183.0, 192.0, 1889.0, 193.0, 1905.0, 2092.0, 191.0, 1347.0) 
Voter 16: ID 31; Choice (1356.0, 2183.0, 192.0, 1889.0, 193.0, 1905.0, 2092.0, 191.0, 1347.0) 
Voter 17: ID 322; Choice (1356.0, 2183.0, 192.0, 1889.0, 193.0, 1905.0, 2092.0, 191.0, 1347.0) 
Voter 18: ID 117; Choice (1356.0, 2183.0, 192.0, 1889.0, 193.0, 1905.0, 2092.0, 191.0, 1347.0) 
Voter 19: ID 728; Choice (1356.0, 2183.0, 192.0, 1889.0, 193.0, 1905.0, 2092.0, 191.0, 1347.0) 
Voter 20: ID 658; Choice (1356.0, 2183.0, 192.0, 1889.0, 193.0, 1905.0, 2092.0, 191.0, 1347.0) 
Voter 21: ID 622; Choice (1356.0, 2183.0, 192.0, 1889.0, 193.0, 1905.0, 2092.0, 191.0, 1347.0) 
Voter 22: ID 685; Choice (1356.0, 2183.0, 192.0, 1889.0, 193.0, 1905.0, 2092.0, 191.0, 1347.0) 
Voter 23: ID 125; Choice (1356.0, 2183.0, 192.0, 1889.0, 193.0, 1905.0, 2092.0, 191.0, 1347.0) 
Voter 24: ID 490; Choice (1356.0, 2183.0, 192.0, 1889.0, 193.0, 1905.0, 2092.0, 191.0, 1347.0) 
Voter 25: ID 279; Choice (1356.0, 2183.0, 192.0, 1889.0, 193.0, 1905.0, 2092.0, 191.0, 1347.0) 
Voter 26: ID 69; Choice (1356.0, 2183.0, 192.0, 1889.0, 193.0, 1905.0, 2092.0, 191.0, 1347.0) 
Voter 27: ID 417; Choice (1356.0, 2183.0, 192.0, 1889.0, 193.0, 1905.0, 2092.0, 191.0, 1347.0) 
Voter 28: ID 723; Choice (1356.0, 2183.0, 192.0, 1889.0, 193.0, 1905.0, 2092.0, 191.0, 1347.0) 
Voter 29: ID 277; Choice (1356.0, 2183.0, 192.0, 1889.0, 193.0, 1905.0, 2092.0, 191.0, 1347.0) 
Voter 30: ID 156; Choice (1356.0, 2183.0, 192.0, 1889.0, 193.0, 1905.0, 2092.0, 191.0, 1347.0) 
Voter 31: ID 479; Choice (1356.0, 2183.0, 192.0, 1889.0, 193.0, 1905.0, 2092.0, 191.0, 1347.0) 
Voter 32: ID 642; Choice (1356.0, 2183.0, 192.0, 1889.0, 193.0, 1905.0, 2092.0, 191.0, 1347.0) 
Voter 33: ID 516; Choice (1356.0, 2183.0, 192.0, 1889.0, 193.0, 1905.0, 2092.0, 191.0, 1347.0) 
Voter 34: ID 603; Choice (1356.0, 2183.0, 192.0, 1889.0, 193.0, 1905.0, 2092.0, 191.0, 1347.0) 
Voter 35: ID 294; Choice (1356.0, 2183.0, 192.0, 1889.0, 193.0, 1905.0, 2092.0, 191.0, 1347.0) 
Voter 36: ID 81; Choice (1356.0, 2183.0, 192.0, 1889.0, 193.0, 1905.0, 2092.0, 191.0, 1347.0) 
Voter 37: ID 604; Choice (1356.0, 2183.0, 192.0, 1889.0, 193.0, 1905.0, 2092.0, 191.0, 1347.0) 
Voter 38: ID 96; Choice (1356.0, 2183.0, 192.0, 1889.0, 193.0, 1905.0, 2092.0, 191.0, 1347.0) 
Voter 39: ID 668; Choice (1356.0, 2183.0, 192.0, 1889.0, 193.0, 1905.0, 2092.0, 191.0, 1347.0) 
Voter 40: ID 75; Choice (1356.0, 2183.0, 192.0, 1889.0, 193.0, 1905.0, 2092.0, 191.0, 1347.0) 
Voter 41: ID 258; Choice (1356.0, 2183.0, 192.0, 1889.0, 193.0, 1905.0, 2092.0, 191.0, 1347.0) 
Voter 42: ID 332; Choice (1356.0, 2183.0, 192.0, 1889.0, 193.0, 1905.0, 2092.0, 191.0, 1347.0) 
Voter 43: ID 575; Choice (1356.0, 2183.0, 192.0, 1889.0, 193.0, 1905.0, 2092.0, 191.0, 1347.0) 
Voter 44: ID 463; Choice (1356.0, 2183.0, 192.0, 1889.0, 193.0, 1905.0, 2092.0, 191.0, 1347.0) 
Voter 45: ID 408; Choice (1356.0, 2183.0, 192.0, 1889.0, 193.0, 1905.0, 2092.0, 191.0, 1347.0) 
Voter 46: ID 629; Choice (1356.0, 2183.0, 192.0, 1889.0, 193.0, 1905.0, 2092.0, 191.0, 1347.0) 
Voter 47: ID 101; Choice (1356.0, 2183.0, 192.0, 1889.0, 193.0, 1905.0, 2092.0, 191.0, 1347.0) 
Voter 48: ID 164; Choice (1356.0, 2183.0, 192.0, 1889.0, 193.0, 1905.0, 2092.0, 191.0, 1347.0) 
Voter 49: ID 313; Choice (1356.0, 2183.0, 192.0, 1889.0, 193.0, 1905.0, 2092.0, 191.0, 1347.0) 
Voter 50: ID 689; Choice (1356.0, 2183.0, 192.0, 1889.0, 193.0, 1905.0, 2092.0, 191.0, 1347.0) 
---------------------------------------------------------------------------
Concensus reached after 18 iterations.
Max degree: 14 Number of valid combinations: 39 Using random find.
There are 1 opinions after all iterations.
(1356.0, 2183.0, 192.0, 1889.0, 193.0, 1905.0, 2092.0, 191.0, 1347.0) count: 50
