    project id    reward
0       1211.0 -0.444988
1       2141.0 -0.057202
2       1356.0  0.331482
3       2183.0  0.343395
4        433.0 -0.263659
5        192.0  0.232709
6       1889.0  0.302624
7        193.0  0.251523
8       1347.0  0.192139
9       1905.0  0.121838
10      2092.0  0.245409
11      2121.0 -0.136063
12       191.0  0.215283
Valid Combinations are:
(1356.0, 2183.0, 192.0, 1889.0, 193.0, 1905.0, 2092.0, 191.0, 1347.0)
(1356.0, 2183.0, 192.0, 1889.0, 193.0, 1905.0, 2092.0, 191.0)
(1211.0, 2141.0, 1356.0, 2183.0, 192.0, 193.0)
(2141.0, 2183.0, 192.0, 1889.0, 193.0, 1347.0, 2092.0, 2121.0, 191.0)
(1356.0, 2183.0, 192.0, 1889.0, 193.0, 1347.0, 1905.0, 2121.0, 191.0)
(1356.0, 2183.0, 1889.0, 193.0, 1347.0, 1905.0, 2092.0, 2121.0, 191.0)
(2141.0, 1356.0, 2183.0, 192.0, 1889.0, 1347.0, 1905.0, 2092.0)
(2141.0, 1356.0, 433.0, 1889.0, 193.0, 1347.0, 2092.0, 191.0)
(1356.0, 2183.0, 433.0, 192.0, 1889.0, 1347.0, 1905.0, 2121.0)
(1356.0, 433.0, 1889.0, 193.0, 1347.0, 2092.0, 2121.0, 191.0)
(1211.0, 1356.0, 2183.0, 192.0, 1889.0, 1905.0, 191.0)
(1356.0, 2183.0, 433.0, 192.0, 1889.0, 193.0, 191.0)
(1356.0, 2183.0, 433.0, 192.0, 193.0, 1905.0, 2092.0)
(1211.0, 2183.0, 192.0, 193.0, 1905.0, 191.0)
(1211.0, 192.0, 1889.0, 193.0, 1347.0, 2092.0)
(1211.0, 192.0, 193.0, 2092.0, 2121.0, 191.0)
(2141.0, 1356.0, 2183.0, 1889.0, 193.0, 191.0)
(2141.0, 433.0, 1889.0, 1905.0, 2092.0, 2121.0)
(1356.0, 2183.0, 433.0, 1889.0, 1905.0, 191.0)
(1356.0, 433.0, 1347.0, 1905.0, 2092.0, 191.0)
Initial Choices:
---------------------------------------------------------------------------
Voter 1: ID 687; Choice (1211.0, 2141.0, 1356.0, 2183.0, 192.0, 193.0) 
Voter 2: ID 244; Choice (1356.0, 2183.0, 1889.0, 193.0, 1347.0, 1905.0, 2092.0, 2121.0, 191.0) 
Voter 3: ID 278; Choice (2141.0, 1356.0, 2183.0, 1889.0, 193.0, 191.0) 
Voter 4: ID 341; Choice (2141.0, 2183.0, 192.0, 1889.0, 193.0, 1347.0, 2092.0, 2121.0, 191.0) 
Voter 5: ID 98; Choice (1356.0, 2183.0, 433.0, 192.0, 1889.0, 1347.0, 1905.0, 2121.0) 
Voter 6: ID 163; Choice (1356.0, 2183.0, 433.0, 1889.0, 1905.0, 191.0) 
Voter 7: ID 43; Choice (1356.0, 2183.0, 192.0, 1889.0, 193.0, 1905.0, 2092.0, 191.0) 
Voter 8: ID 654; Choice (2141.0, 1356.0, 2183.0, 1889.0, 193.0, 191.0) 
Voter 9: ID 311; Choice (2141.0, 1356.0, 2183.0, 192.0, 1889.0, 1347.0, 1905.0, 2092.0) 
Voter 10: ID 255; Choice (1356.0, 2183.0, 433.0, 1889.0, 1905.0, 191.0) 
Voter 11: ID 634; Choice (2141.0, 2183.0, 192.0, 1889.0, 193.0, 1347.0, 2092.0, 2121.0, 191.0) 
Voter 12: ID 69; Choice (2141.0, 433.0, 1889.0, 1905.0, 2092.0, 2121.0) 
Voter 13: ID 655; Choice (1356.0, 2183.0, 433.0, 192.0, 193.0, 1905.0, 2092.0) 
Voter 14: ID 188; Choice (2141.0, 1356.0, 2183.0, 1889.0, 193.0, 191.0) 
Voter 15: ID 612; Choice (1356.0, 2183.0, 433.0, 192.0, 193.0, 1905.0, 2092.0) 
Voter 16: ID 209; Choice (1356.0, 2183.0, 433.0, 192.0, 1889.0, 193.0, 191.0) 
Voter 17: ID 51; Choice (1356.0, 2183.0, 1889.0, 193.0, 1347.0, 1905.0, 2092.0, 2121.0, 191.0) 
Voter 18: ID 453; Choice (1211.0, 192.0, 1889.0, 193.0, 1347.0, 2092.0) 
Voter 19: ID 589; Choice (2141.0, 433.0, 1889.0, 1905.0, 2092.0, 2121.0) 
Voter 20: ID 601; Choice (1356.0, 2183.0, 192.0, 1889.0, 193.0, 1905.0, 2092.0, 191.0, 1347.0) 
Voter 21: ID 54; Choice (1356.0, 2183.0, 433.0, 192.0, 1889.0, 1347.0, 1905.0, 2121.0) 
Voter 22: ID 241; Choice (1356.0, 2183.0, 192.0, 1889.0, 193.0, 1905.0, 2092.0, 191.0, 1347.0) 
Voter 23: ID 348; Choice (1356.0, 2183.0, 1889.0, 193.0, 1347.0, 1905.0, 2092.0, 2121.0, 191.0) 
Voter 24: ID 694; Choice (1356.0, 433.0, 1889.0, 193.0, 1347.0, 2092.0, 2121.0, 191.0) 
Voter 25: ID 665; Choice (2141.0, 2183.0, 192.0, 1889.0, 193.0, 1347.0, 2092.0, 2121.0, 191.0) 
Voter 26: ID 74; Choice (1356.0, 2183.0, 433.0, 192.0, 193.0, 1905.0, 2092.0) 
Voter 27: ID 17; Choice (2141.0, 1356.0, 2183.0, 192.0, 1889.0, 1347.0, 1905.0, 2092.0) 
Voter 28: ID 139; Choice (1356.0, 433.0, 1347.0, 1905.0, 2092.0, 191.0) 
Voter 29: ID 201; Choice (1356.0, 2183.0, 192.0, 1889.0, 193.0, 1905.0, 2092.0, 191.0, 1347.0) 
Voter 30: ID 680; Choice (1211.0, 192.0, 1889.0, 193.0, 1347.0, 2092.0) 
Voter 31: ID 94; Choice (2141.0, 1356.0, 2183.0, 1889.0, 193.0, 191.0) 
Voter 32: ID 168; Choice (1356.0, 2183.0, 192.0, 1889.0, 193.0, 1905.0, 2092.0, 191.0, 1347.0) 
Voter 33: ID 476; Choice (1356.0, 2183.0, 1889.0, 193.0, 1347.0, 1905.0, 2092.0, 2121.0, 191.0) 
Voter 34: ID 123; Choice (1356.0, 433.0, 1347.0, 1905.0, 2092.0, 191.0) 
Voter 35: ID 610; Choice (1211.0, 192.0, 1889.0, 193.0, 1347.0, 2092.0) 
Voter 36: ID 408; Choice (2141.0, 1356.0, 2183.0, 1889.0, 193.0, 191.0) 
Voter 37: ID 740; Choice (2141.0, 1356.0, 2183.0, 192.0, 1889.0, 1347.0, 1905.0, 2092.0) 
Voter 38: ID 388; Choice (1211.0, 192.0, 193.0, 2092.0, 2121.0, 191.0) 
Voter 39: ID 681; Choice (1211.0, 192.0, 193.0, 2092.0, 2121.0, 191.0) 
Voter 40: ID 158; Choice (1211.0, 2183.0, 192.0, 193.0, 1905.0, 191.0) 
Voter 41: ID 223; Choice (2141.0, 1356.0, 433.0, 1889.0, 193.0, 1347.0, 2092.0, 191.0) 
Voter 42: ID 353; Choice (1356.0, 2183.0, 1889.0, 193.0, 1347.0, 1905.0, 2092.0, 2121.0, 191.0) 
Voter 43: ID 722; Choice (1211.0, 2183.0, 192.0, 193.0, 1905.0, 191.0) 
Voter 44: ID 248; Choice (2141.0, 1356.0, 433.0, 1889.0, 193.0, 1347.0, 2092.0, 191.0) 
Voter 45: ID 282; Choice (1211.0, 192.0, 193.0, 2092.0, 2121.0, 191.0) 
Voter 46: ID 537; Choice (2141.0, 1356.0, 2183.0, 1889.0, 193.0, 191.0) 
Voter 47: ID 112; Choice (1356.0, 433.0, 1889.0, 193.0, 1347.0, 2092.0, 2121.0, 191.0) 
Voter 48: ID 407; Choice (1356.0, 2183.0, 433.0, 192.0, 1889.0, 193.0, 191.0) 
Voter 49: ID 523; Choice (1211.0, 1356.0, 2183.0, 192.0, 1889.0, 1905.0, 191.0) 
Voter 50: ID 193; Choice (1356.0, 433.0, 1889.0, 193.0, 1347.0, 2092.0, 2121.0, 191.0) 
---------------------------------------------------------------------------
After Iteration 1 :
Voter 1: ID 687; Choice (1356.0, 2183.0, 1889.0, 193.0, 1347.0, 1905.0, 2092.0, 2121.0, 191.0) 
Voter 2: ID 244; Choice (1211.0, 192.0, 1889.0, 193.0, 1347.0, 2092.0) 
Voter 3: ID 278; Choice (1211.0, 1356.0, 2183.0, 192.0, 1889.0, 1905.0, 191.0) 
Voter 4: ID 341; Choice (1356.0, 2183.0, 433.0, 192.0, 1889.0, 1347.0, 1905.0, 2121.0) 
Voter 5: ID 98; Choice (2141.0, 2183.0, 192.0, 1889.0, 193.0, 1347.0, 2092.0, 2121.0, 191.0) 
Voter 6: ID 163; Choice (1211.0, 2141.0, 1356.0, 2183.0, 192.0, 193.0) 
Voter 7: ID 43; Choice (1356.0, 433.0, 1889.0, 193.0, 1347.0, 2092.0, 2121.0, 191.0) 
Voter 8: ID 654; Choice (1356.0, 2183.0, 433.0, 192.0, 1889.0, 1347.0, 1905.0, 2121.0) 
Voter 9: ID 311; Choice (1356.0, 2183.0, 192.0, 1889.0, 193.0, 1905.0, 2092.0, 191.0, 1347.0) 
Voter 10: ID 255; Choice (1356.0, 2183.0, 192.0, 1889.0, 193.0, 1905.0, 2092.0, 191.0) 
Voter 11: ID 634; Choice (2141.0, 1356.0, 433.0, 1889.0, 193.0, 1347.0, 2092.0, 191.0) 
Voter 12: ID 69; Choice (2141.0, 1356.0, 433.0, 1889.0, 193.0, 1347.0, 2092.0, 191.0) 
Voter 13: ID 655; Choice (1356.0, 2183.0, 433.0, 192.0, 1889.0, 1347.0, 1905.0, 2121.0) 
Voter 14: ID 188; Choice (1356.0, 2183.0, 433.0, 192.0, 1889.0, 1347.0, 1905.0, 2121.0) 
Voter 15: ID 612; Choice (1356.0, 2183.0, 192.0, 1889.0, 193.0, 1347.0, 1905.0, 2121.0, 191.0) 
Voter 16: ID 209; Choice (1211.0, 192.0, 193.0, 2092.0, 2121.0, 191.0) 
Voter 17: ID 51; Choice (1356.0, 2183.0, 433.0, 192.0, 1889.0, 1347.0, 1905.0, 2121.0) 
Voter 18: ID 453; Choice (1356.0, 2183.0, 1889.0, 193.0, 1347.0, 1905.0, 2092.0, 2121.0, 191.0) 
Voter 19: ID 589; Choice (1356.0, 2183.0, 192.0, 1889.0, 193.0, 1905.0, 2092.0, 191.0) 
Voter 20: ID 601; Choice (2141.0, 433.0, 1889.0, 1905.0, 2092.0, 2121.0) 
Voter 21: ID 54; Choice (1356.0, 2183.0, 192.0, 1889.0, 193.0, 1347.0, 1905.0, 2121.0, 191.0) 
Voter 22: ID 241; Choice (1356.0, 2183.0, 433.0, 192.0, 193.0, 1905.0, 2092.0) 
Voter 23: ID 348; Choice (1356.0, 2183.0, 433.0, 1889.0, 1905.0, 191.0) 
Voter 24: ID 694; Choice (1211.0, 192.0, 1889.0, 193.0, 1347.0, 2092.0) 
Voter 25: ID 665; Choice (1356.0, 2183.0, 433.0, 192.0, 1889.0, 193.0, 191.0) 
Voter 26: ID 74; Choice (1356.0, 433.0, 1889.0, 193.0, 1347.0, 2092.0, 2121.0, 191.0) 
Voter 27: ID 17; Choice (1356.0, 433.0, 1889.0, 193.0, 1347.0, 2092.0, 2121.0, 191.0) 
Voter 28: ID 139; Choice (1356.0, 433.0, 1889.0, 193.0, 1347.0, 2092.0, 2121.0, 191.0) 
Voter 29: ID 201; Choice (1211.0, 2183.0, 192.0, 193.0, 1905.0, 191.0) 
Voter 30: ID 680; Choice (1211.0, 192.0, 1889.0, 193.0, 1347.0, 2092.0) 
Voter 31: ID 94; Choice (1356.0, 2183.0, 433.0, 192.0, 1889.0, 1347.0, 1905.0, 2121.0) 
Voter 32: ID 168; Choice (2141.0, 1356.0, 2183.0, 192.0, 1889.0, 1347.0, 1905.0, 2092.0) 
Voter 33: ID 476; Choice (1356.0, 2183.0, 433.0, 192.0, 193.0, 1905.0, 2092.0) 
Voter 34: ID 123; Choice (1356.0, 433.0, 1347.0, 1905.0, 2092.0, 191.0) 
Voter 35: ID 610; Choice (2141.0, 1356.0, 2183.0, 1889.0, 193.0, 191.0) 
Voter 36: ID 408; Choice (2141.0, 1356.0, 433.0, 1889.0, 193.0, 1347.0, 2092.0, 191.0) 
Voter 37: ID 740; Choice (1211.0, 192.0, 193.0, 2092.0, 2121.0, 191.0) 
Voter 38: ID 388; Choice (1211.0, 192.0, 1889.0, 193.0, 1347.0, 2092.0) 
Voter 39: ID 681; Choice (2141.0, 1356.0, 2183.0, 192.0, 1889.0, 1347.0, 1905.0, 2092.0) 
Voter 40: ID 158; Choice (1356.0, 2183.0, 1889.0, 193.0, 1347.0, 1905.0, 2092.0, 2121.0, 191.0) 
Voter 41: ID 223; Choice (2141.0, 1356.0, 2183.0, 192.0, 1889.0, 1347.0, 1905.0, 2092.0) 
Voter 42: ID 353; Choice (1356.0, 2183.0, 192.0, 1889.0, 193.0, 1905.0, 2092.0, 191.0, 1347.0) 
Voter 43: ID 722; Choice (1356.0, 2183.0, 1889.0, 193.0, 1347.0, 1905.0, 2092.0, 2121.0, 191.0) 
Voter 44: ID 248; Choice (1356.0, 2183.0, 1889.0, 193.0, 1347.0, 1905.0, 2092.0, 2121.0, 191.0) 
Voter 45: ID 282; Choice (1211.0, 192.0, 1889.0, 193.0, 1347.0, 2092.0) 
Voter 46: ID 537; Choice (1211.0, 192.0, 193.0, 2092.0, 2121.0, 191.0) 
Voter 47: ID 112; Choice (1356.0, 2183.0, 433.0, 1889.0, 1905.0, 191.0) 
Voter 48: ID 407; Choice (2141.0, 2183.0, 192.0, 1889.0, 193.0, 1347.0, 2092.0, 2121.0, 191.0) 
Voter 49: ID 523; Choice (1356.0, 2183.0, 433.0, 192.0, 1889.0, 193.0, 191.0) 
Voter 50: ID 193; Choice (1356.0, 2183.0, 433.0, 192.0, 1889.0, 193.0, 191.0) 
---------------------------------------------------------------------------
---------------------------------------------------------------------------
{(1356.0, 2183.0, 192.0, 1889.0, 193.0, 1905.0, 2092.0, 191.0, 1347.0): 0.22364029753939524, (1356.0, 2183.0, 192.0, 1889.0, 193.0, 1905.0, 2092.0, 191.0): 0.2044263556646321, (1211.0, 2141.0, 1356.0, 2183.0, 192.0, 193.0): 0, (2141.0, 2183.0, 192.0, 1889.0, 193.0, 1347.0, 2092.0, 2121.0, 191.0): 0, (1356.0, 2183.0, 192.0, 1889.0, 193.0, 1347.0, 1905.0, 2121.0, 191.0): 0, (1356.0, 2183.0, 1889.0, 193.0, 1347.0, 1905.0, 2092.0, 2121.0, 191.0): 0.18676312056667824, (2141.0, 1356.0, 2183.0, 192.0, 1889.0, 1347.0, 1905.0, 2092.0): 0.17123948743183282, (2141.0, 1356.0, 433.0, 1889.0, 193.0, 1347.0, 2092.0, 191.0): 0, (1356.0, 2183.0, 433.0, 192.0, 1889.0, 1347.0, 1905.0, 2121.0): 0.11244669296584182, (1356.0, 433.0, 1889.0, 193.0, 1347.0, 2092.0, 2121.0, 191.0): 0, (1211.0, 1356.0, 2183.0, 192.0, 1889.0, 1905.0, 191.0): 0.11023433754901724, (1356.0, 2183.0, 433.0, 192.0, 1889.0, 193.0, 191.0): 0.1413357463158121, (1356.0, 2183.0, 433.0, 192.0, 193.0, 1905.0, 2092.0): 0.12626987074339566, (1211.0, 2183.0, 192.0, 193.0, 1905.0, 191.0): 0, (1211.0, 192.0, 1889.0, 193.0, 1347.0, 2092.0): 0, (1211.0, 192.0, 193.0, 2092.0, 2121.0, 191.0): 0.03638731752404835, (2141.0, 1356.0, 2183.0, 1889.0, 193.0, 191.0): 0.13871045666540346, (2141.0, 433.0, 1889.0, 1905.0, 2092.0, 2121.0): 0.02129476607187494, (1356.0, 2183.0, 433.0, 1889.0, 1905.0, 191.0): 0, (1356.0, 433.0, 1347.0, 1905.0, 2092.0, 191.0): 0.08424934526894641}
After Iteration 2 :
Voter 1: ID 687; Choice (1356.0, 2183.0, 192.0, 1889.0, 193.0, 1905.0, 2092.0, 191.0) 
Voter 2: ID 244; Choice (2141.0, 1356.0, 2183.0, 1889.0, 193.0, 191.0) 
Voter 3: ID 278; Choice (1211.0, 192.0, 193.0, 2092.0, 2121.0, 191.0) 
Voter 4: ID 341; Choice (2141.0, 1356.0, 2183.0, 192.0, 1889.0, 1347.0, 1905.0, 2092.0) 
Voter 5: ID 98; Choice (1211.0, 2183.0, 192.0, 193.0, 1905.0, 191.0) 
Voter 6: ID 163; Choice (2141.0, 1356.0, 2183.0, 1889.0, 193.0, 191.0) 
Voter 7: ID 43; Choice (1356.0, 2183.0, 192.0, 1889.0, 193.0, 1905.0, 2092.0, 191.0, 1347.0) 
Voter 8: ID 654; Choice (2141.0, 2183.0, 192.0, 1889.0, 193.0, 1347.0, 2092.0, 2121.0, 191.0) 
Voter 9: ID 311; Choice (2141.0, 1356.0, 2183.0, 1889.0, 193.0, 191.0) 
Voter 10: ID 255; Choice (1356.0, 2183.0, 433.0, 1889.0, 1905.0, 191.0) 
Voter 11: ID 634; Choice (1356.0, 2183.0, 433.0, 192.0, 1889.0, 1347.0, 1905.0, 2121.0) 
Voter 12: ID 69; Choice (1356.0, 433.0, 1347.0, 1905.0, 2092.0, 191.0) 
Voter 13: ID 655; Choice (2141.0, 1356.0, 2183.0, 1889.0, 193.0, 191.0) 
Voter 14: ID 188; Choice (2141.0, 1356.0, 2183.0, 192.0, 1889.0, 1347.0, 1905.0, 2092.0) 
Voter 15: ID 612; Choice (1211.0, 2183.0, 192.0, 193.0, 1905.0, 191.0) 
Voter 16: ID 209; Choice (1211.0, 192.0, 193.0, 2092.0, 2121.0, 191.0) 
Voter 17: ID 51; Choice (1211.0, 2141.0, 1356.0, 2183.0, 192.0, 193.0) 
Voter 18: ID 453; Choice (1211.0, 192.0, 193.0, 2092.0, 2121.0, 191.0) 
Voter 19: ID 589; Choice (1356.0, 2183.0, 433.0, 1889.0, 1905.0, 191.0) 
Voter 20: ID 601; Choice (1356.0, 2183.0, 433.0, 1889.0, 1905.0, 191.0) 
Voter 21: ID 54; Choice (2141.0, 433.0, 1889.0, 1905.0, 2092.0, 2121.0) 
Voter 22: ID 241; Choice (2141.0, 2183.0, 192.0, 1889.0, 193.0, 1347.0, 2092.0, 2121.0, 191.0) 
Voter 23: ID 348; Choice (1211.0, 2183.0, 192.0, 193.0, 1905.0, 191.0) 
Voter 24: ID 694; Choice (1356.0, 2183.0, 433.0, 1889.0, 1905.0, 191.0) 
Voter 25: ID 665; Choice (1356.0, 2183.0, 192.0, 1889.0, 193.0, 1905.0, 2092.0, 191.0, 1347.0) 
Voter 26: ID 74; Choice (1356.0, 433.0, 1889.0, 193.0, 1347.0, 2092.0, 2121.0, 191.0) 
Voter 27: ID 17; Choice (1356.0, 2183.0, 433.0, 192.0, 193.0, 1905.0, 2092.0) 
Voter 28: ID 139; Choice (1356.0, 2183.0, 192.0, 1889.0, 193.0, 1347.0, 1905.0, 2121.0, 191.0) 
Voter 29: ID 201; Choice (1211.0, 1356.0, 2183.0, 192.0, 1889.0, 1905.0, 191.0) 
Voter 30: ID 680; Choice (1211.0, 192.0, 193.0, 2092.0, 2121.0, 191.0) 
Voter 31: ID 94; Choice (1356.0, 2183.0, 433.0, 192.0, 1889.0, 193.0, 191.0) 
Voter 32: ID 168; Choice (1356.0, 2183.0, 433.0, 192.0, 193.0, 1905.0, 2092.0) 
Voter 33: ID 476; Choice (1211.0, 2141.0, 1356.0, 2183.0, 192.0, 193.0) 
Voter 34: ID 123; Choice (1356.0, 2183.0, 192.0, 1889.0, 193.0, 1347.0, 1905.0, 2121.0, 191.0) 
Voter 35: ID 610; Choice (2141.0, 433.0, 1889.0, 1905.0, 2092.0, 2121.0) 
Voter 36: ID 408; Choice (1356.0, 2183.0, 192.0, 1889.0, 193.0, 1905.0, 2092.0, 191.0) 
Voter 37: ID 740; Choice (2141.0, 1356.0, 2183.0, 192.0, 1889.0, 1347.0, 1905.0, 2092.0) 
Voter 38: ID 388; Choice (1211.0, 1356.0, 2183.0, 192.0, 1889.0, 1905.0, 191.0) 
Voter 39: ID 681; Choice (2141.0, 2183.0, 192.0, 1889.0, 193.0, 1347.0, 2092.0, 2121.0, 191.0) 
Voter 40: ID 158; Choice (1356.0, 2183.0, 433.0, 192.0, 1889.0, 1347.0, 1905.0, 2121.0) 
Voter 41: ID 223; Choice (1356.0, 2183.0, 192.0, 1889.0, 193.0, 1905.0, 2092.0, 191.0, 1347.0) 
Voter 42: ID 353; Choice (2141.0, 1356.0, 2183.0, 1889.0, 193.0, 191.0) 
Voter 43: ID 722; Choice (1211.0, 1356.0, 2183.0, 192.0, 1889.0, 1905.0, 191.0) 
Voter 44: ID 248; Choice (1211.0, 2183.0, 192.0, 193.0, 1905.0, 191.0) 
Voter 45: ID 282; Choice (2141.0, 433.0, 1889.0, 1905.0, 2092.0, 2121.0) 
Voter 46: ID 537; Choice (2141.0, 1356.0, 433.0, 1889.0, 193.0, 1347.0, 2092.0, 191.0) 
Voter 47: ID 112; Choice (1356.0, 433.0, 1347.0, 1905.0, 2092.0, 191.0) 
Voter 48: ID 407; Choice (1356.0, 2183.0, 192.0, 1889.0, 193.0, 1905.0, 2092.0, 191.0, 1347.0) 
Voter 49: ID 523; Choice (1211.0, 2141.0, 1356.0, 2183.0, 192.0, 193.0) 
Voter 50: ID 193; Choice (1356.0, 2183.0, 433.0, 192.0, 1889.0, 193.0, 191.0) 
---------------------------------------------------------------------------
After Iteration 3 :
Voter 1: ID 687; Choice (1356.0, 433.0, 1889.0, 193.0, 1347.0, 2092.0, 2121.0, 191.0) 
Voter 2: ID 244; Choice (1211.0, 2141.0, 1356.0, 2183.0, 192.0, 193.0) 
Voter 3: ID 278; Choice (1356.0, 433.0, 1889.0, 193.0, 1347.0, 2092.0, 2121.0, 191.0) 
Voter 4: ID 341; Choice (1356.0, 2183.0, 192.0, 1889.0, 193.0, 1905.0, 2092.0, 191.0, 1347.0) 
Voter 5: ID 98; Choice (1356.0, 433.0, 1347.0, 1905.0, 2092.0, 191.0) 
Voter 6: ID 163; Choice (2141.0, 1356.0, 2183.0, 1889.0, 193.0, 191.0) 
Voter 7: ID 43; Choice (1211.0, 192.0, 1889.0, 193.0, 1347.0, 2092.0) 
Voter 8: ID 654; Choice (1211.0, 1356.0, 2183.0, 192.0, 1889.0, 1905.0, 191.0) 
Voter 9: ID 311; Choice (1356.0, 2183.0, 433.0, 192.0, 1889.0, 193.0, 191.0) 
Voter 10: ID 255; Choice (1356.0, 433.0, 1347.0, 1905.0, 2092.0, 191.0) 
Voter 11: ID 634; Choice (1356.0, 2183.0, 433.0, 1889.0, 1905.0, 191.0) 
Voter 12: ID 69; Choice (1211.0, 192.0, 193.0, 2092.0, 2121.0, 191.0) 
Voter 13: ID 655; Choice (1211.0, 1356.0, 2183.0, 192.0, 1889.0, 1905.0, 191.0) 
Voter 14: ID 188; Choice (1356.0, 433.0, 1347.0, 1905.0, 2092.0, 191.0) 
Voter 15: ID 612; Choice (1356.0, 2183.0, 433.0, 1889.0, 1905.0, 191.0) 
Voter 16: ID 209; Choice (1211.0, 1356.0, 2183.0, 192.0, 1889.0, 1905.0, 191.0) 
Voter 17: ID 51; Choice (1356.0, 433.0, 1889.0, 193.0, 1347.0, 2092.0, 2121.0, 191.0) 
Voter 18: ID 453; Choice (1356.0, 2183.0, 1889.0, 193.0, 1347.0, 1905.0, 2092.0, 2121.0, 191.0) 
Voter 19: ID 589; Choice (1356.0, 2183.0, 433.0, 1889.0, 1905.0, 191.0) 
Voter 20: ID 601; Choice (1211.0, 1356.0, 2183.0, 192.0, 1889.0, 1905.0, 191.0) 
Voter 21: ID 54; Choice (1356.0, 433.0, 1889.0, 193.0, 1347.0, 2092.0, 2121.0, 191.0) 
Voter 22: ID 241; Choice (1211.0, 192.0, 1889.0, 193.0, 1347.0, 2092.0) 
Voter 23: ID 348; Choice (1211.0, 192.0, 193.0, 2092.0, 2121.0, 191.0) 
Voter 24: ID 694; Choice (1211.0, 192.0, 1889.0, 193.0, 1347.0, 2092.0) 
Voter 25: ID 665; Choice (1356.0, 2183.0, 433.0, 192.0, 1889.0, 1347.0, 1905.0, 2121.0) 
Voter 26: ID 74; Choice (1211.0, 192.0, 1889.0, 193.0, 1347.0, 2092.0) 
Voter 27: ID 17; Choice (1356.0, 2183.0, 192.0, 1889.0, 193.0, 1905.0, 2092.0, 191.0, 1347.0) 
Voter 28: ID 139; Choice (1356.0, 2183.0, 433.0, 1889.0, 1905.0, 191.0) 
Voter 29: ID 201; Choice (1356.0, 2183.0, 433.0, 192.0, 193.0, 1905.0, 2092.0) 
Voter 30: ID 680; Choice (1356.0, 2183.0, 433.0, 192.0, 1889.0, 193.0, 191.0) 
Voter 31: ID 94; Choice (2141.0, 433.0, 1889.0, 1905.0, 2092.0, 2121.0) 
Voter 32: ID 168; Choice (1356.0, 2183.0, 433.0, 192.0, 193.0, 1905.0, 2092.0) 
Voter 33: ID 476; Choice (1211.0, 192.0, 193.0, 2092.0, 2121.0, 191.0) 
Voter 34: ID 123; Choice (1211.0, 192.0, 193.0, 2092.0, 2121.0, 191.0) 
Voter 35: ID 610; Choice (1356.0, 433.0, 1889.0, 193.0, 1347.0, 2092.0, 2121.0, 191.0) 
Voter 36: ID 408; Choice (1356.0, 2183.0, 1889.0, 193.0, 1347.0, 1905.0, 2092.0, 2121.0, 191.0) 
Voter 37: ID 740; Choice (1211.0, 2141.0, 1356.0, 2183.0, 192.0, 193.0) 
Voter 38: ID 388; Choice (1211.0, 2141.0, 1356.0, 2183.0, 192.0, 193.0) 
Voter 39: ID 681; Choice (1356.0, 2183.0, 1889.0, 193.0, 1347.0, 1905.0, 2092.0, 2121.0, 191.0) 
Voter 40: ID 158; Choice (1356.0, 2183.0, 433.0, 192.0, 1889.0, 1347.0, 1905.0, 2121.0) 
Voter 41: ID 223; Choice (1356.0, 2183.0, 433.0, 192.0, 1889.0, 1347.0, 1905.0, 2121.0) 
Voter 42: ID 353; Choice (1211.0, 192.0, 193.0, 2092.0, 2121.0, 191.0) 
Voter 43: ID 722; Choice (1356.0, 433.0, 1889.0, 193.0, 1347.0, 2092.0, 2121.0, 191.0) 
Voter 44: ID 248; Choice (2141.0, 433.0, 1889.0, 1905.0, 2092.0, 2121.0) 
Voter 45: ID 282; Choice (1356.0, 2183.0, 192.0, 1889.0, 193.0, 1347.0, 1905.0, 2121.0, 191.0) 
Voter 46: ID 537; Choice (1356.0, 2183.0, 433.0, 192.0, 193.0, 1905.0, 2092.0) 
Voter 47: ID 112; Choice (2141.0, 433.0, 1889.0, 1905.0, 2092.0, 2121.0) 
Voter 48: ID 407; Choice (1356.0, 2183.0, 192.0, 1889.0, 193.0, 1905.0, 2092.0, 191.0) 
Voter 49: ID 523; Choice (1211.0, 1356.0, 2183.0, 192.0, 1889.0, 1905.0, 191.0) 
Voter 50: ID 193; Choice (1356.0, 433.0, 1347.0, 1905.0, 2092.0, 191.0) 
---------------------------------------------------------------------------
After Iteration 4 :
Voter 1: ID 687; Choice (1356.0, 2183.0, 192.0, 1889.0, 193.0, 1905.0, 2092.0, 191.0) 
Voter 2: ID 244; Choice (2141.0, 1356.0, 2183.0, 1889.0, 193.0, 191.0) 
Voter 3: ID 278; Choice (1356.0, 2183.0, 192.0, 1889.0, 193.0, 1905.0, 2092.0, 191.0, 1347.0) 
Voter 4: ID 341; Choice (1356.0, 2183.0, 192.0, 1889.0, 193.0, 1905.0, 2092.0, 191.0, 1347.0) 
Voter 5: ID 98; Choice (1356.0, 2183.0, 192.0, 1889.0, 193.0, 1905.0, 2092.0, 191.0, 1347.0) 
Voter 6: ID 163; Choice (1356.0, 2183.0, 192.0, 1889.0, 193.0, 1905.0, 2092.0, 191.0, 1347.0) 
Voter 7: ID 43; Choice (1356.0, 2183.0, 192.0, 1889.0, 193.0, 1905.0, 2092.0, 191.0, 1347.0) 
Voter 8: ID 654; Choice (1356.0, 2183.0, 192.0, 1889.0, 193.0, 1905.0, 2092.0, 191.0, 1347.0) 
Voter 9: ID 311; Choice (2141.0, 1356.0, 2183.0, 1889.0, 193.0, 191.0) 
Voter 10: ID 255; Choice (1356.0, 2183.0, 192.0, 1889.0, 193.0, 1905.0, 2092.0, 191.0, 1347.0) 
Voter 11: ID 634; Choice (1356.0, 2183.0, 192.0, 1889.0, 193.0, 1905.0, 2092.0, 191.0, 1347.0) 
Voter 12: ID 69; Choice (1356.0, 2183.0, 192.0, 1889.0, 193.0, 1905.0, 2092.0, 191.0, 1347.0) 
Voter 13: ID 655; Choice (2141.0, 1356.0, 2183.0, 1889.0, 193.0, 191.0) 
Voter 14: ID 188; Choice (1356.0, 2183.0, 192.0, 1889.0, 193.0, 1905.0, 2092.0, 191.0, 1347.0) 
Voter 15: ID 612; Choice (1356.0, 2183.0, 192.0, 1889.0, 193.0, 1905.0, 2092.0, 191.0, 1347.0) 
Voter 16: ID 209; Choice (1356.0, 2183.0, 192.0, 1889.0, 193.0, 1905.0, 2092.0, 191.0, 1347.0) 
Voter 17: ID 51; Choice (1356.0, 2183.0, 192.0, 1889.0, 193.0, 1905.0, 2092.0, 191.0, 1347.0) 
Voter 18: ID 453; Choice (1356.0, 2183.0, 1889.0, 193.0, 1347.0, 1905.0, 2092.0, 2121.0, 191.0) 
Voter 19: ID 589; Choice (1356.0, 2183.0, 192.0, 1889.0, 193.0, 1905.0, 2092.0, 191.0, 1347.0) 
Voter 20: ID 601; Choice (2141.0, 1356.0, 2183.0, 192.0, 1889.0, 1347.0, 1905.0, 2092.0) 
Voter 21: ID 54; Choice (1356.0, 2183.0, 192.0, 1889.0, 193.0, 1905.0, 2092.0, 191.0, 1347.0) 
Voter 22: ID 241; Choice (1356.0, 2183.0, 433.0, 192.0, 193.0, 1905.0, 2092.0) 
Voter 23: ID 348; Choice (1356.0, 2183.0, 192.0, 1889.0, 193.0, 1905.0, 2092.0, 191.0, 1347.0) 
Voter 24: ID 694; Choice (1356.0, 2183.0, 192.0, 1889.0, 193.0, 1905.0, 2092.0, 191.0, 1347.0) 
Voter 25: ID 665; Choice (1356.0, 2183.0, 192.0, 1889.0, 193.0, 1905.0, 2092.0, 191.0, 1347.0) 
Voter 26: ID 74; Choice (1356.0, 433.0, 1889.0, 193.0, 1347.0, 2092.0, 2121.0, 191.0) 
Voter 27: ID 17; Choice (2141.0, 1356.0, 2183.0, 192.0, 1889.0, 1347.0, 1905.0, 2092.0) 
Voter 28: ID 139; Choice (1356.0, 2183.0, 192.0, 1889.0, 193.0, 1905.0, 2092.0, 191.0, 1347.0) 
Voter 29: ID 201; Choice (1356.0, 2183.0, 192.0, 1889.0, 193.0, 1905.0, 2092.0, 191.0, 1347.0) 
Voter 30: ID 680; Choice (1356.0, 2183.0, 192.0, 1889.0, 193.0, 1905.0, 2092.0, 191.0, 1347.0) 
Voter 31: ID 94; Choice (1356.0, 2183.0, 433.0, 192.0, 1889.0, 193.0, 191.0) 
Voter 32: ID 168; Choice (1356.0, 2183.0, 433.0, 192.0, 193.0, 1905.0, 2092.0) 
Voter 33: ID 476; Choice (1356.0, 2183.0, 433.0, 192.0, 193.0, 1905.0, 2092.0) 
Voter 34: ID 123; Choice (1356.0, 2183.0, 192.0, 1889.0, 193.0, 1905.0, 2092.0, 191.0, 1347.0) 
Voter 35: ID 610; Choice (1356.0, 2183.0, 192.0, 1889.0, 193.0, 1905.0, 2092.0, 191.0, 1347.0) 
Voter 36: ID 408; Choice (1356.0, 2183.0, 192.0, 1889.0, 193.0, 1905.0, 2092.0, 191.0) 
Voter 37: ID 740; Choice (2141.0, 1356.0, 2183.0, 192.0, 1889.0, 1347.0, 1905.0, 2092.0) 
Voter 38: ID 388; Choice (2141.0, 1356.0, 2183.0, 192.0, 1889.0, 1347.0, 1905.0, 2092.0) 
Voter 39: ID 681; Choice (2141.0, 2183.0, 192.0, 1889.0, 193.0, 1347.0, 2092.0, 2121.0, 191.0) 
Voter 40: ID 158; Choice (2141.0, 1356.0, 2183.0, 192.0, 1889.0, 1347.0, 1905.0, 2092.0) 
Voter 41: ID 223; Choice (2141.0, 1356.0, 2183.0, 192.0, 1889.0, 1347.0, 1905.0, 2092.0) 
Voter 42: ID 353; Choice (2141.0, 1356.0, 2183.0, 1889.0, 193.0, 191.0) 
Voter 43: ID 722; Choice (1356.0, 2183.0, 192.0, 1889.0, 193.0, 1905.0, 2092.0, 191.0, 1347.0) 
Voter 44: ID 248; Choice (1356.0, 2183.0, 1889.0, 193.0, 1347.0, 1905.0, 2092.0, 2121.0, 191.0) 
Voter 45: ID 282; Choice (1356.0, 2183.0, 192.0, 1889.0, 193.0, 1905.0, 2092.0, 191.0, 1347.0) 
Voter 46: ID 537; Choice (1356.0, 2183.0, 192.0, 1889.0, 193.0, 1905.0, 2092.0, 191.0, 1347.0) 
Voter 47: ID 112; Choice (1356.0, 2183.0, 192.0, 1889.0, 193.0, 1905.0, 2092.0, 191.0, 1347.0) 
Voter 48: ID 407; Choice (2141.0, 1356.0, 2183.0, 192.0, 1889.0, 1347.0, 1905.0, 2092.0) 
Voter 49: ID 523; Choice (1356.0, 2183.0, 192.0, 1889.0, 193.0, 1905.0, 2092.0, 191.0, 1347.0) 
Voter 50: ID 193; Choice (1356.0, 2183.0, 192.0, 1889.0, 193.0, 1905.0, 2092.0, 191.0, 1347.0) 
---------------------------------------------------------------------------
After Iteration 5 :
Voter 1: ID 687; Choice (1356.0, 2183.0, 192.0, 1889.0, 193.0, 1905.0, 2092.0, 191.0) 
Voter 2: ID 244; Choice (2141.0, 1356.0, 2183.0, 1889.0, 193.0, 191.0) 
Voter 3: ID 278; Choice (1356.0, 2183.0, 192.0, 1889.0, 193.0, 1905.0, 2092.0, 191.0, 1347.0) 
Voter 4: ID 341; Choice (1356.0, 2183.0, 192.0, 1889.0, 193.0, 1905.0, 2092.0, 191.0, 1347.0) 
Voter 5: ID 98; Choice (1356.0, 2183.0, 192.0, 1889.0, 193.0, 1905.0, 2092.0, 191.0, 1347.0) 
Voter 6: ID 163; Choice (2141.0, 1356.0, 2183.0, 1889.0, 193.0, 191.0) 
Voter 7: ID 43; Choice (1356.0, 2183.0, 192.0, 1889.0, 193.0, 1905.0, 2092.0, 191.0, 1347.0) 
Voter 8: ID 654; Choice (1356.0, 2183.0, 192.0, 1889.0, 193.0, 1905.0, 2092.0, 191.0, 1347.0) 
Voter 9: ID 311; Choice (2141.0, 1356.0, 2183.0, 1889.0, 193.0, 191.0) 
Voter 10: ID 255; Choice (1356.0, 2183.0, 192.0, 1889.0, 193.0, 1905.0, 2092.0, 191.0, 1347.0) 
Voter 11: ID 634; Choice (1356.0, 2183.0, 192.0, 1889.0, 193.0, 1905.0, 2092.0, 191.0, 1347.0) 
Voter 12: ID 69; Choice (1356.0, 2183.0, 433.0, 192.0, 193.0, 1905.0, 2092.0) 
Voter 13: ID 655; Choice (2141.0, 1356.0, 2183.0, 1889.0, 193.0, 191.0) 
Voter 14: ID 188; Choice (1356.0, 2183.0, 192.0, 1889.0, 193.0, 1905.0, 2092.0, 191.0, 1347.0) 
Voter 15: ID 612; Choice (1356.0, 2183.0, 192.0, 1889.0, 193.0, 1905.0, 2092.0, 191.0, 1347.0) 
Voter 16: ID 209; Choice (1356.0, 2183.0, 192.0, 1889.0, 193.0, 1905.0, 2092.0, 191.0, 1347.0) 
Voter 17: ID 51; Choice (1356.0, 2183.0, 192.0, 1889.0, 193.0, 1905.0, 2092.0, 191.0, 1347.0) 
Voter 18: ID 453; Choice (1356.0, 2183.0, 192.0, 1889.0, 193.0, 1905.0, 2092.0, 191.0, 1347.0) 
Voter 19: ID 589; Choice (1356.0, 2183.0, 433.0, 192.0, 193.0, 1905.0, 2092.0) 
Voter 20: ID 601; Choice (2141.0, 1356.0, 2183.0, 192.0, 1889.0, 1347.0, 1905.0, 2092.0) 
Voter 21: ID 54; Choice (1356.0, 2183.0, 192.0, 1889.0, 193.0, 1905.0, 2092.0, 191.0, 1347.0) 
Voter 22: ID 241; Choice (1356.0, 2183.0, 192.0, 1889.0, 193.0, 1905.0, 2092.0, 191.0, 1347.0) 
Voter 23: ID 348; Choice (1356.0, 2183.0, 192.0, 1889.0, 193.0, 1905.0, 2092.0, 191.0, 1347.0) 
Voter 24: ID 694; Choice (1356.0, 2183.0, 192.0, 1889.0, 193.0, 1905.0, 2092.0, 191.0, 1347.0) 
Voter 25: ID 665; Choice (1356.0, 2183.0, 192.0, 1889.0, 193.0, 1905.0, 2092.0, 191.0, 1347.0) 
Voter 26: ID 74; Choice (1356.0, 2183.0, 192.0, 1889.0, 193.0, 1905.0, 2092.0, 191.0, 1347.0) 
Voter 27: ID 17; Choice (1356.0, 2183.0, 192.0, 1889.0, 193.0, 1905.0, 2092.0, 191.0, 1347.0) 
Voter 28: ID 139; Choice (1356.0, 2183.0, 433.0, 192.0, 193.0, 1905.0, 2092.0) 
Voter 29: ID 201; Choice (1356.0, 2183.0, 192.0, 1889.0, 193.0, 1905.0, 2092.0, 191.0, 1347.0) 
Voter 30: ID 680; Choice (1356.0, 2183.0, 192.0, 1889.0, 193.0, 1905.0, 2092.0, 191.0, 1347.0) 
Voter 31: ID 94; Choice (1356.0, 2183.0, 192.0, 1889.0, 193.0, 1905.0, 2092.0, 191.0, 1347.0) 
Voter 32: ID 168; Choice (1356.0, 2183.0, 192.0, 1889.0, 193.0, 1905.0, 2092.0, 191.0, 1347.0) 
Voter 33: ID 476; Choice (1356.0, 2183.0, 433.0, 192.0, 193.0, 1905.0, 2092.0) 
Voter 34: ID 123; Choice (1356.0, 2183.0, 192.0, 1889.0, 193.0, 1905.0, 2092.0, 191.0, 1347.0) 
Voter 35: ID 610; Choice (1356.0, 2183.0, 192.0, 1889.0, 193.0, 1905.0, 2092.0, 191.0, 1347.0) 
Voter 36: ID 408; Choice (1356.0, 2183.0, 192.0, 1889.0, 193.0, 1905.0, 2092.0, 191.0) 
Voter 37: ID 740; Choice (2141.0, 1356.0, 2183.0, 192.0, 1889.0, 1347.0, 1905.0, 2092.0) 
Voter 38: ID 388; Choice (1356.0, 2183.0, 192.0, 1889.0, 193.0, 1905.0, 2092.0, 191.0, 1347.0) 
Voter 39: ID 681; Choice (1356.0, 2183.0, 433.0, 192.0, 193.0, 1905.0, 2092.0) 
Voter 40: ID 158; Choice (1356.0, 2183.0, 433.0, 192.0, 1889.0, 1347.0, 1905.0, 2121.0) 
Voter 41: ID 223; Choice (1356.0, 2183.0, 192.0, 1889.0, 193.0, 1905.0, 2092.0, 191.0, 1347.0) 
Voter 42: ID 353; Choice (2141.0, 1356.0, 2183.0, 1889.0, 193.0, 191.0) 
Voter 43: ID 722; Choice (1356.0, 2183.0, 192.0, 1889.0, 193.0, 1905.0, 2092.0, 191.0, 1347.0) 
Voter 44: ID 248; Choice (1356.0, 2183.0, 1889.0, 193.0, 1347.0, 1905.0, 2092.0, 2121.0, 191.0) 
Voter 45: ID 282; Choice (1356.0, 2183.0, 192.0, 1889.0, 193.0, 1905.0, 2092.0, 191.0, 1347.0) 
Voter 46: ID 537; Choice (1356.0, 2183.0, 192.0, 1889.0, 193.0, 1905.0, 2092.0, 191.0, 1347.0) 
Voter 47: ID 112; Choice (1356.0, 2183.0, 192.0, 1889.0, 193.0, 1905.0, 2092.0, 191.0, 1347.0) 
Voter 48: ID 407; Choice (2141.0, 1356.0, 2183.0, 192.0, 1889.0, 1347.0, 1905.0, 2092.0) 
Voter 49: ID 523; Choice (1356.0, 2183.0, 192.0, 1889.0, 193.0, 1905.0, 2092.0, 191.0, 1347.0) 
Voter 50: ID 193; Choice (1356.0, 2183.0, 433.0, 192.0, 193.0, 1905.0, 2092.0) 
---------------------------------------------------------------------------
After Iteration 6 :
Voter 1: ID 687; Choice (1356.0, 2183.0, 192.0, 1889.0, 193.0, 1905.0, 2092.0, 191.0, 1347.0) 
Voter 2: ID 244; Choice (2141.0, 1356.0, 2183.0, 1889.0, 193.0, 191.0) 
Voter 3: ID 278; Choice (1356.0, 2183.0, 192.0, 1889.0, 193.0, 1905.0, 2092.0, 191.0, 1347.0) 
Voter 4: ID 341; Choice (1356.0, 2183.0, 192.0, 1889.0, 193.0, 1905.0, 2092.0, 191.0, 1347.0) 
Voter 5: ID 98; Choice (1356.0, 2183.0, 192.0, 1889.0, 193.0, 1905.0, 2092.0, 191.0, 1347.0) 
Voter 6: ID 163; Choice (1356.0, 2183.0, 192.0, 1889.0, 193.0, 1905.0, 2092.0, 191.0, 1347.0) 
Voter 7: ID 43; Choice (1356.0, 2183.0, 192.0, 1889.0, 193.0, 1905.0, 2092.0, 191.0, 1347.0) 
Voter 8: ID 654; Choice (1356.0, 2183.0, 192.0, 1889.0, 193.0, 1905.0, 2092.0, 191.0, 1347.0) 
Voter 9: ID 311; Choice (2141.0, 1356.0, 2183.0, 1889.0, 193.0, 191.0) 
Voter 10: ID 255; Choice (1356.0, 2183.0, 192.0, 1889.0, 193.0, 1905.0, 2092.0, 191.0, 1347.0) 
Voter 11: ID 634; Choice (1356.0, 2183.0, 192.0, 1889.0, 193.0, 1905.0, 2092.0, 191.0, 1347.0) 
Voter 12: ID 69; Choice (1356.0, 2183.0, 192.0, 1889.0, 193.0, 1905.0, 2092.0, 191.0, 1347.0) 
Voter 13: ID 655; Choice (2141.0, 1356.0, 2183.0, 1889.0, 193.0, 191.0) 
Voter 14: ID 188; Choice (1356.0, 2183.0, 192.0, 1889.0, 193.0, 1905.0, 2092.0, 191.0, 1347.0) 
Voter 15: ID 612; Choice (1356.0, 2183.0, 192.0, 1889.0, 193.0, 1905.0, 2092.0, 191.0, 1347.0) 
Voter 16: ID 209; Choice (1356.0, 2183.0, 192.0, 1889.0, 193.0, 1905.0, 2092.0, 191.0, 1347.0) 
Voter 17: ID 51; Choice (1356.0, 2183.0, 192.0, 1889.0, 193.0, 1905.0, 2092.0, 191.0, 1347.0) 
Voter 18: ID 453; Choice (2141.0, 1356.0, 2183.0, 192.0, 1889.0, 1347.0, 1905.0, 2092.0) 
Voter 19: ID 589; Choice (1356.0, 2183.0, 192.0, 1889.0, 193.0, 1905.0, 2092.0, 191.0, 1347.0) 
Voter 20: ID 601; Choice (2141.0, 1356.0, 2183.0, 192.0, 1889.0, 1347.0, 1905.0, 2092.0) 
Voter 21: ID 54; Choice (1356.0, 2183.0, 192.0, 1889.0, 193.0, 1905.0, 2092.0, 191.0, 1347.0) 
Voter 22: ID 241; Choice (1356.0, 2183.0, 1889.0, 193.0, 1347.0, 1905.0, 2092.0, 2121.0, 191.0) 
Voter 23: ID 348; Choice (1356.0, 2183.0, 192.0, 1889.0, 193.0, 1905.0, 2092.0, 191.0, 1347.0) 
Voter 24: ID 694; Choice (1356.0, 2183.0, 192.0, 1889.0, 193.0, 1905.0, 2092.0, 191.0, 1347.0) 
Voter 25: ID 665; Choice (1356.0, 2183.0, 192.0, 1889.0, 193.0, 1905.0, 2092.0, 191.0, 1347.0) 
Voter 26: ID 74; Choice (1356.0, 2183.0, 1889.0, 193.0, 1347.0, 1905.0, 2092.0, 2121.0, 191.0) 
Voter 27: ID 17; Choice (1356.0, 2183.0, 192.0, 1889.0, 193.0, 1905.0, 2092.0, 191.0, 1347.0) 
Voter 28: ID 139; Choice (1356.0, 2183.0, 192.0, 1889.0, 193.0, 1905.0, 2092.0, 191.0, 1347.0) 
Voter 29: ID 201; Choice (1356.0, 2183.0, 192.0, 1889.0, 193.0, 1905.0, 2092.0, 191.0, 1347.0) 
Voter 30: ID 680; Choice (1356.0, 2183.0, 192.0, 1889.0, 193.0, 1905.0, 2092.0, 191.0, 1347.0) 
Voter 31: ID 94; Choice (1356.0, 2183.0, 192.0, 1889.0, 193.0, 1905.0, 2092.0, 191.0, 1347.0) 
Voter 32: ID 168; Choice (1356.0, 2183.0, 192.0, 1889.0, 193.0, 1905.0, 2092.0, 191.0, 1347.0) 
Voter 33: ID 476; Choice (1356.0, 2183.0, 433.0, 192.0, 193.0, 1905.0, 2092.0) 
Voter 34: ID 123; Choice (1356.0, 2183.0, 192.0, 1889.0, 193.0, 1905.0, 2092.0, 191.0, 1347.0) 
Voter 35: ID 610; Choice (1356.0, 2183.0, 192.0, 1889.0, 193.0, 1905.0, 2092.0, 191.0, 1347.0) 
Voter 36: ID 408; Choice (2141.0, 1356.0, 2183.0, 192.0, 1889.0, 1347.0, 1905.0, 2092.0) 
Voter 37: ID 740; Choice (1356.0, 2183.0, 192.0, 1889.0, 193.0, 1905.0, 2092.0, 191.0, 1347.0) 
Voter 38: ID 388; Choice (2141.0, 1356.0, 2183.0, 192.0, 1889.0, 1347.0, 1905.0, 2092.0) 
Voter 39: ID 681; Choice (1356.0, 2183.0, 192.0, 1889.0, 193.0, 1905.0, 2092.0, 191.0, 1347.0) 
Voter 40: ID 158; Choice (1356.0, 2183.0, 192.0, 1889.0, 193.0, 1905.0, 2092.0, 191.0, 1347.0) 
Voter 41: ID 223; Choice (1356.0, 2183.0, 192.0, 1889.0, 193.0, 1905.0, 2092.0, 191.0, 1347.0) 
Voter 42: ID 353; Choice (1356.0, 2183.0, 192.0, 1889.0, 193.0, 1905.0, 2092.0, 191.0, 1347.0) 
Voter 43: ID 722; Choice (1356.0, 2183.0, 192.0, 1889.0, 193.0, 1905.0, 2092.0, 191.0, 1347.0) 
Voter 44: ID 248; Choice (1356.0, 2183.0, 1889.0, 193.0, 1347.0, 1905.0, 2092.0, 2121.0, 191.0) 
Voter 45: ID 282; Choice (1211.0, 192.0, 193.0, 2092.0, 2121.0, 191.0) 
Voter 46: ID 537; Choice (1356.0, 2183.0, 192.0, 1889.0, 193.0, 1905.0, 2092.0, 191.0, 1347.0) 
Voter 47: ID 112; Choice (1356.0, 2183.0, 192.0, 1889.0, 193.0, 1905.0, 2092.0, 191.0, 1347.0) 
Voter 48: ID 407; Choice (1356.0, 2183.0, 1889.0, 193.0, 1347.0, 1905.0, 2092.0, 2121.0, 191.0) 
Voter 49: ID 523; Choice (1356.0, 2183.0, 192.0, 1889.0, 193.0, 1905.0, 2092.0, 191.0, 1347.0) 
Voter 50: ID 193; Choice (1356.0, 2183.0, 192.0, 1889.0, 193.0, 1905.0, 2092.0, 191.0, 1347.0) 
---------------------------------------------------------------------------
After Iteration 7 :
Voter 1: ID 687; Choice (1356.0, 2183.0, 433.0, 192.0, 193.0, 1905.0, 2092.0) 
Voter 2: ID 244; Choice (2141.0, 1356.0, 2183.0, 1889.0, 193.0, 191.0) 
Voter 3: ID 278; Choice (1356.0, 2183.0, 192.0, 1889.0, 193.0, 1905.0, 2092.0, 191.0, 1347.0) 
Voter 4: ID 341; Choice (1356.0, 2183.0, 192.0, 1889.0, 193.0, 1905.0, 2092.0, 191.0, 1347.0) 
Voter 5: ID 98; Choice (1356.0, 2183.0, 192.0, 1889.0, 193.0, 1905.0, 2092.0, 191.0, 1347.0) 
Voter 6: ID 163; Choice (1356.0, 2183.0, 192.0, 1889.0, 193.0, 1905.0, 2092.0, 191.0, 1347.0) 
Voter 7: ID 43; Choice (1356.0, 2183.0, 192.0, 1889.0, 193.0, 1905.0, 2092.0, 191.0, 1347.0) 
Voter 8: ID 654; Choice (1356.0, 2183.0, 192.0, 1889.0, 193.0, 1905.0, 2092.0, 191.0, 1347.0) 
Voter 9: ID 311; Choice (1356.0, 2183.0, 192.0, 1889.0, 193.0, 1905.0, 2092.0, 191.0, 1347.0) 
Voter 10: ID 255; Choice (1356.0, 2183.0, 192.0, 1889.0, 193.0, 1905.0, 2092.0, 191.0, 1347.0) 
Voter 11: ID 634; Choice (1356.0, 2183.0, 192.0, 1889.0, 193.0, 1905.0, 2092.0, 191.0, 1347.0) 
Voter 12: ID 69; Choice (1356.0, 2183.0, 192.0, 1889.0, 193.0, 1905.0, 2092.0, 191.0, 1347.0) 
Voter 13: ID 655; Choice (2141.0, 1356.0, 2183.0, 1889.0, 193.0, 191.0) 
Voter 14: ID 188; Choice (1356.0, 2183.0, 192.0, 1889.0, 193.0, 1905.0, 2092.0, 191.0, 1347.0) 
Voter 15: ID 612; Choice (1356.0, 2183.0, 192.0, 1889.0, 193.0, 1905.0, 2092.0, 191.0, 1347.0) 
Voter 16: ID 209; Choice (1356.0, 2183.0, 192.0, 1889.0, 193.0, 1905.0, 2092.0, 191.0, 1347.0) 
Voter 17: ID 51; Choice (1356.0, 2183.0, 192.0, 1889.0, 193.0, 1905.0, 2092.0, 191.0, 1347.0) 
Voter 18: ID 453; Choice (1356.0, 2183.0, 192.0, 1889.0, 193.0, 1905.0, 2092.0, 191.0, 1347.0) 
Voter 19: ID 589; Choice (1356.0, 2183.0, 192.0, 1889.0, 193.0, 1905.0, 2092.0, 191.0, 1347.0) 
Voter 20: ID 601; Choice (1356.0, 2183.0, 433.0, 192.0, 193.0, 1905.0, 2092.0) 
Voter 21: ID 54; Choice (1356.0, 2183.0, 192.0, 1889.0, 193.0, 1905.0, 2092.0, 191.0, 1347.0) 
Voter 22: ID 241; Choice (1356.0, 2183.0, 192.0, 1889.0, 193.0, 1905.0, 2092.0, 191.0, 1347.0) 
Voter 23: ID 348; Choice (1356.0, 2183.0, 192.0, 1889.0, 193.0, 1905.0, 2092.0, 191.0, 1347.0) 
Voter 24: ID 694; Choice (1356.0, 2183.0, 192.0, 1889.0, 193.0, 1905.0, 2092.0, 191.0, 1347.0) 
Voter 25: ID 665; Choice (1356.0, 2183.0, 192.0, 1889.0, 193.0, 1905.0, 2092.0, 191.0, 1347.0) 
Voter 26: ID 74; Choice (1356.0, 2183.0, 192.0, 1889.0, 193.0, 1905.0, 2092.0, 191.0, 1347.0) 
Voter 27: ID 17; Choice (1356.0, 2183.0, 192.0, 1889.0, 193.0, 1905.0, 2092.0, 191.0, 1347.0) 
Voter 28: ID 139; Choice (1356.0, 2183.0, 192.0, 1889.0, 193.0, 1905.0, 2092.0, 191.0, 1347.0) 
Voter 29: ID 201; Choice (1356.0, 2183.0, 192.0, 1889.0, 193.0, 1905.0, 2092.0, 191.0, 1347.0) 
Voter 30: ID 680; Choice (1356.0, 2183.0, 192.0, 1889.0, 193.0, 1905.0, 2092.0, 191.0, 1347.0) 
Voter 31: ID 94; Choice (1356.0, 2183.0, 192.0, 1889.0, 193.0, 1905.0, 2092.0, 191.0, 1347.0) 
Voter 32: ID 168; Choice (1356.0, 2183.0, 192.0, 1889.0, 193.0, 1905.0, 2092.0, 191.0, 1347.0) 
Voter 33: ID 476; Choice (1356.0, 2183.0, 433.0, 192.0, 193.0, 1905.0, 2092.0) 
Voter 34: ID 123; Choice (1356.0, 2183.0, 192.0, 1889.0, 193.0, 1905.0, 2092.0, 191.0, 1347.0) 
Voter 35: ID 610; Choice (1356.0, 2183.0, 192.0, 1889.0, 193.0, 1905.0, 2092.0, 191.0, 1347.0) 
Voter 36: ID 408; Choice (1356.0, 2183.0, 1889.0, 193.0, 1347.0, 1905.0, 2092.0, 2121.0, 191.0) 
Voter 37: ID 740; Choice (1356.0, 2183.0, 192.0, 1889.0, 193.0, 1905.0, 2092.0, 191.0, 1347.0) 
Voter 38: ID 388; Choice (1356.0, 2183.0, 192.0, 1889.0, 193.0, 1905.0, 2092.0, 191.0, 1347.0) 
Voter 39: ID 681; Choice (1356.0, 2183.0, 192.0, 1889.0, 193.0, 1905.0, 2092.0, 191.0, 1347.0) 
Voter 40: ID 158; Choice (1356.0, 2183.0, 192.0, 1889.0, 193.0, 1905.0, 2092.0, 191.0, 1347.0) 
Voter 41: ID 223; Choice (1356.0, 2183.0, 192.0, 1889.0, 193.0, 1905.0, 2092.0, 191.0, 1347.0) 
Voter 42: ID 353; Choice (1356.0, 2183.0, 192.0, 1889.0, 193.0, 1905.0, 2092.0, 191.0, 1347.0) 
Voter 43: ID 722; Choice (1356.0, 2183.0, 192.0, 1889.0, 193.0, 1905.0, 2092.0, 191.0, 1347.0) 
Voter 44: ID 248; Choice (1356.0, 2183.0, 1889.0, 193.0, 1347.0, 1905.0, 2092.0, 2121.0, 191.0) 
Voter 45: ID 282; Choice (1356.0, 2183.0, 192.0, 1889.0, 193.0, 1905.0, 2092.0, 191.0, 1347.0) 
Voter 46: ID 537; Choice (1356.0, 2183.0, 192.0, 1889.0, 193.0, 1905.0, 2092.0, 191.0, 1347.0) 
Voter 47: ID 112; Choice (1356.0, 2183.0, 192.0, 1889.0, 193.0, 1905.0, 2092.0, 191.0, 1347.0) 
Voter 48: ID 407; Choice (1356.0, 2183.0, 192.0, 1889.0, 193.0, 1905.0, 2092.0, 191.0, 1347.0) 
Voter 49: ID 523; Choice (1356.0, 2183.0, 192.0, 1889.0, 193.0, 1905.0, 2092.0, 191.0, 1347.0) 
Voter 50: ID 193; Choice (1356.0, 2183.0, 192.0, 1889.0, 193.0, 1905.0, 2092.0, 191.0, 1347.0) 
---------------------------------------------------------------------------
After Iteration 8 :
Voter 1: ID 687; Choice (1356.0, 2183.0, 192.0, 1889.0, 193.0, 1905.0, 2092.0, 191.0, 1347.0) 
Voter 2: ID 244; Choice (1356.0, 2183.0, 192.0, 1889.0, 193.0, 1905.0, 2092.0, 191.0, 1347.0) 
Voter 3: ID 278; Choice (1356.0, 2183.0, 192.0, 1889.0, 193.0, 1905.0, 2092.0, 191.0, 1347.0) 
Voter 4: ID 341; Choice (1356.0, 2183.0, 192.0, 1889.0, 193.0, 1905.0, 2092.0, 191.0, 1347.0) 
Voter 5: ID 98; Choice (1356.0, 2183.0, 192.0, 1889.0, 193.0, 1905.0, 2092.0, 191.0, 1347.0) 
Voter 6: ID 163; Choice (1356.0, 2183.0, 192.0, 1889.0, 193.0, 1905.0, 2092.0, 191.0, 1347.0) 
Voter 7: ID 43; Choice (1356.0, 2183.0, 192.0, 1889.0, 193.0, 1905.0, 2092.0, 191.0, 1347.0) 
Voter 8: ID 654; Choice (1356.0, 2183.0, 192.0, 1889.0, 193.0, 1905.0, 2092.0, 191.0, 1347.0) 
Voter 9: ID 311; Choice (1356.0, 2183.0, 192.0, 1889.0, 193.0, 1905.0, 2092.0, 191.0, 1347.0) 
Voter 10: ID 255; Choice (1356.0, 2183.0, 192.0, 1889.0, 193.0, 1905.0, 2092.0, 191.0, 1347.0) 
Voter 11: ID 634; Choice (1356.0, 2183.0, 192.0, 1889.0, 193.0, 1905.0, 2092.0, 191.0, 1347.0) 
Voter 12: ID 69; Choice (2141.0, 433.0, 1889.0, 1905.0, 2092.0, 2121.0) 
Voter 13: ID 655; Choice (1356.0, 2183.0, 192.0, 1889.0, 193.0, 1905.0, 2092.0, 191.0, 1347.0) 
Voter 14: ID 188; Choice (1356.0, 2183.0, 192.0, 1889.0, 193.0, 1905.0, 2092.0, 191.0, 1347.0) 
Voter 15: ID 612; Choice (1356.0, 2183.0, 192.0, 1889.0, 193.0, 1905.0, 2092.0, 191.0, 1347.0) 
Voter 16: ID 209; Choice (1356.0, 2183.0, 192.0, 1889.0, 193.0, 1905.0, 2092.0, 191.0, 1347.0) 
Voter 17: ID 51; Choice (1356.0, 2183.0, 192.0, 1889.0, 193.0, 1905.0, 2092.0, 191.0, 1347.0) 
Voter 18: ID 453; Choice (1356.0, 2183.0, 192.0, 1889.0, 193.0, 1905.0, 2092.0, 191.0, 1347.0) 
Voter 19: ID 589; Choice (1356.0, 2183.0, 192.0, 1889.0, 193.0, 1905.0, 2092.0, 191.0, 1347.0) 
Voter 20: ID 601; Choice (2141.0, 1356.0, 2183.0, 192.0, 1889.0, 1347.0, 1905.0, 2092.0) 
Voter 21: ID 54; Choice (1356.0, 2183.0, 192.0, 1889.0, 193.0, 1905.0, 2092.0, 191.0, 1347.0) 
Voter 22: ID 241; Choice (1356.0, 2183.0, 192.0, 1889.0, 193.0, 1905.0, 2092.0, 191.0, 1347.0) 
Voter 23: ID 348; Choice (1356.0, 2183.0, 192.0, 1889.0, 193.0, 1905.0, 2092.0, 191.0, 1347.0) 
Voter 24: ID 694; Choice (1356.0, 2183.0, 192.0, 1889.0, 193.0, 1905.0, 2092.0, 191.0, 1347.0) 
Voter 25: ID 665; Choice (1356.0, 2183.0, 192.0, 1889.0, 193.0, 1905.0, 2092.0, 191.0, 1347.0) 
Voter 26: ID 74; Choice (1356.0, 2183.0, 192.0, 1889.0, 193.0, 1905.0, 2092.0, 191.0, 1347.0) 
Voter 27: ID 17; Choice (1356.0, 2183.0, 192.0, 1889.0, 193.0, 1905.0, 2092.0, 191.0, 1347.0) 
Voter 28: ID 139; Choice (1356.0, 2183.0, 192.0, 1889.0, 193.0, 1905.0, 2092.0, 191.0, 1347.0) 
Voter 29: ID 201; Choice (1356.0, 2183.0, 192.0, 1889.0, 193.0, 1905.0, 2092.0, 191.0, 1347.0) 
Voter 30: ID 680; Choice (1356.0, 2183.0, 192.0, 1889.0, 193.0, 1905.0, 2092.0, 191.0, 1347.0) 
Voter 31: ID 94; Choice (1356.0, 2183.0, 192.0, 1889.0, 193.0, 1905.0, 2092.0, 191.0, 1347.0) 
Voter 32: ID 168; Choice (1356.0, 2183.0, 192.0, 1889.0, 193.0, 1905.0, 2092.0, 191.0, 1347.0) 
Voter 33: ID 476; Choice (1356.0, 2183.0, 192.0, 1889.0, 193.0, 1905.0, 2092.0, 191.0, 1347.0) 
Voter 34: ID 123; Choice (1356.0, 2183.0, 192.0, 1889.0, 193.0, 1905.0, 2092.0, 191.0, 1347.0) 
Voter 35: ID 610; Choice (1356.0, 2183.0, 192.0, 1889.0, 193.0, 1905.0, 2092.0, 191.0, 1347.0) 
Voter 36: ID 408; Choice (1356.0, 2183.0, 192.0, 1889.0, 193.0, 1905.0, 2092.0, 191.0, 1347.0) 
Voter 37: ID 740; Choice (1356.0, 2183.0, 192.0, 1889.0, 193.0, 1905.0, 2092.0, 191.0, 1347.0) 
Voter 38: ID 388; Choice (1356.0, 2183.0, 192.0, 1889.0, 193.0, 1905.0, 2092.0, 191.0, 1347.0) 
Voter 39: ID 681; Choice (1356.0, 2183.0, 192.0, 1889.0, 193.0, 1905.0, 2092.0, 191.0, 1347.0) 
Voter 40: ID 158; Choice (1356.0, 2183.0, 192.0, 1889.0, 193.0, 1905.0, 2092.0, 191.0, 1347.0) 
Voter 41: ID 223; Choice (1356.0, 2183.0, 192.0, 1889.0, 193.0, 1905.0, 2092.0, 191.0, 1347.0) 
Voter 42: ID 353; Choice (1356.0, 2183.0, 192.0, 1889.0, 193.0, 1905.0, 2092.0, 191.0, 1347.0) 
Voter 43: ID 722; Choice (1356.0, 2183.0, 192.0, 1889.0, 193.0, 1905.0, 2092.0, 191.0, 1347.0) 
Voter 44: ID 248; Choice (1356.0, 2183.0, 1889.0, 193.0, 1347.0, 1905.0, 2092.0, 2121.0, 191.0) 
Voter 45: ID 282; Choice (1356.0, 2183.0, 192.0, 1889.0, 193.0, 1905.0, 2092.0, 191.0, 1347.0) 
Voter 46: ID 537; Choice (1356.0, 2183.0, 192.0, 1889.0, 193.0, 1905.0, 2092.0, 191.0, 1347.0) 
Voter 47: ID 112; Choice (1356.0, 2183.0, 192.0, 1889.0, 193.0, 1905.0, 2092.0, 191.0, 1347.0) 
Voter 48: ID 407; Choice (1356.0, 2183.0, 192.0, 1889.0, 193.0, 1905.0, 2092.0, 191.0, 1347.0) 
Voter 49: ID 523; Choice (1356.0, 2183.0, 192.0, 1889.0, 193.0, 1905.0, 2092.0, 191.0, 1347.0) 
Voter 50: ID 193; Choice (1356.0, 2183.0, 192.0, 1889.0, 193.0, 1905.0, 2092.0, 191.0, 1347.0) 
---------------------------------------------------------------------------
After Iteration 9 :
Voter 1: ID 687; Choice (1356.0, 2183.0, 192.0, 1889.0, 193.0, 1905.0, 2092.0, 191.0, 1347.0) 
Voter 2: ID 244; Choice (1356.0, 2183.0, 192.0, 1889.0, 193.0, 1905.0, 2092.0, 191.0, 1347.0) 
Voter 3: ID 278; Choice (1356.0, 2183.0, 192.0, 1889.0, 193.0, 1905.0, 2092.0, 191.0, 1347.0) 
Voter 4: ID 341; Choice (1356.0, 2183.0, 192.0, 1889.0, 193.0, 1905.0, 2092.0, 191.0, 1347.0) 
Voter 5: ID 98; Choice (1356.0, 2183.0, 192.0, 1889.0, 193.0, 1905.0, 2092.0, 191.0, 1347.0) 
Voter 6: ID 163; Choice (1356.0, 2183.0, 192.0, 1889.0, 193.0, 1905.0, 2092.0, 191.0, 1347.0) 
Voter 7: ID 43; Choice (1356.0, 2183.0, 192.0, 1889.0, 193.0, 1905.0, 2092.0, 191.0, 1347.0) 
Voter 8: ID 654; Choice (1356.0, 2183.0, 192.0, 1889.0, 193.0, 1905.0, 2092.0, 191.0, 1347.0) 
Voter 9: ID 311; Choice (1356.0, 2183.0, 192.0, 1889.0, 193.0, 1905.0, 2092.0, 191.0, 1347.0) 
Voter 10: ID 255; Choice (1356.0, 2183.0, 192.0, 1889.0, 193.0, 1905.0, 2092.0, 191.0, 1347.0) 
Voter 11: ID 634; Choice (1356.0, 2183.0, 192.0, 1889.0, 193.0, 1905.0, 2092.0, 191.0, 1347.0) 
Voter 12: ID 69; Choice (1356.0, 2183.0, 192.0, 1889.0, 193.0, 1905.0, 2092.0, 191.0, 1347.0) 
Voter 13: ID 655; Choice (2141.0, 1356.0, 2183.0, 192.0, 1889.0, 1347.0, 1905.0, 2092.0) 
Voter 14: ID 188; Choice (1356.0, 2183.0, 192.0, 1889.0, 193.0, 1905.0, 2092.0, 191.0, 1347.0) 
Voter 15: ID 612; Choice (1356.0, 2183.0, 192.0, 1889.0, 193.0, 1905.0, 2092.0, 191.0, 1347.0) 
Voter 16: ID 209; Choice (1356.0, 2183.0, 192.0, 1889.0, 193.0, 1905.0, 2092.0, 191.0, 1347.0) 
Voter 17: ID 51; Choice (1356.0, 2183.0, 192.0, 1889.0, 193.0, 1905.0, 2092.0, 191.0, 1347.0) 
Voter 18: ID 453; Choice (1356.0, 2183.0, 192.0, 1889.0, 193.0, 1905.0, 2092.0, 191.0, 1347.0) 
Voter 19: ID 589; Choice (1356.0, 2183.0, 192.0, 1889.0, 193.0, 1905.0, 2092.0, 191.0, 1347.0) 
Voter 20: ID 601; Choice (2141.0, 1356.0, 2183.0, 192.0, 1889.0, 1347.0, 1905.0, 2092.0) 
Voter 21: ID 54; Choice (1356.0, 2183.0, 192.0, 1889.0, 193.0, 1905.0, 2092.0, 191.0, 1347.0) 
Voter 22: ID 241; Choice (1356.0, 2183.0, 192.0, 1889.0, 193.0, 1905.0, 2092.0, 191.0, 1347.0) 
Voter 23: ID 348; Choice (1356.0, 2183.0, 192.0, 1889.0, 193.0, 1905.0, 2092.0, 191.0, 1347.0) 
Voter 24: ID 694; Choice (1356.0, 2183.0, 192.0, 1889.0, 193.0, 1905.0, 2092.0, 191.0, 1347.0) 
Voter 25: ID 665; Choice (1356.0, 2183.0, 192.0, 1889.0, 193.0, 1905.0, 2092.0, 191.0, 1347.0) 
Voter 26: ID 74; Choice (1356.0, 2183.0, 192.0, 1889.0, 193.0, 1905.0, 2092.0, 191.0, 1347.0) 
Voter 27: ID 17; Choice (1356.0, 2183.0, 192.0, 1889.0, 193.0, 1905.0, 2092.0, 191.0, 1347.0) 
Voter 28: ID 139; Choice (1356.0, 2183.0, 192.0, 1889.0, 193.0, 1905.0, 2092.0, 191.0, 1347.0) 
Voter 29: ID 201; Choice (1356.0, 2183.0, 192.0, 1889.0, 193.0, 1905.0, 2092.0, 191.0, 1347.0) 
Voter 30: ID 680; Choice (1356.0, 2183.0, 192.0, 1889.0, 193.0, 1905.0, 2092.0, 191.0, 1347.0) 
Voter 31: ID 94; Choice (1356.0, 2183.0, 192.0, 1889.0, 193.0, 1905.0, 2092.0, 191.0, 1347.0) 
Voter 32: ID 168; Choice (1356.0, 2183.0, 192.0, 1889.0, 193.0, 1905.0, 2092.0, 191.0, 1347.0) 
Voter 33: ID 476; Choice (1356.0, 2183.0, 192.0, 1889.0, 193.0, 1905.0, 2092.0, 191.0, 1347.0) 
Voter 34: ID 123; Choice (1356.0, 2183.0, 192.0, 1889.0, 193.0, 1905.0, 2092.0, 191.0, 1347.0) 
Voter 35: ID 610; Choice (1356.0, 2183.0, 192.0, 1889.0, 193.0, 1905.0, 2092.0, 191.0, 1347.0) 
Voter 36: ID 408; Choice (1356.0, 2183.0, 192.0, 1889.0, 193.0, 1905.0, 2092.0, 191.0, 1347.0) 
Voter 37: ID 740; Choice (1356.0, 2183.0, 192.0, 1889.0, 193.0, 1905.0, 2092.0, 191.0, 1347.0) 
Voter 38: ID 388; Choice (1356.0, 2183.0, 192.0, 1889.0, 193.0, 1905.0, 2092.0, 191.0, 1347.0) 
Voter 39: ID 681; Choice (1356.0, 2183.0, 192.0, 1889.0, 193.0, 1905.0, 2092.0, 191.0, 1347.0) 
Voter 40: ID 158; Choice (1356.0, 2183.0, 192.0, 1889.0, 193.0, 1905.0, 2092.0, 191.0, 1347.0) 
Voter 41: ID 223; Choice (1356.0, 2183.0, 192.0, 1889.0, 193.0, 1905.0, 2092.0, 191.0, 1347.0) 
Voter 42: ID 353; Choice (1356.0, 2183.0, 192.0, 1889.0, 193.0, 1905.0, 2092.0, 191.0, 1347.0) 
Voter 43: ID 722; Choice (1356.0, 2183.0, 192.0, 1889.0, 193.0, 1905.0, 2092.0, 191.0, 1347.0) 
Voter 44: ID 248; Choice (1356.0, 2183.0, 1889.0, 193.0, 1347.0, 1905.0, 2092.0, 2121.0, 191.0) 
Voter 45: ID 282; Choice (1356.0, 2183.0, 192.0, 1889.0, 193.0, 1905.0, 2092.0, 191.0, 1347.0) 
Voter 46: ID 537; Choice (1356.0, 2183.0, 192.0, 1889.0, 193.0, 1905.0, 2092.0, 191.0, 1347.0) 
Voter 47: ID 112; Choice (1356.0, 2183.0, 192.0, 1889.0, 193.0, 1905.0, 2092.0, 191.0, 1347.0) 
Voter 48: ID 407; Choice (1356.0, 2183.0, 192.0, 1889.0, 193.0, 1905.0, 2092.0, 191.0, 1347.0) 
Voter 49: ID 523; Choice (1356.0, 2183.0, 192.0, 1889.0, 193.0, 1905.0, 2092.0, 191.0, 1347.0) 
Voter 50: ID 193; Choice (1356.0, 2183.0, 192.0, 1889.0, 193.0, 1905.0, 2092.0, 191.0, 1347.0) 
---------------------------------------------------------------------------
After Iteration 10 :
Voter 1: ID 687; Choice (1356.0, 2183.0, 192.0, 1889.0, 193.0, 1905.0, 2092.0, 191.0, 1347.0) 
Voter 2: ID 244; Choice (1356.0, 2183.0, 192.0, 1889.0, 193.0, 1905.0, 2092.0, 191.0, 1347.0) 
Voter 3: ID 278; Choice (1356.0, 2183.0, 192.0, 1889.0, 193.0, 1905.0, 2092.0, 191.0, 1347.0) 
Voter 4: ID 341; Choice (1356.0, 2183.0, 192.0, 1889.0, 193.0, 1905.0, 2092.0, 191.0, 1347.0) 
Voter 5: ID 98; Choice (1356.0, 2183.0, 192.0, 1889.0, 193.0, 1905.0, 2092.0, 191.0, 1347.0) 
Voter 6: ID 163; Choice (1356.0, 2183.0, 192.0, 1889.0, 193.0, 1905.0, 2092.0, 191.0, 1347.0) 
Voter 7: ID 43; Choice (1356.0, 2183.0, 192.0, 1889.0, 193.0, 1905.0, 2092.0, 191.0, 1347.0) 
Voter 8: ID 654; Choice (1356.0, 2183.0, 192.0, 1889.0, 193.0, 1905.0, 2092.0, 191.0, 1347.0) 
Voter 9: ID 311; Choice (1356.0, 2183.0, 192.0, 1889.0, 193.0, 1905.0, 2092.0, 191.0, 1347.0) 
Voter 10: ID 255; Choice (1356.0, 2183.0, 192.0, 1889.0, 193.0, 1905.0, 2092.0, 191.0, 1347.0) 
Voter 11: ID 634; Choice (1356.0, 2183.0, 192.0, 1889.0, 193.0, 1905.0, 2092.0, 191.0, 1347.0) 
Voter 12: ID 69; Choice (1356.0, 2183.0, 192.0, 1889.0, 193.0, 1905.0, 2092.0, 191.0, 1347.0) 
Voter 13: ID 655; Choice (1356.0, 2183.0, 192.0, 1889.0, 193.0, 1905.0, 2092.0, 191.0, 1347.0) 
Voter 14: ID 188; Choice (1356.0, 2183.0, 192.0, 1889.0, 193.0, 1905.0, 2092.0, 191.0, 1347.0) 
Voter 15: ID 612; Choice (1356.0, 2183.0, 192.0, 1889.0, 193.0, 1905.0, 2092.0, 191.0, 1347.0) 
Voter 16: ID 209; Choice (1356.0, 2183.0, 192.0, 1889.0, 193.0, 1905.0, 2092.0, 191.0, 1347.0) 
Voter 17: ID 51; Choice (1356.0, 2183.0, 192.0, 1889.0, 193.0, 1905.0, 2092.0, 191.0, 1347.0) 
Voter 18: ID 453; Choice (1356.0, 2183.0, 192.0, 1889.0, 193.0, 1905.0, 2092.0, 191.0, 1347.0) 
Voter 19: ID 589; Choice (1356.0, 2183.0, 192.0, 1889.0, 193.0, 1905.0, 2092.0, 191.0, 1347.0) 
Voter 20: ID 601; Choice (2141.0, 1356.0, 2183.0, 192.0, 1889.0, 1347.0, 1905.0, 2092.0) 
Voter 21: ID 54; Choice (1356.0, 2183.0, 192.0, 1889.0, 193.0, 1905.0, 2092.0, 191.0, 1347.0) 
Voter 22: ID 241; Choice (1356.0, 2183.0, 192.0, 1889.0, 193.0, 1905.0, 2092.0, 191.0, 1347.0) 
Voter 23: ID 348; Choice (1356.0, 2183.0, 192.0, 1889.0, 193.0, 1905.0, 2092.0, 191.0, 1347.0) 
Voter 24: ID 694; Choice (1356.0, 2183.0, 192.0, 1889.0, 193.0, 1905.0, 2092.0, 191.0, 1347.0) 
Voter 25: ID 665; Choice (1356.0, 2183.0, 192.0, 1889.0, 193.0, 1905.0, 2092.0, 191.0, 1347.0) 
Voter 26: ID 74; Choice (1356.0, 2183.0, 192.0, 1889.0, 193.0, 1905.0, 2092.0, 191.0, 1347.0) 
Voter 27: ID 17; Choice (1356.0, 2183.0, 192.0, 1889.0, 193.0, 1905.0, 2092.0, 191.0, 1347.0) 
Voter 28: ID 139; Choice (1356.0, 2183.0, 192.0, 1889.0, 193.0, 1905.0, 2092.0, 191.0, 1347.0) 
Voter 29: ID 201; Choice (1356.0, 2183.0, 192.0, 1889.0, 193.0, 1905.0, 2092.0, 191.0, 1347.0) 
Voter 30: ID 680; Choice (1356.0, 2183.0, 192.0, 1889.0, 193.0, 1905.0, 2092.0, 191.0, 1347.0) 
Voter 31: ID 94; Choice (1356.0, 2183.0, 192.0, 1889.0, 193.0, 1905.0, 2092.0, 191.0, 1347.0) 
Voter 32: ID 168; Choice (1356.0, 2183.0, 192.0, 1889.0, 193.0, 1905.0, 2092.0, 191.0, 1347.0) 
Voter 33: ID 476; Choice (1356.0, 2183.0, 192.0, 1889.0, 193.0, 1905.0, 2092.0, 191.0, 1347.0) 
Voter 34: ID 123; Choice (1356.0, 2183.0, 192.0, 1889.0, 193.0, 1905.0, 2092.0, 191.0, 1347.0) 
Voter 35: ID 610; Choice (1356.0, 2183.0, 192.0, 1889.0, 193.0, 1905.0, 2092.0, 191.0, 1347.0) 
Voter 36: ID 408; Choice (1356.0, 2183.0, 192.0, 1889.0, 193.0, 1905.0, 2092.0, 191.0, 1347.0) 
Voter 37: ID 740; Choice (1356.0, 2183.0, 192.0, 1889.0, 193.0, 1905.0, 2092.0, 191.0, 1347.0) 
Voter 38: ID 388; Choice (1356.0, 2183.0, 192.0, 1889.0, 193.0, 1905.0, 2092.0, 191.0, 1347.0) 
Voter 39: ID 681; Choice (1356.0, 2183.0, 192.0, 1889.0, 193.0, 1905.0, 2092.0, 191.0, 1347.0) 
Voter 40: ID 158; Choice (1356.0, 2183.0, 192.0, 1889.0, 193.0, 1905.0, 2092.0, 191.0, 1347.0) 
Voter 41: ID 223; Choice (1356.0, 2183.0, 192.0, 1889.0, 193.0, 1905.0, 2092.0, 191.0, 1347.0) 
Voter 42: ID 353; Choice (1356.0, 2183.0, 192.0, 1889.0, 193.0, 1905.0, 2092.0, 191.0, 1347.0) 
Voter 43: ID 722; Choice (1356.0, 2183.0, 192.0, 1889.0, 193.0, 1905.0, 2092.0, 191.0, 1347.0) 
Voter 44: ID 248; Choice (1356.0, 2183.0, 192.0, 1889.0, 193.0, 1905.0, 2092.0, 191.0, 1347.0) 
Voter 45: ID 282; Choice (1356.0, 2183.0, 192.0, 1889.0, 193.0, 1905.0, 2092.0, 191.0, 1347.0) 
Voter 46: ID 537; Choice (1356.0, 2183.0, 192.0, 1889.0, 193.0, 1905.0, 2092.0, 191.0, 1347.0) 
Voter 47: ID 112; Choice (1356.0, 2183.0, 192.0, 1889.0, 193.0, 1905.0, 2092.0, 191.0, 1347.0) 
Voter 48: ID 407; Choice (1356.0, 2183.0, 192.0, 1889.0, 193.0, 1905.0, 2092.0, 191.0, 1347.0) 
Voter 49: ID 523; Choice (1356.0, 2183.0, 192.0, 1889.0, 193.0, 1905.0, 2092.0, 191.0, 1347.0) 
Voter 50: ID 193; Choice (1356.0, 2183.0, 192.0, 1889.0, 193.0, 1905.0, 2092.0, 191.0, 1347.0) 
---------------------------------------------------------------------------
After Iteration 11 :
Voter 1: ID 687; Choice (1356.0, 2183.0, 192.0, 1889.0, 193.0, 1905.0, 2092.0, 191.0, 1347.0) 
Voter 2: ID 244; Choice (1356.0, 2183.0, 192.0, 1889.0, 193.0, 1905.0, 2092.0, 191.0, 1347.0) 
Voter 3: ID 278; Choice (1356.0, 2183.0, 192.0, 1889.0, 193.0, 1905.0, 2092.0, 191.0, 1347.0) 
Voter 4: ID 341; Choice (1356.0, 2183.0, 192.0, 1889.0, 193.0, 1905.0, 2092.0, 191.0, 1347.0) 
Voter 5: ID 98; Choice (1356.0, 2183.0, 192.0, 1889.0, 193.0, 1905.0, 2092.0, 191.0, 1347.0) 
Voter 6: ID 163; Choice (1356.0, 2183.0, 192.0, 1889.0, 193.0, 1905.0, 2092.0, 191.0, 1347.0) 
Voter 7: ID 43; Choice (1356.0, 2183.0, 192.0, 1889.0, 193.0, 1905.0, 2092.0, 191.0, 1347.0) 
Voter 8: ID 654; Choice (1356.0, 2183.0, 192.0, 1889.0, 193.0, 1905.0, 2092.0, 191.0, 1347.0) 
Voter 9: ID 311; Choice (1356.0, 2183.0, 192.0, 1889.0, 193.0, 1905.0, 2092.0, 191.0, 1347.0) 
Voter 10: ID 255; Choice (1356.0, 2183.0, 192.0, 1889.0, 193.0, 1905.0, 2092.0, 191.0, 1347.0) 
Voter 11: ID 634; Choice (1356.0, 2183.0, 192.0, 1889.0, 193.0, 1905.0, 2092.0, 191.0, 1347.0) 
Voter 12: ID 69; Choice (1356.0, 2183.0, 192.0, 1889.0, 193.0, 1905.0, 2092.0, 191.0, 1347.0) 
Voter 13: ID 655; Choice (1356.0, 2183.0, 192.0, 1889.0, 193.0, 1905.0, 2092.0, 191.0, 1347.0) 
Voter 14: ID 188; Choice (1356.0, 2183.0, 192.0, 1889.0, 193.0, 1905.0, 2092.0, 191.0, 1347.0) 
Voter 15: ID 612; Choice (1356.0, 2183.0, 192.0, 1889.0, 193.0, 1905.0, 2092.0, 191.0, 1347.0) 
Voter 16: ID 209; Choice (1356.0, 2183.0, 192.0, 1889.0, 193.0, 1905.0, 2092.0, 191.0, 1347.0) 
Voter 17: ID 51; Choice (1356.0, 2183.0, 192.0, 1889.0, 193.0, 1905.0, 2092.0, 191.0, 1347.0) 
Voter 18: ID 453; Choice (1356.0, 2183.0, 192.0, 1889.0, 193.0, 1905.0, 2092.0, 191.0, 1347.0) 
Voter 19: ID 589; Choice (1356.0, 2183.0, 192.0, 1889.0, 193.0, 1905.0, 2092.0, 191.0, 1347.0) 
Voter 20: ID 601; Choice (1356.0, 2183.0, 192.0, 1889.0, 193.0, 1905.0, 2092.0, 191.0, 1347.0) 
Voter 21: ID 54; Choice (1356.0, 2183.0, 192.0, 1889.0, 193.0, 1905.0, 2092.0, 191.0, 1347.0) 
Voter 22: ID 241; Choice (1356.0, 2183.0, 192.0, 1889.0, 193.0, 1905.0, 2092.0, 191.0, 1347.0) 
Voter 23: ID 348; Choice (1356.0, 2183.0, 192.0, 1889.0, 193.0, 1905.0, 2092.0, 191.0, 1347.0) 
Voter 24: ID 694; Choice (1356.0, 2183.0, 192.0, 1889.0, 193.0, 1905.0, 2092.0, 191.0, 1347.0) 
Voter 25: ID 665; Choice (1211.0, 192.0, 1889.0, 193.0, 1347.0, 2092.0) 
Voter 26: ID 74; Choice (1356.0, 2183.0, 192.0, 1889.0, 193.0, 1905.0, 2092.0, 191.0, 1347.0) 
Voter 27: ID 17; Choice (1356.0, 2183.0, 192.0, 1889.0, 193.0, 1905.0, 2092.0, 191.0, 1347.0) 
Voter 28: ID 139; Choice (1356.0, 2183.0, 192.0, 1889.0, 193.0, 1905.0, 2092.0, 191.0, 1347.0) 
Voter 29: ID 201; Choice (1356.0, 2183.0, 192.0, 1889.0, 193.0, 1905.0, 2092.0, 191.0, 1347.0) 
Voter 30: ID 680; Choice (1356.0, 2183.0, 192.0, 1889.0, 193.0, 1905.0, 2092.0, 191.0, 1347.0) 
Voter 31: ID 94; Choice (1356.0, 2183.0, 192.0, 1889.0, 193.0, 1905.0, 2092.0, 191.0, 1347.0) 
Voter 32: ID 168; Choice (1356.0, 2183.0, 192.0, 1889.0, 193.0, 1905.0, 2092.0, 191.0, 1347.0) 
Voter 33: ID 476; Choice (1356.0, 2183.0, 192.0, 1889.0, 193.0, 1905.0, 2092.0, 191.0, 1347.0) 
Voter 34: ID 123; Choice (1356.0, 2183.0, 192.0, 1889.0, 193.0, 1905.0, 2092.0, 191.0, 1347.0) 
Voter 35: ID 610; Choice (1356.0, 2183.0, 192.0, 1889.0, 193.0, 1905.0, 2092.0, 191.0, 1347.0) 
Voter 36: ID 408; Choice (1356.0, 2183.0, 192.0, 1889.0, 193.0, 1905.0, 2092.0, 191.0, 1347.0) 
Voter 37: ID 740; Choice (1356.0, 2183.0, 192.0, 1889.0, 193.0, 1905.0, 2092.0, 191.0, 1347.0) 
Voter 38: ID 388; Choice (1356.0, 2183.0, 192.0, 1889.0, 193.0, 1905.0, 2092.0, 191.0, 1347.0) 
Voter 39: ID 681; Choice (1356.0, 2183.0, 192.0, 1889.0, 193.0, 1905.0, 2092.0, 191.0, 1347.0) 
Voter 40: ID 158; Choice (1356.0, 2183.0, 192.0, 1889.0, 193.0, 1905.0, 2092.0, 191.0, 1347.0) 
Voter 41: ID 223; Choice (1356.0, 2183.0, 192.0, 1889.0, 193.0, 1905.0, 2092.0, 191.0, 1347.0) 
Voter 42: ID 353; Choice (1356.0, 2183.0, 192.0, 1889.0, 193.0, 1905.0, 2092.0, 191.0, 1347.0) 
Voter 43: ID 722; Choice (1356.0, 2183.0, 192.0, 1889.0, 193.0, 1905.0, 2092.0, 191.0, 1347.0) 
Voter 44: ID 248; Choice (1356.0, 2183.0, 192.0, 1889.0, 193.0, 1905.0, 2092.0, 191.0, 1347.0) 
Voter 45: ID 282; Choice (1356.0, 2183.0, 192.0, 1889.0, 193.0, 1905.0, 2092.0, 191.0, 1347.0) 
Voter 46: ID 537; Choice (1356.0, 2183.0, 192.0, 1889.0, 193.0, 1905.0, 2092.0, 191.0, 1347.0) 
Voter 47: ID 112; Choice (1356.0, 2183.0, 192.0, 1889.0, 193.0, 1905.0, 2092.0, 191.0, 1347.0) 
Voter 48: ID 407; Choice (1356.0, 2183.0, 192.0, 1889.0, 193.0, 1905.0, 2092.0, 191.0, 1347.0) 
Voter 49: ID 523; Choice (1356.0, 2183.0, 192.0, 1889.0, 193.0, 1905.0, 2092.0, 191.0, 1347.0) 
Voter 50: ID 193; Choice (1356.0, 2183.0, 192.0, 1889.0, 193.0, 1905.0, 2092.0, 191.0, 1347.0) 
---------------------------------------------------------------------------
After Iteration 12 :
Voter 1: ID 687; Choice (1356.0, 2183.0, 192.0, 1889.0, 193.0, 1905.0, 2092.0, 191.0, 1347.0) 
Voter 2: ID 244; Choice (1356.0, 2183.0, 192.0, 1889.0, 193.0, 1905.0, 2092.0, 191.0, 1347.0) 
Voter 3: ID 278; Choice (1356.0, 2183.0, 192.0, 1889.0, 193.0, 1905.0, 2092.0, 191.0, 1347.0) 
Voter 4: ID 341; Choice (1356.0, 2183.0, 192.0, 1889.0, 193.0, 1905.0, 2092.0, 191.0, 1347.0) 
Voter 5: ID 98; Choice (1356.0, 2183.0, 192.0, 1889.0, 193.0, 1905.0, 2092.0, 191.0, 1347.0) 
Voter 6: ID 163; Choice (1356.0, 2183.0, 192.0, 1889.0, 193.0, 1905.0, 2092.0, 191.0, 1347.0) 
Voter 7: ID 43; Choice (1356.0, 2183.0, 192.0, 1889.0, 193.0, 1905.0, 2092.0, 191.0, 1347.0) 
Voter 8: ID 654; Choice (1356.0, 2183.0, 192.0, 1889.0, 193.0, 1905.0, 2092.0, 191.0, 1347.0) 
Voter 9: ID 311; Choice (1356.0, 2183.0, 192.0, 1889.0, 193.0, 1905.0, 2092.0, 191.0, 1347.0) 
Voter 10: ID 255; Choice (1356.0, 2183.0, 192.0, 1889.0, 193.0, 1905.0, 2092.0, 191.0, 1347.0) 
Voter 11: ID 634; Choice (1356.0, 2183.0, 192.0, 1889.0, 193.0, 1905.0, 2092.0, 191.0, 1347.0) 
Voter 12: ID 69; Choice (1356.0, 2183.0, 192.0, 1889.0, 193.0, 1905.0, 2092.0, 191.0, 1347.0) 
Voter 13: ID 655; Choice (1356.0, 2183.0, 192.0, 1889.0, 193.0, 1905.0, 2092.0, 191.0, 1347.0) 
Voter 14: ID 188; Choice (1356.0, 2183.0, 192.0, 1889.0, 193.0, 1905.0, 2092.0, 191.0, 1347.0) 
Voter 15: ID 612; Choice (1356.0, 2183.0, 192.0, 1889.0, 193.0, 1905.0, 2092.0, 191.0, 1347.0) 
Voter 16: ID 209; Choice (1356.0, 2183.0, 192.0, 1889.0, 193.0, 1905.0, 2092.0, 191.0, 1347.0) 
Voter 17: ID 51; Choice (1356.0, 2183.0, 192.0, 1889.0, 193.0, 1905.0, 2092.0, 191.0, 1347.0) 
Voter 18: ID 453; Choice (1356.0, 2183.0, 192.0, 1889.0, 193.0, 1905.0, 2092.0, 191.0, 1347.0) 
Voter 19: ID 589; Choice (1356.0, 2183.0, 192.0, 1889.0, 193.0, 1905.0, 2092.0, 191.0, 1347.0) 
Voter 20: ID 601; Choice (1356.0, 2183.0, 192.0, 1889.0, 193.0, 1905.0, 2092.0, 191.0, 1347.0) 
Voter 21: ID 54; Choice (1356.0, 2183.0, 192.0, 1889.0, 193.0, 1905.0, 2092.0, 191.0, 1347.0) 
Voter 22: ID 241; Choice (1356.0, 2183.0, 192.0, 1889.0, 193.0, 1905.0, 2092.0, 191.0, 1347.0) 
Voter 23: ID 348; Choice (1356.0, 2183.0, 192.0, 1889.0, 193.0, 1905.0, 2092.0, 191.0, 1347.0) 
Voter 24: ID 694; Choice (1356.0, 2183.0, 192.0, 1889.0, 193.0, 1905.0, 2092.0, 191.0, 1347.0) 
Voter 25: ID 665; Choice (1356.0, 2183.0, 192.0, 1889.0, 193.0, 1905.0, 2092.0, 191.0, 1347.0) 
Voter 26: ID 74; Choice (1356.0, 2183.0, 192.0, 1889.0, 193.0, 1905.0, 2092.0, 191.0, 1347.0) 
Voter 27: ID 17; Choice (1356.0, 2183.0, 192.0, 1889.0, 193.0, 1905.0, 2092.0, 191.0, 1347.0) 
Voter 28: ID 139; Choice (1356.0, 2183.0, 192.0, 1889.0, 193.0, 1905.0, 2092.0, 191.0, 1347.0) 
Voter 29: ID 201; Choice (1356.0, 2183.0, 192.0, 1889.0, 193.0, 1905.0, 2092.0, 191.0, 1347.0) 
Voter 30: ID 680; Choice (1356.0, 2183.0, 192.0, 1889.0, 193.0, 1905.0, 2092.0, 191.0, 1347.0) 
Voter 31: ID 94; Choice (1356.0, 2183.0, 192.0, 1889.0, 193.0, 1905.0, 2092.0, 191.0, 1347.0) 
Voter 32: ID 168; Choice (1356.0, 2183.0, 192.0, 1889.0, 193.0, 1905.0, 2092.0, 191.0, 1347.0) 
Voter 33: ID 476; Choice (1356.0, 2183.0, 192.0, 1889.0, 193.0, 1905.0, 2092.0, 191.0, 1347.0) 
Voter 34: ID 123; Choice (1356.0, 2183.0, 192.0, 1889.0, 193.0, 1905.0, 2092.0, 191.0, 1347.0) 
Voter 35: ID 610; Choice (1356.0, 2183.0, 192.0, 1889.0, 193.0, 1905.0, 2092.0, 191.0, 1347.0) 
Voter 36: ID 408; Choice (1356.0, 2183.0, 192.0, 1889.0, 193.0, 1905.0, 2092.0, 191.0, 1347.0) 
Voter 37: ID 740; Choice (1356.0, 2183.0, 192.0, 1889.0, 193.0, 1905.0, 2092.0, 191.0, 1347.0) 
Voter 38: ID 388; Choice (1356.0, 2183.0, 192.0, 1889.0, 193.0, 1905.0, 2092.0, 191.0, 1347.0) 
Voter 39: ID 681; Choice (1356.0, 2183.0, 192.0, 1889.0, 193.0, 1905.0, 2092.0, 191.0, 1347.0) 
Voter 40: ID 158; Choice (1356.0, 2183.0, 192.0, 1889.0, 193.0, 1905.0, 2092.0, 191.0, 1347.0) 
Voter 41: ID 223; Choice (1356.0, 2183.0, 192.0, 1889.0, 193.0, 1905.0, 2092.0, 191.0, 1347.0) 
Voter 42: ID 353; Choice (1356.0, 2183.0, 192.0, 1889.0, 193.0, 1905.0, 2092.0, 191.0, 1347.0) 
Voter 43: ID 722; Choice (1356.0, 2183.0, 192.0, 1889.0, 193.0, 1905.0, 2092.0, 191.0, 1347.0) 
Voter 44: ID 248; Choice (1356.0, 2183.0, 192.0, 1889.0, 193.0, 1905.0, 2092.0, 191.0, 1347.0) 
Voter 45: ID 282; Choice (1356.0, 2183.0, 192.0, 1889.0, 193.0, 1905.0, 2092.0, 191.0, 1347.0) 
Voter 46: ID 537; Choice (1356.0, 2183.0, 192.0, 1889.0, 193.0, 1905.0, 2092.0, 191.0, 1347.0) 
Voter 47: ID 112; Choice (1356.0, 2183.0, 192.0, 1889.0, 193.0, 1905.0, 2092.0, 191.0, 1347.0) 
Voter 48: ID 407; Choice (1356.0, 2183.0, 192.0, 1889.0, 193.0, 1905.0, 2092.0, 191.0, 1347.0) 
Voter 49: ID 523; Choice (1356.0, 2183.0, 192.0, 1889.0, 193.0, 1905.0, 2092.0, 191.0, 1347.0) 
Voter 50: ID 193; Choice (1356.0, 2183.0, 192.0, 1889.0, 193.0, 1905.0, 2092.0, 191.0, 1347.0) 
---------------------------------------------------------------------------
Concensus reached after 12 iterations.
Max degree: 14 Number of valid combinations: 20 Using random find.
There are 1 opinions after all iterations.
(1356.0, 2183.0, 192.0, 1889.0, 193.0, 1905.0, 2092.0, 191.0, 1347.0) count: 50
