    project id    reward
0       1211.0 -0.444988
1       2141.0 -0.057202
2       1356.0  0.331482
3       2183.0  0.343395
4        433.0 -0.263659
5        192.0  0.232709
6       1889.0  0.302624
7        193.0  0.251523
8       1347.0  0.192139
9       1905.0  0.121838
10      2092.0  0.245409
11      2121.0 -0.136063
12       191.0  0.215283
Valid Combinations are:
(1356.0, 2183.0, 192.0, 1889.0, 193.0, 1905.0, 2092.0, 191.0, 1347.0)
(1356.0, 2183.0, 192.0, 1889.0, 193.0, 1905.0, 2092.0, 191.0)
(1211.0, 2141.0, 1356.0, 2183.0, 192.0, 193.0)
(2141.0, 1356.0, 2183.0, 433.0, 192.0, 1889.0, 193.0, 1347.0, 2092.0, 191.0)
(2141.0, 1356.0, 2183.0, 433.0, 192.0, 193.0, 1347.0, 1905.0, 2092.0, 191.0)
(2141.0, 1356.0, 2183.0, 192.0, 1889.0, 193.0, 1347.0, 1905.0, 2092.0, 2121.0)
(2141.0, 1356.0, 2183.0, 192.0, 1889.0, 193.0, 1905.0, 2092.0, 2121.0, 191.0)
(2141.0, 2183.0, 192.0, 1889.0, 193.0, 1347.0, 1905.0, 2092.0, 2121.0, 191.0)
(1356.0, 2183.0, 433.0, 192.0, 1889.0, 193.0, 1347.0, 1905.0, 2092.0, 2121.0)
(1356.0, 2183.0, 433.0, 192.0, 1889.0, 193.0, 1347.0, 1905.0, 2092.0, 191.0)
(1356.0, 2183.0, 433.0, 192.0, 1889.0, 193.0, 1905.0, 2092.0, 2121.0, 191.0)
(1356.0, 2183.0, 433.0, 192.0, 1889.0, 1347.0, 1905.0, 2092.0, 2121.0, 191.0)
(1211.0, 1356.0, 2183.0, 192.0, 1889.0, 193.0, 1905.0, 2092.0, 191.0)
(2141.0, 1356.0, 2183.0, 433.0, 192.0, 1889.0, 193.0, 1347.0, 1905.0)
(2141.0, 1356.0, 2183.0, 433.0, 192.0, 1889.0, 193.0, 1905.0, 2092.0)
(2141.0, 1356.0, 2183.0, 433.0, 1889.0, 193.0, 1347.0, 1905.0, 2092.0)
(2141.0, 1356.0, 2183.0, 433.0, 1889.0, 193.0, 1347.0, 1905.0, 191.0)
(2141.0, 1356.0, 433.0, 192.0, 1889.0, 193.0, 1905.0, 2092.0, 191.0)
(2141.0, 1356.0, 192.0, 1889.0, 1347.0, 1905.0, 2092.0, 2121.0, 191.0)
(2141.0, 2183.0, 433.0, 192.0, 1889.0, 193.0, 1905.0, 2121.0, 191.0)
(2141.0, 2183.0, 433.0, 192.0, 1889.0, 1347.0, 1905.0, 2092.0, 191.0)
(2141.0, 2183.0, 433.0, 192.0, 193.0, 1347.0, 2092.0, 2121.0, 191.0)
(1356.0, 2183.0, 433.0, 1889.0, 193.0, 1347.0, 1905.0, 2121.0, 191.0)
(1356.0, 2183.0, 433.0, 193.0, 1347.0, 1905.0, 2092.0, 2121.0, 191.0)
(1356.0, 2183.0, 192.0, 1889.0, 193.0, 1347.0, 1905.0, 2121.0, 191.0)
(1356.0, 2183.0, 192.0, 1889.0, 193.0, 1347.0, 2092.0, 2121.0, 191.0)
(1356.0, 2183.0, 1889.0, 193.0, 1347.0, 1905.0, 2092.0, 2121.0, 191.0)
(1211.0, 1356.0, 2183.0, 192.0, 1889.0, 193.0, 1347.0, 1905.0)
(1211.0, 1356.0, 2183.0, 192.0, 1889.0, 193.0, 1347.0, 2092.0)
(1211.0, 1356.0, 2183.0, 192.0, 193.0, 1347.0, 1905.0, 2092.0)
(1211.0, 1356.0, 2183.0, 192.0, 193.0, 1347.0, 2092.0, 191.0)
(1211.0, 2183.0, 192.0, 193.0, 1347.0, 1905.0, 2092.0, 191.0)
(2141.0, 1356.0, 2183.0, 433.0, 192.0, 1889.0, 193.0, 2121.0)
(2141.0, 1356.0, 2183.0, 433.0, 192.0, 1889.0, 1905.0, 2121.0)
(2141.0, 1356.0, 2183.0, 433.0, 192.0, 193.0, 2092.0, 2121.0)
(2141.0, 1356.0, 2183.0, 433.0, 192.0, 1905.0, 2092.0, 2121.0)
(2141.0, 1356.0, 2183.0, 192.0, 193.0, 1347.0, 2121.0, 191.0)
(2141.0, 1356.0, 433.0, 192.0, 193.0, 1905.0, 2121.0, 191.0)
(2141.0, 1356.0, 1889.0, 193.0, 1347.0, 1905.0, 2092.0, 191.0)
(2141.0, 2183.0, 433.0, 192.0, 1889.0, 193.0, 2092.0, 2121.0)
(2141.0, 2183.0, 433.0, 192.0, 1889.0, 1347.0, 1905.0, 2121.0)
(2141.0, 2183.0, 433.0, 1889.0, 193.0, 1347.0, 2092.0, 2121.0)
(2141.0, 2183.0, 433.0, 1889.0, 1347.0, 1905.0, 2121.0, 191.0)
(2141.0, 2183.0, 433.0, 1889.0, 1905.0, 2092.0, 2121.0, 191.0)
(2141.0, 433.0, 192.0, 1889.0, 1905.0, 2092.0, 2121.0, 191.0)
(2141.0, 433.0, 192.0, 193.0, 1347.0, 1905.0, 2121.0, 191.0)
(1356.0, 433.0, 192.0, 1889.0, 193.0, 1347.0, 2121.0, 191.0)
(1356.0, 433.0, 1889.0, 193.0, 1347.0, 2092.0, 2121.0, 191.0)
(2183.0, 433.0, 192.0, 1889.0, 193.0, 1347.0, 2121.0, 191.0)
(433.0, 192.0, 1889.0, 193.0, 1347.0, 1905.0, 2121.0, 191.0)
(433.0, 192.0, 193.0, 1347.0, 1905.0, 2092.0, 2121.0, 191.0)
(1211.0, 1356.0, 2183.0, 193.0, 1347.0, 1905.0, 191.0)
(1211.0, 1356.0, 192.0, 1889.0, 1347.0, 1905.0, 2092.0)
(1211.0, 1356.0, 192.0, 1347.0, 1905.0, 2092.0, 191.0)
(1211.0, 1356.0, 1889.0, 193.0, 1347.0, 2092.0, 191.0)
(1211.0, 2183.0, 192.0, 1889.0, 193.0, 1905.0, 2121.0)
(1211.0, 2183.0, 192.0, 1889.0, 193.0, 2092.0, 2121.0)
(1211.0, 2183.0, 192.0, 1889.0, 1347.0, 1905.0, 2092.0)
(1211.0, 2183.0, 1889.0, 193.0, 1347.0, 1905.0, 2092.0)
(1211.0, 2183.0, 1889.0, 1347.0, 1905.0, 2092.0, 191.0)
(1211.0, 192.0, 1889.0, 193.0, 1347.0, 2092.0, 191.0)
(1211.0, 192.0, 1889.0, 1347.0, 1905.0, 2092.0, 191.0)
(2141.0, 1356.0, 2183.0, 433.0, 1889.0, 2121.0, 191.0)
(2141.0, 1356.0, 2183.0, 1889.0, 1347.0, 2121.0, 191.0)
(2141.0, 1356.0, 2183.0, 1347.0, 1905.0, 2121.0, 191.0)
(2141.0, 1356.0, 2183.0, 1347.0, 2092.0, 2121.0, 191.0)
(2141.0, 1356.0, 433.0, 192.0, 2092.0, 2121.0, 191.0)
(2141.0, 433.0, 192.0, 1889.0, 193.0, 1347.0, 2121.0)
(2141.0, 433.0, 192.0, 1347.0, 1905.0, 2092.0, 2121.0)
(2141.0, 433.0, 193.0, 1347.0, 1905.0, 2092.0, 2121.0)
Initial Choices:
---------------------------------------------------------------------------
Voter 1: ID 461; Choice (1211.0, 1356.0, 2183.0, 193.0, 1347.0, 1905.0, 191.0) 
Voter 2: ID 735; Choice (1211.0, 1356.0, 2183.0, 192.0, 193.0, 1347.0, 1905.0, 2092.0) 
Voter 3: ID 647; Choice (1211.0, 2183.0, 192.0, 193.0, 1347.0, 1905.0, 2092.0, 191.0) 
Voter 4: ID 177; Choice (2141.0, 1356.0, 433.0, 192.0, 193.0, 1905.0, 2121.0, 191.0) 
Voter 5: ID 412; Choice (2141.0, 1356.0, 2183.0, 1889.0, 1347.0, 2121.0, 191.0) 
Voter 6: ID 354; Choice (2141.0, 1356.0, 2183.0, 192.0, 1889.0, 193.0, 1905.0, 2092.0, 2121.0, 191.0) 
Voter 7: ID 84; Choice (1211.0, 2183.0, 192.0, 1889.0, 1347.0, 1905.0, 2092.0) 
Voter 8: ID 532; Choice (1211.0, 2183.0, 1889.0, 1347.0, 1905.0, 2092.0, 191.0) 
Voter 9: ID 319; Choice (2141.0, 2183.0, 433.0, 192.0, 1889.0, 193.0, 2092.0, 2121.0) 
Voter 10: ID 81; Choice (1211.0, 1356.0, 2183.0, 193.0, 1347.0, 1905.0, 191.0) 
Voter 11: ID 44; Choice (1356.0, 433.0, 1889.0, 193.0, 1347.0, 2092.0, 2121.0, 191.0) 
Voter 12: ID 409; Choice (1211.0, 1356.0, 2183.0, 192.0, 1889.0, 193.0, 1347.0, 2092.0) 
Voter 13: ID 95; Choice (1211.0, 1356.0, 1889.0, 193.0, 1347.0, 2092.0, 191.0) 
Voter 14: ID 330; Choice (1211.0, 1356.0, 2183.0, 192.0, 1889.0, 193.0, 1347.0, 1905.0) 
Voter 15: ID 292; Choice (2141.0, 433.0, 193.0, 1347.0, 1905.0, 2092.0, 2121.0) 
Voter 16: ID 443; Choice (1356.0, 2183.0, 433.0, 192.0, 1889.0, 193.0, 1905.0, 2092.0, 2121.0, 191.0) 
Voter 17: ID 488; Choice (1211.0, 1356.0, 2183.0, 192.0, 193.0, 1347.0, 1905.0, 2092.0) 
Voter 18: ID 12; Choice (1211.0, 1356.0, 2183.0, 192.0, 193.0, 1347.0, 1905.0, 2092.0) 
Voter 19: ID 291; Choice (2141.0, 2183.0, 433.0, 192.0, 193.0, 1347.0, 2092.0, 2121.0, 191.0) 
Voter 20: ID 421; Choice (1211.0, 1356.0, 2183.0, 192.0, 1889.0, 193.0, 1347.0, 2092.0) 
Voter 21: ID 321; Choice (2141.0, 1356.0, 433.0, 192.0, 193.0, 1905.0, 2121.0, 191.0) 
Voter 22: ID 599; Choice (1356.0, 2183.0, 192.0, 1889.0, 193.0, 1905.0, 2092.0, 191.0, 1347.0) 
Voter 23: ID 526; Choice (1356.0, 2183.0, 433.0, 192.0, 1889.0, 193.0, 1347.0, 1905.0, 2092.0, 2121.0) 
Voter 24: ID 601; Choice (2141.0, 2183.0, 433.0, 1889.0, 1347.0, 1905.0, 2121.0, 191.0) 
Voter 25: ID 301; Choice (433.0, 192.0, 193.0, 1347.0, 1905.0, 2092.0, 2121.0, 191.0) 
Voter 26: ID 336; Choice (2141.0, 2183.0, 433.0, 1889.0, 1347.0, 1905.0, 2121.0, 191.0) 
Voter 27: ID 724; Choice (2141.0, 1356.0, 2183.0, 433.0, 1889.0, 193.0, 1347.0, 1905.0, 2092.0) 
Voter 28: ID 641; Choice (2141.0, 1356.0, 2183.0, 433.0, 192.0, 1889.0, 193.0, 1347.0, 2092.0, 191.0) 
Voter 29: ID 439; Choice (1211.0, 2141.0, 1356.0, 2183.0, 192.0, 193.0) 
Voter 30: ID 617; Choice (2141.0, 1356.0, 192.0, 1889.0, 1347.0, 1905.0, 2092.0, 2121.0, 191.0) 
Voter 31: ID 677; Choice (1211.0, 1356.0, 2183.0, 192.0, 193.0, 1347.0, 1905.0, 2092.0) 
Voter 32: ID 28; Choice (2141.0, 1356.0, 2183.0, 433.0, 192.0, 193.0, 1347.0, 1905.0, 2092.0, 191.0) 
Voter 33: ID 368; Choice (1211.0, 1356.0, 2183.0, 192.0, 1889.0, 193.0, 1347.0, 1905.0) 
Voter 34: ID 39; Choice (1356.0, 2183.0, 1889.0, 193.0, 1347.0, 1905.0, 2092.0, 2121.0, 191.0) 
Voter 35: ID 455; Choice (1211.0, 2141.0, 1356.0, 2183.0, 192.0, 193.0) 
Voter 36: ID 260; Choice (2141.0, 2183.0, 433.0, 192.0, 1889.0, 1347.0, 1905.0, 2121.0) 
Voter 37: ID 2; Choice (2141.0, 1356.0, 2183.0, 433.0, 1889.0, 193.0, 1347.0, 1905.0, 191.0) 
Voter 38: ID 674; Choice (1211.0, 1356.0, 192.0, 1347.0, 1905.0, 2092.0, 191.0) 
Voter 39: ID 429; Choice (1356.0, 2183.0, 192.0, 1889.0, 193.0, 1905.0, 2092.0, 191.0, 1347.0) 
Voter 40: ID 222; Choice (1356.0, 433.0, 192.0, 1889.0, 193.0, 1347.0, 2121.0, 191.0) 
Voter 41: ID 466; Choice (1356.0, 433.0, 192.0, 1889.0, 193.0, 1347.0, 2121.0, 191.0) 
Voter 42: ID 636; Choice (2141.0, 433.0, 192.0, 1347.0, 1905.0, 2092.0, 2121.0) 
Voter 43: ID 140; Choice (2141.0, 2183.0, 433.0, 1889.0, 193.0, 1347.0, 2092.0, 2121.0) 
Voter 44: ID 91; Choice (2141.0, 1356.0, 2183.0, 433.0, 192.0, 1905.0, 2092.0, 2121.0) 
Voter 45: ID 314; Choice (1211.0, 2183.0, 1889.0, 1347.0, 1905.0, 2092.0, 191.0) 
Voter 46: ID 524; Choice (1211.0, 2183.0, 192.0, 1889.0, 193.0, 2092.0, 2121.0) 
Voter 47: ID 13; Choice (1211.0, 1356.0, 1889.0, 193.0, 1347.0, 2092.0, 191.0) 
Voter 48: ID 567; Choice (2141.0, 433.0, 192.0, 1889.0, 1905.0, 2092.0, 2121.0, 191.0) 
Voter 49: ID 250; Choice (1356.0, 2183.0, 192.0, 1889.0, 193.0, 1905.0, 2092.0, 191.0, 1347.0) 
Voter 50: ID 556; Choice (1211.0, 1356.0, 2183.0, 192.0, 193.0, 1347.0, 1905.0, 2092.0) 
---------------------------------------------------------------------------
After Iteration 1 :
Voter 1: ID 461; Choice (1211.0, 1356.0, 192.0, 1889.0, 1347.0, 1905.0, 2092.0) 
Voter 2: ID 735; Choice (2141.0, 1356.0, 2183.0, 192.0, 1889.0, 193.0, 1347.0, 1905.0, 2092.0, 2121.0) 
Voter 3: ID 647; Choice (2141.0, 2183.0, 433.0, 1889.0, 193.0, 1347.0, 2092.0, 2121.0) 
Voter 4: ID 177; Choice (1211.0, 2183.0, 192.0, 193.0, 1347.0, 1905.0, 2092.0, 191.0) 
Voter 5: ID 412; Choice (2141.0, 1356.0, 433.0, 192.0, 193.0, 1905.0, 2121.0, 191.0) 
Voter 6: ID 354; Choice (2141.0, 1356.0, 2183.0, 433.0, 192.0, 1905.0, 2092.0, 2121.0) 
Voter 7: ID 84; Choice (1356.0, 2183.0, 192.0, 1889.0, 193.0, 1905.0, 2092.0, 191.0) 
Voter 8: ID 532; Choice (1356.0, 433.0, 1889.0, 193.0, 1347.0, 2092.0, 2121.0, 191.0) 
Voter 9: ID 319; Choice (1356.0, 2183.0, 433.0, 193.0, 1347.0, 1905.0, 2092.0, 2121.0, 191.0) 
Voter 10: ID 81; Choice (2141.0, 1356.0, 2183.0, 433.0, 192.0, 1889.0, 193.0, 2121.0) 
Voter 11: ID 44; Choice (1356.0, 433.0, 1889.0, 193.0, 1347.0, 2092.0, 2121.0, 191.0) 
Voter 12: ID 409; Choice (2141.0, 1356.0, 2183.0, 192.0, 193.0, 1347.0, 2121.0, 191.0) 
Voter 13: ID 95; Choice (2141.0, 2183.0, 433.0, 1889.0, 1347.0, 1905.0, 2121.0, 191.0) 
Voter 14: ID 330; Choice (1356.0, 2183.0, 433.0, 192.0, 1889.0, 193.0, 1905.0, 2092.0, 2121.0, 191.0) 
Voter 15: ID 292; Choice (2141.0, 2183.0, 433.0, 192.0, 1889.0, 193.0, 2092.0, 2121.0) 
Voter 16: ID 443; Choice (1356.0, 2183.0, 192.0, 1889.0, 193.0, 1905.0, 2092.0, 191.0) 
Voter 17: ID 488; Choice (1211.0, 2183.0, 192.0, 1889.0, 1347.0, 1905.0, 2092.0) 
Voter 18: ID 12; Choice (1211.0, 1356.0, 2183.0, 193.0, 1347.0, 1905.0, 191.0) 
Voter 19: ID 291; Choice (2141.0, 2183.0, 433.0, 1889.0, 1347.0, 1905.0, 2121.0, 191.0) 
Voter 20: ID 421; Choice (1356.0, 2183.0, 433.0, 193.0, 1347.0, 1905.0, 2092.0, 2121.0, 191.0) 
Voter 21: ID 321; Choice (2141.0, 1356.0, 2183.0, 433.0, 192.0, 193.0, 2092.0, 2121.0) 
Voter 22: ID 599; Choice (1211.0, 1356.0, 2183.0, 192.0, 1889.0, 193.0, 1347.0, 1905.0) 
Voter 23: ID 526; Choice (2141.0, 1356.0, 2183.0, 1889.0, 1347.0, 2121.0, 191.0) 
Voter 24: ID 601; Choice (2141.0, 2183.0, 433.0, 192.0, 193.0, 1347.0, 2092.0, 2121.0, 191.0) 
Voter 25: ID 301; Choice (2141.0, 1356.0, 1889.0, 193.0, 1347.0, 1905.0, 2092.0, 191.0) 
Voter 26: ID 336; Choice (2141.0, 1356.0, 2183.0, 433.0, 192.0, 1889.0, 1905.0, 2121.0) 
Voter 27: ID 724; Choice (2141.0, 2183.0, 433.0, 1889.0, 193.0, 1347.0, 2092.0, 2121.0) 
Voter 28: ID 641; Choice (1356.0, 433.0, 1889.0, 193.0, 1347.0, 2092.0, 2121.0, 191.0) 
Voter 29: ID 439; Choice (2141.0, 1356.0, 2183.0, 433.0, 192.0, 1889.0, 193.0, 1347.0, 2092.0, 191.0) 
Voter 30: ID 617; Choice (2141.0, 1356.0, 2183.0, 433.0, 192.0, 1889.0, 193.0, 2121.0) 
Voter 31: ID 677; Choice (2141.0, 1356.0, 192.0, 1889.0, 1347.0, 1905.0, 2092.0, 2121.0, 191.0) 
Voter 32: ID 28; Choice (1356.0, 2183.0, 433.0, 192.0, 1889.0, 193.0, 1347.0, 1905.0, 2092.0, 2121.0) 
Voter 33: ID 368; Choice (2141.0, 1356.0, 2183.0, 433.0, 1889.0, 193.0, 1347.0, 1905.0, 2092.0) 
Voter 34: ID 39; Choice (1211.0, 2183.0, 192.0, 1889.0, 193.0, 1905.0, 2121.0) 
Voter 35: ID 455; Choice (2141.0, 2183.0, 433.0, 192.0, 1889.0, 1347.0, 1905.0, 2092.0, 191.0) 
Voter 36: ID 260; Choice (1356.0, 2183.0, 433.0, 192.0, 1889.0, 193.0, 1905.0, 2092.0, 2121.0, 191.0) 
Voter 37: ID 2; Choice (2141.0, 1356.0, 2183.0, 433.0, 1889.0, 2121.0, 191.0) 
Voter 38: ID 674; Choice (1211.0, 2183.0, 192.0, 193.0, 1347.0, 1905.0, 2092.0, 191.0) 
Voter 39: ID 429; Choice (2141.0, 2183.0, 192.0, 1889.0, 193.0, 1347.0, 1905.0, 2092.0, 2121.0, 191.0) 
Voter 40: ID 222; Choice (2141.0, 1356.0, 2183.0, 433.0, 192.0, 1889.0, 1905.0, 2121.0) 
Voter 41: ID 466; Choice (1211.0, 1356.0, 2183.0, 193.0, 1347.0, 1905.0, 191.0) 
Voter 42: ID 636; Choice (2141.0, 1356.0, 433.0, 192.0, 2092.0, 2121.0, 191.0) 
Voter 43: ID 140; Choice (2141.0, 1356.0, 2183.0, 433.0, 192.0, 1889.0, 193.0, 1905.0, 2092.0) 
Voter 44: ID 91; Choice (1211.0, 1356.0, 1889.0, 193.0, 1347.0, 2092.0, 191.0) 
Voter 45: ID 314; Choice (1211.0, 192.0, 1889.0, 193.0, 1347.0, 2092.0, 191.0) 
Voter 46: ID 524; Choice (1356.0, 2183.0, 192.0, 1889.0, 193.0, 1347.0, 1905.0, 2121.0, 191.0) 
Voter 47: ID 13; Choice (1211.0, 2183.0, 1889.0, 1347.0, 1905.0, 2092.0, 191.0) 
Voter 48: ID 567; Choice (2141.0, 1356.0, 433.0, 192.0, 2092.0, 2121.0, 191.0) 
Voter 49: ID 250; Choice (1211.0, 1356.0, 2183.0, 192.0, 193.0, 1347.0, 1905.0, 2092.0) 
Voter 50: ID 556; Choice (1211.0, 2183.0, 192.0, 1889.0, 193.0, 1905.0, 2121.0) 
---------------------------------------------------------------------------
---------------------------------------------------------------------------
{(1356.0, 2183.0, 192.0, 1889.0, 193.0, 1905.0, 2092.0, 191.0, 1347.0): 0.22364029753939524, (1356.0, 2183.0, 192.0, 1889.0, 193.0, 1905.0, 2092.0, 191.0): 0, (1211.0, 2141.0, 1356.0, 2183.0, 192.0, 193.0): 0, (2141.0, 1356.0, 2183.0, 433.0, 192.0, 1889.0, 193.0, 1347.0, 2092.0, 191.0): 0, (2141.0, 1356.0, 2183.0, 433.0, 192.0, 193.0, 1347.0, 1905.0, 2092.0, 191.0): 0, (2141.0, 1356.0, 2183.0, 192.0, 1889.0, 193.0, 1347.0, 1905.0, 2092.0, 2121.0): 0, (2141.0, 1356.0, 2183.0, 192.0, 1889.0, 193.0, 1905.0, 2092.0, 2121.0, 191.0): 0, (2141.0, 2183.0, 192.0, 1889.0, 193.0, 1347.0, 1905.0, 2092.0, 2121.0, 191.0): 0, (1356.0, 2183.0, 433.0, 192.0, 1889.0, 193.0, 1347.0, 1905.0, 2092.0, 2121.0): 0, (1356.0, 2183.0, 433.0, 192.0, 1889.0, 193.0, 1347.0, 1905.0, 2092.0, 191.0): 0, (1356.0, 2183.0, 433.0, 192.0, 1889.0, 193.0, 1905.0, 2092.0, 2121.0, 191.0): 0, (1356.0, 2183.0, 433.0, 192.0, 1889.0, 1347.0, 1905.0, 2092.0, 2121.0, 191.0): 0, (1211.0, 1356.0, 2183.0, 192.0, 1889.0, 193.0, 1905.0, 2092.0, 191.0): 0, (2141.0, 1356.0, 2183.0, 433.0, 192.0, 1889.0, 193.0, 1347.0, 1905.0): 0, (2141.0, 1356.0, 2183.0, 433.0, 192.0, 1889.0, 193.0, 1905.0, 2092.0): 0, (2141.0, 1356.0, 2183.0, 433.0, 1889.0, 193.0, 1347.0, 1905.0, 2092.0): 0.1467550368555863, (2141.0, 1356.0, 2183.0, 433.0, 1889.0, 193.0, 1347.0, 1905.0, 191.0): 0.14374239598159452, (2141.0, 1356.0, 433.0, 192.0, 1889.0, 193.0, 1905.0, 2092.0, 191.0): 0, (2141.0, 1356.0, 192.0, 1889.0, 1347.0, 1905.0, 2092.0, 2121.0, 191.0): 0, (2141.0, 2183.0, 433.0, 192.0, 1889.0, 193.0, 1905.0, 2121.0, 191.0): 0, (2141.0, 2183.0, 433.0, 192.0, 1889.0, 1347.0, 1905.0, 2092.0, 191.0): 0, (2141.0, 2183.0, 433.0, 192.0, 193.0, 1347.0, 2092.0, 2121.0, 191.0): 0, (1356.0, 2183.0, 433.0, 1889.0, 193.0, 1347.0, 1905.0, 2121.0, 191.0): 0, (1356.0, 2183.0, 433.0, 193.0, 1347.0, 1905.0, 2092.0, 2121.0, 191.0): 0, (1356.0, 2183.0, 192.0, 1889.0, 193.0, 1347.0, 1905.0, 2121.0, 191.0): 0, (1356.0, 2183.0, 192.0, 1889.0, 193.0, 1347.0, 2092.0, 2121.0, 191.0): 0, (1356.0, 2183.0, 1889.0, 193.0, 1347.0, 1905.0, 2092.0, 2121.0, 191.0): 0.18676312056667824, (1211.0, 1356.0, 2183.0, 192.0, 1889.0, 193.0, 1347.0, 1905.0): 0, (1211.0, 1356.0, 2183.0, 192.0, 1889.0, 193.0, 1347.0, 2092.0): 0.14542937939112463, (1211.0, 1356.0, 2183.0, 192.0, 193.0, 1347.0, 1905.0, 2092.0): 0.12735086294471634, (1211.0, 1356.0, 2183.0, 192.0, 193.0, 1347.0, 2092.0, 191.0): 0, (1211.0, 2183.0, 192.0, 193.0, 1347.0, 1905.0, 2092.0, 191.0): 0.11573089667502545, (2141.0, 1356.0, 2183.0, 433.0, 192.0, 1889.0, 193.0, 2121.0): 0, (2141.0, 1356.0, 2183.0, 433.0, 192.0, 1889.0, 1905.0, 2121.0): 0, (2141.0, 1356.0, 2183.0, 433.0, 192.0, 193.0, 2092.0, 2121.0): 0, (2141.0, 1356.0, 2183.0, 433.0, 192.0, 1905.0, 2092.0, 2121.0): 0, (2141.0, 1356.0, 2183.0, 192.0, 193.0, 1347.0, 2121.0, 191.0): 0, (2141.0, 1356.0, 433.0, 192.0, 193.0, 1905.0, 2121.0, 191.0): 0, (2141.0, 1356.0, 1889.0, 193.0, 1347.0, 1905.0, 2092.0, 191.0): 0, (2141.0, 2183.0, 433.0, 192.0, 1889.0, 193.0, 2092.0, 2121.0): 0, (2141.0, 2183.0, 433.0, 192.0, 1889.0, 1347.0, 1905.0, 2121.0): 0, (2141.0, 2183.0, 433.0, 1889.0, 193.0, 1347.0, 2092.0, 2121.0): 0.08781668463123182, (2141.0, 2183.0, 433.0, 1889.0, 1347.0, 1905.0, 2121.0, 191.0): 0, (2141.0, 2183.0, 433.0, 1889.0, 1905.0, 2092.0, 2121.0, 191.0): 0, (2141.0, 433.0, 192.0, 1889.0, 1905.0, 2092.0, 2121.0, 191.0): 0.06609393945259272, (2141.0, 433.0, 192.0, 193.0, 1347.0, 1905.0, 2121.0, 191.0): 0, (1356.0, 433.0, 192.0, 1889.0, 193.0, 1347.0, 2121.0, 191.0): 0.11260390073764391, (1356.0, 433.0, 1889.0, 193.0, 1347.0, 2092.0, 2121.0, 191.0): 0, (2183.0, 433.0, 192.0, 1889.0, 193.0, 1347.0, 2121.0, 191.0): 0, (433.0, 192.0, 1889.0, 193.0, 1347.0, 1905.0, 2121.0, 191.0): 0, (433.0, 192.0, 193.0, 1347.0, 1905.0, 2092.0, 2121.0, 191.0): 0, (1211.0, 1356.0, 2183.0, 193.0, 1347.0, 1905.0, 191.0): 0.1010673149596977, (1211.0, 1356.0, 192.0, 1889.0, 1347.0, 1905.0, 2092.0): 0, (1211.0, 1356.0, 192.0, 1347.0, 1905.0, 2092.0, 191.0): 0, (1211.0, 1356.0, 1889.0, 193.0, 1347.0, 2092.0, 191.0): 0, (1211.0, 2183.0, 192.0, 1889.0, 193.0, 1905.0, 2121.0): 0, (1211.0, 2183.0, 192.0, 1889.0, 193.0, 2092.0, 2121.0): 0, (1211.0, 2183.0, 192.0, 1889.0, 1347.0, 1905.0, 2092.0): 0.0993126877583904, (1211.0, 2183.0, 1889.0, 193.0, 1347.0, 1905.0, 2092.0): 0, (1211.0, 2183.0, 1889.0, 1347.0, 1905.0, 2092.0, 191.0): 0, (1211.0, 192.0, 1889.0, 193.0, 1347.0, 2092.0, 191.0): 0, (1211.0, 192.0, 1889.0, 1347.0, 1905.0, 2092.0, 191.0): 0, (2141.0, 1356.0, 2183.0, 433.0, 1889.0, 2121.0, 191.0): 0, (2141.0, 1356.0, 2183.0, 1889.0, 1347.0, 2121.0, 191.0): 0, (2141.0, 1356.0, 2183.0, 1347.0, 1905.0, 2121.0, 191.0): 0, (2141.0, 1356.0, 2183.0, 1347.0, 2092.0, 2121.0, 191.0): 0, (2141.0, 1356.0, 433.0, 192.0, 2092.0, 2121.0, 191.0): 0, (2141.0, 433.0, 192.0, 1889.0, 193.0, 1347.0, 2121.0): 0, (2141.0, 433.0, 192.0, 1347.0, 1905.0, 2092.0, 2121.0): 0, (2141.0, 433.0, 193.0, 1347.0, 1905.0, 2092.0, 2121.0): 0.035398650593582284}
After Iteration 2 :
Voter 1: ID 461; Choice (2141.0, 1356.0, 1889.0, 193.0, 1347.0, 1905.0, 2092.0, 191.0) 
Voter 2: ID 735; Choice (2141.0, 433.0, 192.0, 1889.0, 1905.0, 2092.0, 2121.0, 191.0) 
Voter 3: ID 647; Choice (2141.0, 433.0, 192.0, 1889.0, 1905.0, 2092.0, 2121.0, 191.0) 
Voter 4: ID 177; Choice (2141.0, 1356.0, 2183.0, 192.0, 1889.0, 193.0, 1347.0, 1905.0, 2092.0, 2121.0) 
Voter 5: ID 412; Choice (1211.0, 1356.0, 192.0, 1889.0, 1347.0, 1905.0, 2092.0) 
Voter 6: ID 354; Choice (1356.0, 2183.0, 433.0, 193.0, 1347.0, 1905.0, 2092.0, 2121.0, 191.0) 
Voter 7: ID 84; Choice (2141.0, 1356.0, 2183.0, 433.0, 192.0, 1889.0, 193.0, 1347.0, 2092.0, 191.0) 
Voter 8: ID 532; Choice (2141.0, 1356.0, 2183.0, 433.0, 1889.0, 2121.0, 191.0) 
Voter 9: ID 319; Choice (2141.0, 1356.0, 2183.0, 433.0, 192.0, 1889.0, 193.0, 1347.0, 2092.0, 191.0) 
Voter 10: ID 81; Choice (2141.0, 1356.0, 2183.0, 433.0, 192.0, 1889.0, 193.0, 1347.0, 1905.0) 
Voter 11: ID 44; Choice (2141.0, 1356.0, 2183.0, 433.0, 192.0, 1905.0, 2092.0, 2121.0) 
Voter 12: ID 409; Choice (2141.0, 1356.0, 2183.0, 433.0, 1889.0, 193.0, 1347.0, 1905.0, 191.0) 
Voter 13: ID 95; Choice (2141.0, 1356.0, 2183.0, 433.0, 192.0, 1889.0, 193.0, 1905.0, 2092.0) 
Voter 14: ID 330; Choice (1211.0, 2183.0, 192.0, 1889.0, 1347.0, 1905.0, 2092.0) 
Voter 15: ID 292; Choice (2141.0, 2183.0, 433.0, 1889.0, 193.0, 1347.0, 2092.0, 2121.0) 
Voter 16: ID 443; Choice (1211.0, 2183.0, 1889.0, 1347.0, 1905.0, 2092.0, 191.0) 
Voter 17: ID 488; Choice (2141.0, 2183.0, 433.0, 1889.0, 193.0, 1347.0, 2092.0, 2121.0) 
Voter 18: ID 12; Choice (2141.0, 2183.0, 433.0, 192.0, 193.0, 1347.0, 2092.0, 2121.0, 191.0) 
Voter 19: ID 291; Choice (1211.0, 2183.0, 192.0, 1889.0, 1347.0, 1905.0, 2092.0) 
Voter 20: ID 421; Choice (1356.0, 2183.0, 192.0, 1889.0, 193.0, 1905.0, 2092.0, 191.0, 1347.0) 
Voter 21: ID 321; Choice (2141.0, 1356.0, 2183.0, 433.0, 1889.0, 193.0, 1347.0, 1905.0, 2092.0) 
Voter 22: ID 599; Choice (1211.0, 1356.0, 2183.0, 192.0, 193.0, 1347.0, 1905.0, 2092.0) 
Voter 23: ID 526; Choice (2141.0, 433.0, 192.0, 1347.0, 1905.0, 2092.0, 2121.0) 
Voter 24: ID 601; Choice (1211.0, 2141.0, 1356.0, 2183.0, 192.0, 193.0) 
Voter 25: ID 301; Choice (1356.0, 433.0, 192.0, 1889.0, 193.0, 1347.0, 2121.0, 191.0) 
Voter 26: ID 336; Choice (1356.0, 2183.0, 433.0, 193.0, 1347.0, 1905.0, 2092.0, 2121.0, 191.0) 
Voter 27: ID 724; Choice (1356.0, 2183.0, 192.0, 1889.0, 193.0, 1905.0, 2092.0, 191.0) 
Voter 28: ID 641; Choice (2141.0, 2183.0, 433.0, 1889.0, 193.0, 1347.0, 2092.0, 2121.0) 
Voter 29: ID 439; Choice (2141.0, 1356.0, 433.0, 192.0, 1889.0, 193.0, 1905.0, 2092.0, 191.0) 
Voter 30: ID 617; Choice (433.0, 192.0, 1889.0, 193.0, 1347.0, 1905.0, 2121.0, 191.0) 
Voter 31: ID 677; Choice (2141.0, 433.0, 192.0, 1347.0, 1905.0, 2092.0, 2121.0) 
Voter 32: ID 28; Choice (2141.0, 1356.0, 2183.0, 433.0, 1889.0, 193.0, 1347.0, 1905.0, 191.0) 
Voter 33: ID 368; Choice (1211.0, 2183.0, 192.0, 193.0, 1347.0, 1905.0, 2092.0, 191.0) 
Voter 34: ID 39; Choice (1356.0, 433.0, 192.0, 1889.0, 193.0, 1347.0, 2121.0, 191.0) 
Voter 35: ID 455; Choice (2141.0, 1356.0, 433.0, 192.0, 2092.0, 2121.0, 191.0) 
Voter 36: ID 260; Choice (1356.0, 433.0, 1889.0, 193.0, 1347.0, 2092.0, 2121.0, 191.0) 
Voter 37: ID 2; Choice (2183.0, 433.0, 192.0, 1889.0, 193.0, 1347.0, 2121.0, 191.0) 
Voter 38: ID 674; Choice (2141.0, 433.0, 192.0, 1889.0, 1905.0, 2092.0, 2121.0, 191.0) 
Voter 39: ID 429; Choice (1211.0, 2183.0, 192.0, 1889.0, 1347.0, 1905.0, 2092.0) 
Voter 40: ID 222; Choice (2141.0, 1356.0, 2183.0, 433.0, 192.0, 1889.0, 193.0, 1905.0, 2092.0) 
Voter 41: ID 466; Choice (2141.0, 1356.0, 2183.0, 1889.0, 1347.0, 2121.0, 191.0) 
Voter 42: ID 636; Choice (1211.0, 2183.0, 1889.0, 193.0, 1347.0, 1905.0, 2092.0) 
Voter 43: ID 140; Choice (1211.0, 2183.0, 192.0, 1889.0, 193.0, 2092.0, 2121.0) 
Voter 44: ID 91; Choice (2141.0, 1356.0, 1889.0, 193.0, 1347.0, 1905.0, 2092.0, 191.0) 
Voter 45: ID 314; Choice (1211.0, 1356.0, 2183.0, 192.0, 1889.0, 193.0, 1905.0, 2092.0, 191.0) 
Voter 46: ID 524; Choice (1211.0, 1356.0, 2183.0, 192.0, 193.0, 1347.0, 2092.0, 191.0) 
Voter 47: ID 13; Choice (1211.0, 2183.0, 1889.0, 1347.0, 1905.0, 2092.0, 191.0) 
Voter 48: ID 567; Choice (2183.0, 433.0, 192.0, 1889.0, 193.0, 1347.0, 2121.0, 191.0) 
Voter 49: ID 250; Choice (2141.0, 433.0, 193.0, 1347.0, 1905.0, 2092.0, 2121.0) 
Voter 50: ID 556; Choice (1211.0, 2183.0, 1889.0, 1347.0, 1905.0, 2092.0, 191.0) 
---------------------------------------------------------------------------
After Iteration 3 :
Voter 1: ID 461; Choice (2141.0, 1356.0, 2183.0, 433.0, 192.0, 1889.0, 1905.0, 2121.0) 
Voter 2: ID 735; Choice (1356.0, 433.0, 1889.0, 193.0, 1347.0, 2092.0, 2121.0, 191.0) 
Voter 3: ID 647; Choice (2183.0, 433.0, 192.0, 1889.0, 193.0, 1347.0, 2121.0, 191.0) 
Voter 4: ID 177; Choice (2141.0, 433.0, 192.0, 1889.0, 1905.0, 2092.0, 2121.0, 191.0) 
Voter 5: ID 412; Choice (2141.0, 1356.0, 2183.0, 1347.0, 2092.0, 2121.0, 191.0) 
Voter 6: ID 354; Choice (2141.0, 1356.0, 2183.0, 192.0, 193.0, 1347.0, 2121.0, 191.0) 
Voter 7: ID 84; Choice (2141.0, 1356.0, 192.0, 1889.0, 1347.0, 1905.0, 2092.0, 2121.0, 191.0) 
Voter 8: ID 532; Choice (2141.0, 2183.0, 433.0, 192.0, 193.0, 1347.0, 2092.0, 2121.0, 191.0) 
Voter 9: ID 319; Choice (1211.0, 1356.0, 2183.0, 193.0, 1347.0, 1905.0, 191.0) 
Voter 10: ID 81; Choice (2141.0, 1356.0, 2183.0, 433.0, 192.0, 1889.0, 193.0, 1347.0, 2092.0, 191.0) 
Voter 11: ID 44; Choice (433.0, 192.0, 193.0, 1347.0, 1905.0, 2092.0, 2121.0, 191.0) 
Voter 12: ID 409; Choice (1211.0, 2183.0, 192.0, 193.0, 1347.0, 1905.0, 2092.0, 191.0) 
Voter 13: ID 95; Choice (2141.0, 1356.0, 2183.0, 433.0, 1889.0, 2121.0, 191.0) 
Voter 14: ID 330; Choice (1211.0, 2183.0, 1889.0, 1347.0, 1905.0, 2092.0, 191.0) 
Voter 15: ID 292; Choice (2141.0, 1356.0, 2183.0, 433.0, 192.0, 1889.0, 193.0, 2121.0) 
Voter 16: ID 443; Choice (2141.0, 2183.0, 433.0, 192.0, 1889.0, 1347.0, 1905.0, 2092.0, 191.0) 
Voter 17: ID 488; Choice (1211.0, 2183.0, 192.0, 1889.0, 193.0, 2092.0, 2121.0) 
Voter 18: ID 12; Choice (2141.0, 1356.0, 2183.0, 433.0, 1889.0, 2121.0, 191.0) 
Voter 19: ID 291; Choice (2141.0, 1356.0, 2183.0, 433.0, 192.0, 1889.0, 193.0, 1347.0, 2092.0, 191.0) 
Voter 20: ID 421; Choice (1356.0, 2183.0, 433.0, 192.0, 1889.0, 1347.0, 1905.0, 2092.0, 2121.0, 191.0) 
Voter 21: ID 321; Choice (1211.0, 2183.0, 192.0, 1889.0, 193.0, 2092.0, 2121.0) 
Voter 22: ID 599; Choice (1356.0, 2183.0, 192.0, 1889.0, 193.0, 1905.0, 2092.0, 191.0, 1347.0) 
Voter 23: ID 526; Choice (2141.0, 2183.0, 192.0, 1889.0, 193.0, 1347.0, 1905.0, 2092.0, 2121.0, 191.0) 
Voter 24: ID 601; Choice (1211.0, 1356.0, 2183.0, 193.0, 1347.0, 1905.0, 191.0) 
Voter 25: ID 301; Choice (2141.0, 1356.0, 2183.0, 433.0, 1889.0, 193.0, 1347.0, 1905.0, 2092.0) 
Voter 26: ID 336; Choice (1356.0, 2183.0, 192.0, 1889.0, 193.0, 1905.0, 2092.0, 191.0, 1347.0) 
Voter 27: ID 724; Choice (2141.0, 2183.0, 433.0, 192.0, 1889.0, 193.0, 1905.0, 2121.0, 191.0) 
Voter 28: ID 641; Choice (2141.0, 1356.0, 2183.0, 433.0, 1889.0, 193.0, 1347.0, 1905.0, 2092.0) 
Voter 29: ID 439; Choice (1211.0, 2183.0, 192.0, 1889.0, 193.0, 1905.0, 2121.0) 
Voter 30: ID 617; Choice (1356.0, 2183.0, 192.0, 1889.0, 193.0, 1347.0, 2092.0, 2121.0, 191.0) 
Voter 31: ID 677; Choice (2141.0, 1356.0, 2183.0, 433.0, 192.0, 1905.0, 2092.0, 2121.0) 
Voter 32: ID 28; Choice (1211.0, 1356.0, 2183.0, 192.0, 193.0, 1347.0, 2092.0, 191.0) 
Voter 33: ID 368; Choice (2141.0, 2183.0, 433.0, 1889.0, 1347.0, 1905.0, 2121.0, 191.0) 
Voter 34: ID 39; Choice (1211.0, 2141.0, 1356.0, 2183.0, 192.0, 193.0) 
Voter 35: ID 455; Choice (2141.0, 1356.0, 2183.0, 433.0, 192.0, 193.0, 1347.0, 1905.0, 2092.0, 191.0) 
Voter 36: ID 260; Choice (2141.0, 2183.0, 433.0, 1889.0, 1347.0, 1905.0, 2121.0, 191.0) 
Voter 37: ID 2; Choice (2141.0, 2183.0, 433.0, 192.0, 1889.0, 193.0, 1905.0, 2121.0, 191.0) 
Voter 38: ID 674; Choice (1356.0, 2183.0, 433.0, 192.0, 1889.0, 193.0, 1905.0, 2092.0, 2121.0, 191.0) 
Voter 39: ID 429; Choice (1211.0, 2183.0, 1889.0, 193.0, 1347.0, 1905.0, 2092.0) 
Voter 40: ID 222; Choice (2141.0, 1356.0, 2183.0, 433.0, 1889.0, 193.0, 1347.0, 1905.0, 191.0) 
Voter 41: ID 466; Choice (2141.0, 1356.0, 2183.0, 433.0, 192.0, 193.0, 1347.0, 1905.0, 2092.0, 191.0) 
Voter 42: ID 636; Choice (1211.0, 2183.0, 192.0, 1889.0, 193.0, 1905.0, 2121.0) 
Voter 43: ID 140; Choice (2141.0, 433.0, 192.0, 1889.0, 193.0, 1347.0, 2121.0) 
Voter 44: ID 91; Choice (2183.0, 433.0, 192.0, 1889.0, 193.0, 1347.0, 2121.0, 191.0) 
Voter 45: ID 314; Choice (1211.0, 2183.0, 192.0, 1889.0, 193.0, 1905.0, 2121.0) 
Voter 46: ID 524; Choice (2141.0, 1356.0, 2183.0, 433.0, 1889.0, 2121.0, 191.0) 
Voter 47: ID 13; Choice (1211.0, 1356.0, 2183.0, 192.0, 1889.0, 193.0, 1347.0, 1905.0) 
Voter 48: ID 567; Choice (2141.0, 433.0, 192.0, 1889.0, 193.0, 1347.0, 2121.0) 
Voter 49: ID 250; Choice (2141.0, 1356.0, 2183.0, 433.0, 192.0, 1889.0, 193.0, 1905.0, 2092.0) 
Voter 50: ID 556; Choice (1356.0, 2183.0, 192.0, 1889.0, 193.0, 1905.0, 2092.0, 191.0) 
---------------------------------------------------------------------------
After Iteration 4 :
Voter 1: ID 461; Choice (1356.0, 2183.0, 192.0, 1889.0, 193.0, 1905.0, 2092.0, 191.0, 1347.0) 
Voter 2: ID 735; Choice (1356.0, 2183.0, 192.0, 1889.0, 193.0, 1905.0, 2092.0, 191.0, 1347.0) 
Voter 3: ID 647; Choice (1356.0, 2183.0, 192.0, 1889.0, 193.0, 1905.0, 2092.0, 191.0, 1347.0) 
Voter 4: ID 177; Choice (1356.0, 2183.0, 1889.0, 193.0, 1347.0, 1905.0, 2092.0, 2121.0, 191.0) 
Voter 5: ID 412; Choice (1356.0, 2183.0, 192.0, 1889.0, 193.0, 1905.0, 2092.0, 191.0, 1347.0) 
Voter 6: ID 354; Choice (1356.0, 2183.0, 192.0, 1889.0, 193.0, 1905.0, 2092.0, 191.0, 1347.0) 
Voter 7: ID 84; Choice (1356.0, 2183.0, 192.0, 1889.0, 193.0, 1905.0, 2092.0, 191.0) 
Voter 8: ID 532; Choice (1356.0, 2183.0, 192.0, 1889.0, 193.0, 1905.0, 2092.0, 191.0, 1347.0) 
Voter 9: ID 319; Choice (1356.0, 2183.0, 192.0, 1889.0, 193.0, 1905.0, 2092.0, 191.0, 1347.0) 
Voter 10: ID 81; Choice (1356.0, 2183.0, 192.0, 1889.0, 193.0, 1905.0, 2092.0, 191.0, 1347.0) 
Voter 11: ID 44; Choice (1356.0, 433.0, 1889.0, 193.0, 1347.0, 2092.0, 2121.0, 191.0) 
Voter 12: ID 409; Choice (1356.0, 2183.0, 192.0, 1889.0, 193.0, 1905.0, 2092.0, 191.0, 1347.0) 
Voter 13: ID 95; Choice (1356.0, 2183.0, 192.0, 1889.0, 193.0, 1905.0, 2092.0, 191.0, 1347.0) 
Voter 14: ID 330; Choice (1356.0, 2183.0, 192.0, 1889.0, 193.0, 1905.0, 2092.0, 191.0, 1347.0) 
Voter 15: ID 292; Choice (1356.0, 2183.0, 192.0, 1889.0, 193.0, 1905.0, 2092.0, 191.0, 1347.0) 
Voter 16: ID 443; Choice (1356.0, 2183.0, 192.0, 1889.0, 193.0, 1905.0, 2092.0, 191.0, 1347.0) 
Voter 17: ID 488; Choice (1356.0, 2183.0, 192.0, 1889.0, 193.0, 1905.0, 2092.0, 191.0, 1347.0) 
Voter 18: ID 12; Choice (1356.0, 2183.0, 192.0, 1889.0, 193.0, 1905.0, 2092.0, 191.0, 1347.0) 
Voter 19: ID 291; Choice (1356.0, 2183.0, 192.0, 1889.0, 193.0, 1905.0, 2092.0, 191.0, 1347.0) 
Voter 20: ID 421; Choice (1356.0, 2183.0, 192.0, 1889.0, 193.0, 1905.0, 2092.0, 191.0, 1347.0) 
Voter 21: ID 321; Choice (1356.0, 2183.0, 192.0, 1889.0, 193.0, 1905.0, 2092.0, 191.0, 1347.0) 
Voter 22: ID 599; Choice (1211.0, 1356.0, 2183.0, 192.0, 1889.0, 193.0, 1347.0, 1905.0) 
Voter 23: ID 526; Choice (1356.0, 2183.0, 192.0, 1889.0, 193.0, 1905.0, 2092.0, 191.0, 1347.0) 
Voter 24: ID 601; Choice (1356.0, 2183.0, 192.0, 1889.0, 193.0, 1905.0, 2092.0, 191.0, 1347.0) 
Voter 25: ID 301; Choice (1356.0, 2183.0, 192.0, 1889.0, 193.0, 1905.0, 2092.0, 191.0, 1347.0) 
Voter 26: ID 336; Choice (1356.0, 2183.0, 1889.0, 193.0, 1347.0, 1905.0, 2092.0, 2121.0, 191.0) 
Voter 27: ID 724; Choice (1356.0, 2183.0, 192.0, 1889.0, 193.0, 1905.0, 2092.0, 191.0, 1347.0) 
Voter 28: ID 641; Choice (1356.0, 2183.0, 192.0, 1889.0, 193.0, 1905.0, 2092.0, 191.0, 1347.0) 
Voter 29: ID 439; Choice (1356.0, 2183.0, 192.0, 1889.0, 193.0, 1905.0, 2092.0, 191.0, 1347.0) 
Voter 30: ID 617; Choice (1356.0, 2183.0, 192.0, 1889.0, 193.0, 1905.0, 2092.0, 191.0, 1347.0) 
Voter 31: ID 677; Choice (2141.0, 1356.0, 192.0, 1889.0, 1347.0, 1905.0, 2092.0, 2121.0, 191.0) 
Voter 32: ID 28; Choice (1356.0, 2183.0, 192.0, 1889.0, 193.0, 1905.0, 2092.0, 191.0, 1347.0) 
Voter 33: ID 368; Choice (1356.0, 2183.0, 192.0, 1889.0, 193.0, 1905.0, 2092.0, 191.0, 1347.0) 
Voter 34: ID 39; Choice (1356.0, 2183.0, 192.0, 1889.0, 193.0, 1905.0, 2092.0, 191.0, 1347.0) 
Voter 35: ID 455; Choice (1356.0, 2183.0, 192.0, 1889.0, 193.0, 1905.0, 2092.0, 191.0, 1347.0) 
Voter 36: ID 260; Choice (1356.0, 2183.0, 192.0, 1889.0, 193.0, 1905.0, 2092.0, 191.0, 1347.0) 
Voter 37: ID 2; Choice (1356.0, 2183.0, 192.0, 1889.0, 193.0, 1905.0, 2092.0, 191.0, 1347.0) 
Voter 38: ID 674; Choice (1356.0, 2183.0, 192.0, 1889.0, 193.0, 1905.0, 2092.0, 191.0, 1347.0) 
Voter 39: ID 429; Choice (1356.0, 2183.0, 192.0, 1889.0, 193.0, 1905.0, 2092.0, 191.0, 1347.0) 
Voter 40: ID 222; Choice (1356.0, 2183.0, 192.0, 1889.0, 193.0, 1905.0, 2092.0, 191.0, 1347.0) 
Voter 41: ID 466; Choice (1356.0, 2183.0, 192.0, 1889.0, 193.0, 1905.0, 2092.0, 191.0, 1347.0) 
Voter 42: ID 636; Choice (1356.0, 2183.0, 192.0, 1889.0, 193.0, 1905.0, 2092.0, 191.0, 1347.0) 
Voter 43: ID 140; Choice (1356.0, 2183.0, 192.0, 1889.0, 193.0, 1905.0, 2092.0, 191.0, 1347.0) 
Voter 44: ID 91; Choice (1356.0, 2183.0, 192.0, 1889.0, 193.0, 1905.0, 2092.0, 191.0, 1347.0) 
Voter 45: ID 314; Choice (1356.0, 2183.0, 192.0, 1889.0, 193.0, 1905.0, 2092.0, 191.0, 1347.0) 
Voter 46: ID 524; Choice (1356.0, 2183.0, 192.0, 1889.0, 193.0, 1905.0, 2092.0, 191.0, 1347.0) 
Voter 47: ID 13; Choice (1211.0, 2183.0, 1889.0, 1347.0, 1905.0, 2092.0, 191.0) 
Voter 48: ID 567; Choice (1356.0, 2183.0, 192.0, 1889.0, 193.0, 1905.0, 2092.0, 191.0, 1347.0) 
Voter 49: ID 250; Choice (1356.0, 2183.0, 192.0, 1889.0, 193.0, 1905.0, 2092.0, 191.0, 1347.0) 
Voter 50: ID 556; Choice (1356.0, 2183.0, 192.0, 1889.0, 193.0, 1905.0, 2092.0, 191.0, 1347.0) 
---------------------------------------------------------------------------
After Iteration 5 :
Voter 1: ID 461; Choice (1356.0, 2183.0, 192.0, 1889.0, 193.0, 1905.0, 2092.0, 191.0, 1347.0) 
Voter 2: ID 735; Choice (1356.0, 2183.0, 192.0, 1889.0, 193.0, 1905.0, 2092.0, 191.0, 1347.0) 
Voter 3: ID 647; Choice (1356.0, 2183.0, 192.0, 1889.0, 193.0, 1905.0, 2092.0, 191.0, 1347.0) 
Voter 4: ID 177; Choice (1356.0, 2183.0, 192.0, 1889.0, 193.0, 1905.0, 2092.0, 191.0, 1347.0) 
Voter 5: ID 412; Choice (1356.0, 2183.0, 192.0, 1889.0, 193.0, 1905.0, 2092.0, 191.0, 1347.0) 
Voter 6: ID 354; Choice (1356.0, 2183.0, 192.0, 1889.0, 193.0, 1905.0, 2092.0, 191.0, 1347.0) 
Voter 7: ID 84; Choice (1356.0, 2183.0, 192.0, 1889.0, 193.0, 1905.0, 2092.0, 191.0) 
Voter 8: ID 532; Choice (1356.0, 2183.0, 192.0, 1889.0, 193.0, 1905.0, 2092.0, 191.0, 1347.0) 
Voter 9: ID 319; Choice (1356.0, 2183.0, 192.0, 1889.0, 193.0, 1905.0, 2092.0, 191.0, 1347.0) 
Voter 10: ID 81; Choice (1356.0, 2183.0, 192.0, 1889.0, 193.0, 1905.0, 2092.0, 191.0, 1347.0) 
Voter 11: ID 44; Choice (1356.0, 2183.0, 192.0, 1889.0, 193.0, 1905.0, 2092.0, 191.0, 1347.0) 
Voter 12: ID 409; Choice (1356.0, 2183.0, 192.0, 1889.0, 193.0, 1905.0, 2092.0, 191.0, 1347.0) 
Voter 13: ID 95; Choice (2141.0, 433.0, 192.0, 1889.0, 1905.0, 2092.0, 2121.0, 191.0) 
Voter 14: ID 330; Choice (1356.0, 2183.0, 192.0, 1889.0, 193.0, 1905.0, 2092.0, 191.0, 1347.0) 
Voter 15: ID 292; Choice (1356.0, 2183.0, 192.0, 1889.0, 193.0, 1905.0, 2092.0, 191.0, 1347.0) 
Voter 16: ID 443; Choice (2141.0, 2183.0, 433.0, 192.0, 1889.0, 1347.0, 1905.0, 2092.0, 191.0) 
Voter 17: ID 488; Choice (1356.0, 2183.0, 192.0, 1889.0, 193.0, 1905.0, 2092.0, 191.0, 1347.0) 
Voter 18: ID 12; Choice (1356.0, 2183.0, 192.0, 1889.0, 193.0, 1905.0, 2092.0, 191.0, 1347.0) 
Voter 19: ID 291; Choice (2141.0, 1356.0, 2183.0, 433.0, 192.0, 1889.0, 193.0, 1347.0, 2092.0, 191.0) 
Voter 20: ID 421; Choice (1356.0, 2183.0, 192.0, 1889.0, 193.0, 1905.0, 2092.0, 191.0, 1347.0) 
Voter 21: ID 321; Choice (1356.0, 2183.0, 192.0, 1889.0, 193.0, 1905.0, 2092.0, 191.0, 1347.0) 
Voter 22: ID 599; Choice (1356.0, 2183.0, 192.0, 1889.0, 193.0, 1905.0, 2092.0, 191.0, 1347.0) 
Voter 23: ID 526; Choice (1356.0, 2183.0, 192.0, 1889.0, 193.0, 1905.0, 2092.0, 191.0, 1347.0) 
Voter 24: ID 601; Choice (1356.0, 2183.0, 192.0, 1889.0, 193.0, 1905.0, 2092.0, 191.0, 1347.0) 
Voter 25: ID 301; Choice (1356.0, 2183.0, 192.0, 1889.0, 193.0, 1905.0, 2092.0, 191.0, 1347.0) 
Voter 26: ID 336; Choice (1356.0, 2183.0, 192.0, 1889.0, 193.0, 1905.0, 2092.0, 191.0, 1347.0) 
Voter 27: ID 724; Choice (1356.0, 2183.0, 192.0, 1889.0, 193.0, 1905.0, 2092.0, 191.0, 1347.0) 
Voter 28: ID 641; Choice (2141.0, 1356.0, 2183.0, 433.0, 1889.0, 193.0, 1347.0, 1905.0, 2092.0) 
Voter 29: ID 439; Choice (1356.0, 2183.0, 192.0, 1889.0, 193.0, 1905.0, 2092.0, 191.0, 1347.0) 
Voter 30: ID 617; Choice (1356.0, 2183.0, 192.0, 1889.0, 193.0, 1905.0, 2092.0, 191.0, 1347.0) 
Voter 31: ID 677; Choice (1356.0, 2183.0, 192.0, 1889.0, 193.0, 1905.0, 2092.0, 191.0, 1347.0) 
Voter 32: ID 28; Choice (1356.0, 2183.0, 192.0, 1889.0, 193.0, 1905.0, 2092.0, 191.0, 1347.0) 
Voter 33: ID 368; Choice (1356.0, 2183.0, 192.0, 1889.0, 193.0, 1905.0, 2092.0, 191.0, 1347.0) 
Voter 34: ID 39; Choice (1356.0, 2183.0, 192.0, 1889.0, 193.0, 1905.0, 2092.0, 191.0, 1347.0) 
Voter 35: ID 455; Choice (1356.0, 2183.0, 192.0, 1889.0, 193.0, 1905.0, 2092.0, 191.0, 1347.0) 
Voter 36: ID 260; Choice (1356.0, 2183.0, 192.0, 1889.0, 193.0, 1905.0, 2092.0, 191.0, 1347.0) 
Voter 37: ID 2; Choice (1356.0, 2183.0, 192.0, 1889.0, 193.0, 1905.0, 2092.0, 191.0, 1347.0) 
Voter 38: ID 674; Choice (1356.0, 2183.0, 192.0, 1889.0, 193.0, 1905.0, 2092.0, 191.0, 1347.0) 
Voter 39: ID 429; Choice (1356.0, 2183.0, 192.0, 1889.0, 193.0, 1905.0, 2092.0, 191.0, 1347.0) 
Voter 40: ID 222; Choice (1356.0, 2183.0, 192.0, 1889.0, 193.0, 1905.0, 2092.0, 191.0, 1347.0) 
Voter 41: ID 466; Choice (1356.0, 2183.0, 192.0, 1889.0, 193.0, 1905.0, 2092.0, 191.0, 1347.0) 
Voter 42: ID 636; Choice (1356.0, 2183.0, 192.0, 1889.0, 193.0, 1905.0, 2092.0, 191.0, 1347.0) 
Voter 43: ID 140; Choice (1356.0, 2183.0, 192.0, 1889.0, 193.0, 1905.0, 2092.0, 191.0, 1347.0) 
Voter 44: ID 91; Choice (1356.0, 2183.0, 192.0, 1889.0, 193.0, 1905.0, 2092.0, 191.0, 1347.0) 
Voter 45: ID 314; Choice (1356.0, 2183.0, 192.0, 1889.0, 193.0, 1905.0, 2092.0, 191.0, 1347.0) 
Voter 46: ID 524; Choice (1356.0, 2183.0, 192.0, 1889.0, 193.0, 1905.0, 2092.0, 191.0, 1347.0) 
Voter 47: ID 13; Choice (1356.0, 2183.0, 192.0, 1889.0, 193.0, 1905.0, 2092.0, 191.0, 1347.0) 
Voter 48: ID 567; Choice (1356.0, 2183.0, 192.0, 1889.0, 193.0, 1905.0, 2092.0, 191.0, 1347.0) 
Voter 49: ID 250; Choice (1356.0, 2183.0, 192.0, 1889.0, 193.0, 1905.0, 2092.0, 191.0, 1347.0) 
Voter 50: ID 556; Choice (1356.0, 2183.0, 192.0, 1889.0, 193.0, 1905.0, 2092.0, 191.0, 1347.0) 
---------------------------------------------------------------------------
After Iteration 6 :
Voter 1: ID 461; Choice (1356.0, 2183.0, 192.0, 1889.0, 193.0, 1905.0, 2092.0, 191.0, 1347.0) 
Voter 2: ID 735; Choice (1356.0, 2183.0, 192.0, 1889.0, 193.0, 1905.0, 2092.0, 191.0, 1347.0) 
Voter 3: ID 647; Choice (1356.0, 2183.0, 192.0, 1889.0, 193.0, 1905.0, 2092.0, 191.0, 1347.0) 
Voter 4: ID 177; Choice (1356.0, 2183.0, 192.0, 1889.0, 193.0, 1905.0, 2092.0, 191.0, 1347.0) 
Voter 5: ID 412; Choice (1356.0, 2183.0, 192.0, 1889.0, 193.0, 1905.0, 2092.0, 191.0, 1347.0) 
Voter 6: ID 354; Choice (1356.0, 2183.0, 192.0, 1889.0, 193.0, 1905.0, 2092.0, 191.0, 1347.0) 
Voter 7: ID 84; Choice (1356.0, 2183.0, 192.0, 1889.0, 193.0, 1905.0, 2092.0, 191.0) 
Voter 8: ID 532; Choice (1356.0, 2183.0, 192.0, 1889.0, 193.0, 1905.0, 2092.0, 191.0, 1347.0) 
Voter 9: ID 319; Choice (1356.0, 2183.0, 192.0, 1889.0, 193.0, 1905.0, 2092.0, 191.0, 1347.0) 
Voter 10: ID 81; Choice (1356.0, 2183.0, 192.0, 1889.0, 193.0, 1905.0, 2092.0, 191.0, 1347.0) 
Voter 11: ID 44; Choice (1356.0, 2183.0, 192.0, 1889.0, 193.0, 1905.0, 2092.0, 191.0, 1347.0) 
Voter 12: ID 409; Choice (1356.0, 2183.0, 192.0, 1889.0, 193.0, 1905.0, 2092.0, 191.0, 1347.0) 
Voter 13: ID 95; Choice (1356.0, 2183.0, 192.0, 1889.0, 193.0, 1905.0, 2092.0, 191.0, 1347.0) 
Voter 14: ID 330; Choice (1356.0, 2183.0, 192.0, 1889.0, 193.0, 1905.0, 2092.0, 191.0, 1347.0) 
Voter 15: ID 292; Choice (1356.0, 2183.0, 192.0, 1889.0, 193.0, 1905.0, 2092.0, 191.0, 1347.0) 
Voter 16: ID 443; Choice (1356.0, 2183.0, 192.0, 1889.0, 193.0, 1905.0, 2092.0, 191.0, 1347.0) 
Voter 17: ID 488; Choice (1356.0, 2183.0, 192.0, 1889.0, 193.0, 1905.0, 2092.0, 191.0, 1347.0) 
Voter 18: ID 12; Choice (1356.0, 2183.0, 192.0, 1889.0, 193.0, 1905.0, 2092.0, 191.0, 1347.0) 
Voter 19: ID 291; Choice (1356.0, 2183.0, 192.0, 1889.0, 193.0, 1905.0, 2092.0, 191.0, 1347.0) 
Voter 20: ID 421; Choice (1356.0, 2183.0, 192.0, 1889.0, 193.0, 1905.0, 2092.0, 191.0, 1347.0) 
Voter 21: ID 321; Choice (1356.0, 2183.0, 192.0, 1889.0, 193.0, 1905.0, 2092.0, 191.0, 1347.0) 
Voter 22: ID 599; Choice (1356.0, 2183.0, 192.0, 1889.0, 193.0, 1905.0, 2092.0, 191.0, 1347.0) 
Voter 23: ID 526; Choice (1356.0, 2183.0, 192.0, 1889.0, 193.0, 1905.0, 2092.0, 191.0, 1347.0) 
Voter 24: ID 601; Choice (1356.0, 2183.0, 192.0, 1889.0, 193.0, 1905.0, 2092.0, 191.0, 1347.0) 
Voter 25: ID 301; Choice (1356.0, 2183.0, 192.0, 1889.0, 193.0, 1905.0, 2092.0, 191.0, 1347.0) 
Voter 26: ID 336; Choice (1356.0, 2183.0, 192.0, 1889.0, 193.0, 1905.0, 2092.0, 191.0, 1347.0) 
Voter 27: ID 724; Choice (1356.0, 2183.0, 192.0, 1889.0, 193.0, 1905.0, 2092.0, 191.0, 1347.0) 
Voter 28: ID 641; Choice (1356.0, 2183.0, 192.0, 1889.0, 193.0, 1905.0, 2092.0, 191.0, 1347.0) 
Voter 29: ID 439; Choice (1356.0, 2183.0, 192.0, 1889.0, 193.0, 1905.0, 2092.0, 191.0, 1347.0) 
Voter 30: ID 617; Choice (1356.0, 2183.0, 192.0, 1889.0, 193.0, 1905.0, 2092.0, 191.0, 1347.0) 
Voter 31: ID 677; Choice (1356.0, 2183.0, 192.0, 1889.0, 193.0, 1905.0, 2092.0, 191.0, 1347.0) 
Voter 32: ID 28; Choice (1356.0, 2183.0, 192.0, 1889.0, 193.0, 1905.0, 2092.0, 191.0, 1347.0) 
Voter 33: ID 368; Choice (1356.0, 2183.0, 192.0, 1889.0, 193.0, 1905.0, 2092.0, 191.0, 1347.0) 
Voter 34: ID 39; Choice (1356.0, 2183.0, 192.0, 1889.0, 193.0, 1905.0, 2092.0, 191.0, 1347.0) 
Voter 35: ID 455; Choice (1356.0, 2183.0, 192.0, 1889.0, 193.0, 1905.0, 2092.0, 191.0, 1347.0) 
Voter 36: ID 260; Choice (1356.0, 2183.0, 192.0, 1889.0, 193.0, 1905.0, 2092.0, 191.0, 1347.0) 
Voter 37: ID 2; Choice (1356.0, 2183.0, 192.0, 1889.0, 193.0, 1905.0, 2092.0, 191.0, 1347.0) 
Voter 38: ID 674; Choice (1356.0, 2183.0, 192.0, 1889.0, 193.0, 1905.0, 2092.0, 191.0, 1347.0) 
Voter 39: ID 429; Choice (1356.0, 2183.0, 192.0, 1889.0, 193.0, 1905.0, 2092.0, 191.0, 1347.0) 
Voter 40: ID 222; Choice (1356.0, 2183.0, 192.0, 1889.0, 193.0, 1905.0, 2092.0, 191.0, 1347.0) 
Voter 41: ID 466; Choice (1356.0, 2183.0, 192.0, 1889.0, 193.0, 1905.0, 2092.0, 191.0, 1347.0) 
Voter 42: ID 636; Choice (1356.0, 2183.0, 192.0, 1889.0, 193.0, 1905.0, 2092.0, 191.0, 1347.0) 
Voter 43: ID 140; Choice (1356.0, 2183.0, 192.0, 1889.0, 193.0, 1905.0, 2092.0, 191.0, 1347.0) 
Voter 44: ID 91; Choice (1356.0, 2183.0, 192.0, 1889.0, 193.0, 1905.0, 2092.0, 191.0, 1347.0) 
Voter 45: ID 314; Choice (1356.0, 2183.0, 192.0, 1889.0, 193.0, 1905.0, 2092.0, 191.0, 1347.0) 
Voter 46: ID 524; Choice (1356.0, 2183.0, 192.0, 1889.0, 193.0, 1905.0, 2092.0, 191.0, 1347.0) 
Voter 47: ID 13; Choice (1356.0, 2183.0, 192.0, 1889.0, 193.0, 1905.0, 2092.0, 191.0, 1347.0) 
Voter 48: ID 567; Choice (1356.0, 2183.0, 192.0, 1889.0, 193.0, 1905.0, 2092.0, 191.0, 1347.0) 
Voter 49: ID 250; Choice (1356.0, 2183.0, 192.0, 1889.0, 193.0, 1905.0, 2092.0, 191.0, 1347.0) 
Voter 50: ID 556; Choice (1356.0, 2183.0, 192.0, 1889.0, 193.0, 1905.0, 2092.0, 191.0, 1347.0) 
---------------------------------------------------------------------------
After Iteration 7 :
Voter 1: ID 461; Choice (1356.0, 2183.0, 192.0, 1889.0, 193.0, 1905.0, 2092.0, 191.0, 1347.0) 
Voter 2: ID 735; Choice (1356.0, 2183.0, 192.0, 1889.0, 193.0, 1905.0, 2092.0, 191.0, 1347.0) 
Voter 3: ID 647; Choice (1356.0, 2183.0, 192.0, 1889.0, 193.0, 1905.0, 2092.0, 191.0, 1347.0) 
Voter 4: ID 177; Choice (1356.0, 2183.0, 192.0, 1889.0, 193.0, 1905.0, 2092.0, 191.0, 1347.0) 
Voter 5: ID 412; Choice (1356.0, 2183.0, 192.0, 1889.0, 193.0, 1905.0, 2092.0, 191.0, 1347.0) 
Voter 6: ID 354; Choice (1356.0, 2183.0, 192.0, 1889.0, 193.0, 1905.0, 2092.0, 191.0, 1347.0) 
Voter 7: ID 84; Choice (1356.0, 2183.0, 192.0, 1889.0, 193.0, 1905.0, 2092.0, 191.0) 
Voter 8: ID 532; Choice (1356.0, 2183.0, 192.0, 1889.0, 193.0, 1905.0, 2092.0, 191.0, 1347.0) 
Voter 9: ID 319; Choice (1356.0, 2183.0, 192.0, 1889.0, 193.0, 1905.0, 2092.0, 191.0, 1347.0) 
Voter 10: ID 81; Choice (1356.0, 2183.0, 192.0, 1889.0, 193.0, 1905.0, 2092.0, 191.0, 1347.0) 
Voter 11: ID 44; Choice (1356.0, 2183.0, 192.0, 1889.0, 193.0, 1905.0, 2092.0, 191.0, 1347.0) 
Voter 12: ID 409; Choice (1356.0, 2183.0, 192.0, 1889.0, 193.0, 1905.0, 2092.0, 191.0, 1347.0) 
Voter 13: ID 95; Choice (1356.0, 2183.0, 192.0, 1889.0, 193.0, 1905.0, 2092.0, 191.0, 1347.0) 
Voter 14: ID 330; Choice (1356.0, 2183.0, 192.0, 1889.0, 193.0, 1905.0, 2092.0, 191.0, 1347.0) 
Voter 15: ID 292; Choice (1356.0, 2183.0, 192.0, 1889.0, 193.0, 1905.0, 2092.0, 191.0, 1347.0) 
Voter 16: ID 443; Choice (1356.0, 2183.0, 192.0, 1889.0, 193.0, 1905.0, 2092.0, 191.0, 1347.0) 
Voter 17: ID 488; Choice (1356.0, 2183.0, 192.0, 1889.0, 193.0, 1905.0, 2092.0, 191.0, 1347.0) 
Voter 18: ID 12; Choice (1356.0, 2183.0, 192.0, 1889.0, 193.0, 1905.0, 2092.0, 191.0, 1347.0) 
Voter 19: ID 291; Choice (1356.0, 2183.0, 192.0, 1889.0, 193.0, 1905.0, 2092.0, 191.0, 1347.0) 
Voter 20: ID 421; Choice (1356.0, 2183.0, 192.0, 1889.0, 193.0, 1905.0, 2092.0, 191.0, 1347.0) 
Voter 21: ID 321; Choice (1356.0, 2183.0, 192.0, 1889.0, 193.0, 1905.0, 2092.0, 191.0, 1347.0) 
Voter 22: ID 599; Choice (1356.0, 2183.0, 192.0, 1889.0, 193.0, 1905.0, 2092.0, 191.0, 1347.0) 
Voter 23: ID 526; Choice (1356.0, 2183.0, 192.0, 1889.0, 193.0, 1905.0, 2092.0, 191.0, 1347.0) 
Voter 24: ID 601; Choice (1356.0, 2183.0, 192.0, 1889.0, 193.0, 1905.0, 2092.0, 191.0, 1347.0) 
Voter 25: ID 301; Choice (1356.0, 2183.0, 192.0, 1889.0, 193.0, 1905.0, 2092.0, 191.0, 1347.0) 
Voter 26: ID 336; Choice (1356.0, 2183.0, 192.0, 1889.0, 193.0, 1905.0, 2092.0, 191.0, 1347.0) 
Voter 27: ID 724; Choice (1356.0, 2183.0, 192.0, 1889.0, 193.0, 1905.0, 2092.0, 191.0, 1347.0) 
Voter 28: ID 641; Choice (1356.0, 2183.0, 192.0, 1889.0, 193.0, 1905.0, 2092.0, 191.0, 1347.0) 
Voter 29: ID 439; Choice (1356.0, 2183.0, 192.0, 1889.0, 193.0, 1905.0, 2092.0, 191.0, 1347.0) 
Voter 30: ID 617; Choice (1356.0, 2183.0, 192.0, 1889.0, 193.0, 1905.0, 2092.0, 191.0, 1347.0) 
Voter 31: ID 677; Choice (1356.0, 2183.0, 192.0, 1889.0, 193.0, 1905.0, 2092.0, 191.0, 1347.0) 
Voter 32: ID 28; Choice (1356.0, 2183.0, 192.0, 1889.0, 193.0, 1905.0, 2092.0, 191.0, 1347.0) 
Voter 33: ID 368; Choice (1356.0, 2183.0, 192.0, 1889.0, 193.0, 1905.0, 2092.0, 191.0, 1347.0) 
Voter 34: ID 39; Choice (1356.0, 2183.0, 192.0, 1889.0, 193.0, 1905.0, 2092.0, 191.0, 1347.0) 
Voter 35: ID 455; Choice (1356.0, 2183.0, 192.0, 1889.0, 193.0, 1905.0, 2092.0, 191.0, 1347.0) 
Voter 36: ID 260; Choice (1356.0, 2183.0, 192.0, 1889.0, 193.0, 1905.0, 2092.0, 191.0, 1347.0) 
Voter 37: ID 2; Choice (1356.0, 2183.0, 192.0, 1889.0, 193.0, 1905.0, 2092.0, 191.0, 1347.0) 
Voter 38: ID 674; Choice (1356.0, 2183.0, 192.0, 1889.0, 193.0, 1905.0, 2092.0, 191.0, 1347.0) 
Voter 39: ID 429; Choice (1356.0, 2183.0, 192.0, 1889.0, 193.0, 1905.0, 2092.0, 191.0, 1347.0) 
Voter 40: ID 222; Choice (1356.0, 2183.0, 192.0, 1889.0, 193.0, 1905.0, 2092.0, 191.0, 1347.0) 
Voter 41: ID 466; Choice (1356.0, 2183.0, 192.0, 1889.0, 193.0, 1905.0, 2092.0, 191.0, 1347.0) 
Voter 42: ID 636; Choice (1356.0, 2183.0, 192.0, 1889.0, 193.0, 1905.0, 2092.0, 191.0, 1347.0) 
Voter 43: ID 140; Choice (1356.0, 2183.0, 192.0, 1889.0, 193.0, 1905.0, 2092.0, 191.0, 1347.0) 
Voter 44: ID 91; Choice (1356.0, 2183.0, 192.0, 1889.0, 193.0, 1905.0, 2092.0, 191.0, 1347.0) 
Voter 45: ID 314; Choice (1356.0, 2183.0, 192.0, 1889.0, 193.0, 1905.0, 2092.0, 191.0, 1347.0) 
Voter 46: ID 524; Choice (1356.0, 2183.0, 192.0, 1889.0, 193.0, 1905.0, 2092.0, 191.0, 1347.0) 
Voter 47: ID 13; Choice (1356.0, 2183.0, 192.0, 1889.0, 193.0, 1905.0, 2092.0, 191.0, 1347.0) 
Voter 48: ID 567; Choice (1356.0, 2183.0, 192.0, 1889.0, 193.0, 1905.0, 2092.0, 191.0, 1347.0) 
Voter 49: ID 250; Choice (1356.0, 2183.0, 192.0, 1889.0, 193.0, 1905.0, 2092.0, 191.0, 1347.0) 
Voter 50: ID 556; Choice (1356.0, 2183.0, 192.0, 1889.0, 193.0, 1905.0, 2092.0, 191.0, 1347.0) 
---------------------------------------------------------------------------
After Iteration 8 :
Voter 1: ID 461; Choice (1356.0, 2183.0, 192.0, 1889.0, 193.0, 1905.0, 2092.0, 191.0, 1347.0) 
Voter 2: ID 735; Choice (1356.0, 2183.0, 192.0, 1889.0, 193.0, 1905.0, 2092.0, 191.0, 1347.0) 
Voter 3: ID 647; Choice (1356.0, 2183.0, 192.0, 1889.0, 193.0, 1905.0, 2092.0, 191.0, 1347.0) 
Voter 4: ID 177; Choice (1356.0, 2183.0, 192.0, 1889.0, 193.0, 1905.0, 2092.0, 191.0, 1347.0) 
Voter 5: ID 412; Choice (1356.0, 2183.0, 192.0, 1889.0, 193.0, 1905.0, 2092.0, 191.0, 1347.0) 
Voter 6: ID 354; Choice (1356.0, 2183.0, 192.0, 1889.0, 193.0, 1905.0, 2092.0, 191.0, 1347.0) 
Voter 7: ID 84; Choice (1356.0, 2183.0, 192.0, 1889.0, 193.0, 1905.0, 2092.0, 191.0, 1347.0) 
Voter 8: ID 532; Choice (433.0, 192.0, 1889.0, 193.0, 1347.0, 1905.0, 2121.0, 191.0) 
Voter 9: ID 319; Choice (1356.0, 2183.0, 192.0, 1889.0, 193.0, 1905.0, 2092.0, 191.0, 1347.0) 
Voter 10: ID 81; Choice (1356.0, 2183.0, 192.0, 1889.0, 193.0, 1905.0, 2092.0, 191.0, 1347.0) 
Voter 11: ID 44; Choice (1356.0, 2183.0, 192.0, 1889.0, 193.0, 1905.0, 2092.0, 191.0, 1347.0) 
Voter 12: ID 409; Choice (1356.0, 2183.0, 192.0, 1889.0, 193.0, 1905.0, 2092.0, 191.0, 1347.0) 
Voter 13: ID 95; Choice (1356.0, 2183.0, 192.0, 1889.0, 193.0, 1905.0, 2092.0, 191.0, 1347.0) 
Voter 14: ID 330; Choice (1356.0, 2183.0, 192.0, 1889.0, 193.0, 1905.0, 2092.0, 191.0, 1347.0) 
Voter 15: ID 292; Choice (1356.0, 2183.0, 192.0, 1889.0, 193.0, 1905.0, 2092.0, 191.0, 1347.0) 
Voter 16: ID 443; Choice (1356.0, 2183.0, 192.0, 1889.0, 193.0, 1905.0, 2092.0, 191.0, 1347.0) 
Voter 17: ID 488; Choice (1356.0, 2183.0, 192.0, 1889.0, 193.0, 1905.0, 2092.0, 191.0, 1347.0) 
Voter 18: ID 12; Choice (1356.0, 2183.0, 192.0, 1889.0, 193.0, 1905.0, 2092.0, 191.0, 1347.0) 
Voter 19: ID 291; Choice (1356.0, 2183.0, 192.0, 1889.0, 193.0, 1905.0, 2092.0, 191.0, 1347.0) 
Voter 20: ID 421; Choice (1356.0, 2183.0, 192.0, 1889.0, 193.0, 1905.0, 2092.0, 191.0, 1347.0) 
Voter 21: ID 321; Choice (1356.0, 2183.0, 192.0, 1889.0, 193.0, 1905.0, 2092.0, 191.0, 1347.0) 
Voter 22: ID 599; Choice (1356.0, 2183.0, 192.0, 1889.0, 193.0, 1905.0, 2092.0, 191.0, 1347.0) 
Voter 23: ID 526; Choice (1356.0, 2183.0, 192.0, 1889.0, 193.0, 1905.0, 2092.0, 191.0, 1347.0) 
Voter 24: ID 601; Choice (1356.0, 2183.0, 192.0, 1889.0, 193.0, 1905.0, 2092.0, 191.0, 1347.0) 
Voter 25: ID 301; Choice (1356.0, 2183.0, 192.0, 1889.0, 193.0, 1905.0, 2092.0, 191.0, 1347.0) 
Voter 26: ID 336; Choice (1356.0, 2183.0, 192.0, 1889.0, 193.0, 1905.0, 2092.0, 191.0, 1347.0) 
Voter 27: ID 724; Choice (1356.0, 2183.0, 192.0, 1889.0, 193.0, 1905.0, 2092.0, 191.0, 1347.0) 
Voter 28: ID 641; Choice (1356.0, 2183.0, 192.0, 1889.0, 193.0, 1905.0, 2092.0, 191.0, 1347.0) 
Voter 29: ID 439; Choice (1356.0, 2183.0, 192.0, 1889.0, 193.0, 1905.0, 2092.0, 191.0, 1347.0) 
Voter 30: ID 617; Choice (1356.0, 2183.0, 192.0, 1889.0, 193.0, 1905.0, 2092.0, 191.0, 1347.0) 
Voter 31: ID 677; Choice (1356.0, 2183.0, 192.0, 1889.0, 193.0, 1905.0, 2092.0, 191.0, 1347.0) 
Voter 32: ID 28; Choice (1356.0, 2183.0, 192.0, 1889.0, 193.0, 1905.0, 2092.0, 191.0, 1347.0) 
Voter 33: ID 368; Choice (1356.0, 2183.0, 192.0, 1889.0, 193.0, 1905.0, 2092.0, 191.0, 1347.0) 
Voter 34: ID 39; Choice (1356.0, 2183.0, 192.0, 1889.0, 193.0, 1905.0, 2092.0, 191.0, 1347.0) 
Voter 35: ID 455; Choice (1356.0, 2183.0, 192.0, 1889.0, 193.0, 1905.0, 2092.0, 191.0, 1347.0) 
Voter 36: ID 260; Choice (1356.0, 2183.0, 192.0, 1889.0, 193.0, 1905.0, 2092.0, 191.0, 1347.0) 
Voter 37: ID 2; Choice (1356.0, 2183.0, 192.0, 1889.0, 193.0, 1905.0, 2092.0, 191.0, 1347.0) 
Voter 38: ID 674; Choice (1356.0, 2183.0, 192.0, 1889.0, 193.0, 1905.0, 2092.0, 191.0, 1347.0) 
Voter 39: ID 429; Choice (1356.0, 2183.0, 192.0, 1889.0, 193.0, 1905.0, 2092.0, 191.0, 1347.0) 
Voter 40: ID 222; Choice (1356.0, 2183.0, 192.0, 1889.0, 193.0, 1905.0, 2092.0, 191.0, 1347.0) 
Voter 41: ID 466; Choice (433.0, 192.0, 1889.0, 193.0, 1347.0, 1905.0, 2121.0, 191.0) 
Voter 42: ID 636; Choice (1356.0, 2183.0, 192.0, 1889.0, 193.0, 1905.0, 2092.0, 191.0, 1347.0) 
Voter 43: ID 140; Choice (1356.0, 2183.0, 192.0, 1889.0, 193.0, 1905.0, 2092.0, 191.0, 1347.0) 
Voter 44: ID 91; Choice (1356.0, 2183.0, 192.0, 1889.0, 193.0, 1905.0, 2092.0, 191.0, 1347.0) 
Voter 45: ID 314; Choice (1356.0, 2183.0, 192.0, 1889.0, 193.0, 1905.0, 2092.0, 191.0, 1347.0) 
Voter 46: ID 524; Choice (1356.0, 2183.0, 192.0, 1889.0, 193.0, 1905.0, 2092.0, 191.0, 1347.0) 
Voter 47: ID 13; Choice (1356.0, 2183.0, 192.0, 1889.0, 193.0, 1905.0, 2092.0, 191.0, 1347.0) 
Voter 48: ID 567; Choice (1356.0, 2183.0, 192.0, 1889.0, 193.0, 1905.0, 2092.0, 191.0, 1347.0) 
Voter 49: ID 250; Choice (1356.0, 2183.0, 192.0, 1889.0, 193.0, 1905.0, 2092.0, 191.0, 1347.0) 
Voter 50: ID 556; Choice (1356.0, 2183.0, 192.0, 1889.0, 193.0, 1905.0, 2092.0, 191.0, 1347.0) 
---------------------------------------------------------------------------
After Iteration 9 :
Voter 1: ID 461; Choice (1356.0, 2183.0, 192.0, 1889.0, 193.0, 1905.0, 2092.0, 191.0, 1347.0) 
Voter 2: ID 735; Choice (1356.0, 2183.0, 192.0, 1889.0, 193.0, 1905.0, 2092.0, 191.0, 1347.0) 
Voter 3: ID 647; Choice (1356.0, 2183.0, 192.0, 1889.0, 193.0, 1905.0, 2092.0, 191.0, 1347.0) 
Voter 4: ID 177; Choice (1356.0, 2183.0, 192.0, 1889.0, 193.0, 1905.0, 2092.0, 191.0, 1347.0) 
Voter 5: ID 412; Choice (1356.0, 2183.0, 192.0, 1889.0, 193.0, 1905.0, 2092.0, 191.0, 1347.0) 
Voter 6: ID 354; Choice (1356.0, 2183.0, 192.0, 1889.0, 193.0, 1905.0, 2092.0, 191.0, 1347.0) 
Voter 7: ID 84; Choice (1356.0, 2183.0, 192.0, 1889.0, 193.0, 1905.0, 2092.0, 191.0, 1347.0) 
Voter 8: ID 532; Choice (1356.0, 2183.0, 192.0, 1889.0, 193.0, 1905.0, 2092.0, 191.0, 1347.0) 
Voter 9: ID 319; Choice (1356.0, 2183.0, 192.0, 1889.0, 193.0, 1905.0, 2092.0, 191.0, 1347.0) 
Voter 10: ID 81; Choice (1356.0, 2183.0, 192.0, 1889.0, 193.0, 1905.0, 2092.0, 191.0, 1347.0) 
Voter 11: ID 44; Choice (1356.0, 2183.0, 192.0, 1889.0, 193.0, 1905.0, 2092.0, 191.0, 1347.0) 
Voter 12: ID 409; Choice (1356.0, 2183.0, 192.0, 1889.0, 193.0, 1905.0, 2092.0, 191.0, 1347.0) 
Voter 13: ID 95; Choice (1356.0, 2183.0, 192.0, 1889.0, 193.0, 1905.0, 2092.0, 191.0, 1347.0) 
Voter 14: ID 330; Choice (1356.0, 2183.0, 192.0, 1889.0, 193.0, 1905.0, 2092.0, 191.0, 1347.0) 
Voter 15: ID 292; Choice (1356.0, 2183.0, 192.0, 1889.0, 193.0, 1905.0, 2092.0, 191.0, 1347.0) 
Voter 16: ID 443; Choice (1356.0, 2183.0, 192.0, 1889.0, 193.0, 1905.0, 2092.0, 191.0, 1347.0) 
Voter 17: ID 488; Choice (1356.0, 2183.0, 192.0, 1889.0, 193.0, 1905.0, 2092.0, 191.0, 1347.0) 
Voter 18: ID 12; Choice (1356.0, 2183.0, 192.0, 1889.0, 193.0, 1905.0, 2092.0, 191.0, 1347.0) 
Voter 19: ID 291; Choice (1356.0, 2183.0, 192.0, 1889.0, 193.0, 1905.0, 2092.0, 191.0, 1347.0) 
Voter 20: ID 421; Choice (1356.0, 2183.0, 192.0, 1889.0, 193.0, 1905.0, 2092.0, 191.0, 1347.0) 
Voter 21: ID 321; Choice (1356.0, 2183.0, 192.0, 1889.0, 193.0, 1905.0, 2092.0, 191.0, 1347.0) 
Voter 22: ID 599; Choice (1356.0, 2183.0, 192.0, 1889.0, 193.0, 1905.0, 2092.0, 191.0, 1347.0) 
Voter 23: ID 526; Choice (1356.0, 2183.0, 192.0, 1889.0, 193.0, 1905.0, 2092.0, 191.0, 1347.0) 
Voter 24: ID 601; Choice (1356.0, 2183.0, 192.0, 1889.0, 193.0, 1905.0, 2092.0, 191.0, 1347.0) 
Voter 25: ID 301; Choice (1356.0, 2183.0, 192.0, 1889.0, 193.0, 1905.0, 2092.0, 191.0, 1347.0) 
Voter 26: ID 336; Choice (1356.0, 2183.0, 192.0, 1889.0, 193.0, 1905.0, 2092.0, 191.0, 1347.0) 
Voter 27: ID 724; Choice (1356.0, 2183.0, 192.0, 1889.0, 193.0, 1905.0, 2092.0, 191.0, 1347.0) 
Voter 28: ID 641; Choice (1356.0, 2183.0, 192.0, 1889.0, 193.0, 1905.0, 2092.0, 191.0, 1347.0) 
Voter 29: ID 439; Choice (1356.0, 2183.0, 192.0, 1889.0, 193.0, 1905.0, 2092.0, 191.0, 1347.0) 
Voter 30: ID 617; Choice (1356.0, 2183.0, 192.0, 1889.0, 193.0, 1905.0, 2092.0, 191.0, 1347.0) 
Voter 31: ID 677; Choice (1356.0, 2183.0, 192.0, 1889.0, 193.0, 1905.0, 2092.0, 191.0, 1347.0) 
Voter 32: ID 28; Choice (1356.0, 2183.0, 192.0, 1889.0, 193.0, 1905.0, 2092.0, 191.0, 1347.0) 
Voter 33: ID 368; Choice (1356.0, 2183.0, 192.0, 1889.0, 193.0, 1905.0, 2092.0, 191.0, 1347.0) 
Voter 34: ID 39; Choice (1356.0, 2183.0, 192.0, 1889.0, 193.0, 1905.0, 2092.0, 191.0, 1347.0) 
Voter 35: ID 455; Choice (1356.0, 2183.0, 192.0, 1889.0, 193.0, 1905.0, 2092.0, 191.0, 1347.0) 
Voter 36: ID 260; Choice (1356.0, 2183.0, 192.0, 1889.0, 193.0, 1905.0, 2092.0, 191.0, 1347.0) 
Voter 37: ID 2; Choice (1356.0, 2183.0, 192.0, 1889.0, 193.0, 1905.0, 2092.0, 191.0, 1347.0) 
Voter 38: ID 674; Choice (1356.0, 2183.0, 192.0, 1889.0, 193.0, 1905.0, 2092.0, 191.0, 1347.0) 
Voter 39: ID 429; Choice (1356.0, 2183.0, 192.0, 1889.0, 193.0, 1905.0, 2092.0, 191.0, 1347.0) 
Voter 40: ID 222; Choice (1356.0, 2183.0, 192.0, 1889.0, 193.0, 1905.0, 2092.0, 191.0, 1347.0) 
Voter 41: ID 466; Choice (1356.0, 2183.0, 192.0, 1889.0, 193.0, 1905.0, 2092.0, 191.0, 1347.0) 
Voter 42: ID 636; Choice (1356.0, 2183.0, 192.0, 1889.0, 193.0, 1905.0, 2092.0, 191.0, 1347.0) 
Voter 43: ID 140; Choice (1356.0, 2183.0, 192.0, 1889.0, 193.0, 1905.0, 2092.0, 191.0, 1347.0) 
Voter 44: ID 91; Choice (1356.0, 2183.0, 192.0, 1889.0, 193.0, 1905.0, 2092.0, 191.0, 1347.0) 
Voter 45: ID 314; Choice (1356.0, 2183.0, 192.0, 1889.0, 193.0, 1905.0, 2092.0, 191.0, 1347.0) 
Voter 46: ID 524; Choice (1356.0, 2183.0, 192.0, 1889.0, 193.0, 1905.0, 2092.0, 191.0, 1347.0) 
Voter 47: ID 13; Choice (1356.0, 2183.0, 192.0, 1889.0, 193.0, 1905.0, 2092.0, 191.0, 1347.0) 
Voter 48: ID 567; Choice (1356.0, 2183.0, 192.0, 1889.0, 193.0, 1905.0, 2092.0, 191.0, 1347.0) 
Voter 49: ID 250; Choice (1356.0, 2183.0, 192.0, 1889.0, 193.0, 1905.0, 2092.0, 191.0, 1347.0) 
Voter 50: ID 556; Choice (1356.0, 2183.0, 192.0, 1889.0, 193.0, 1905.0, 2092.0, 191.0, 1347.0) 
---------------------------------------------------------------------------
Concensus reached after 9 iterations.
Max degree: 14 Number of valid combinations: 70 Using random find.
There are 1 opinions after all iterations.
(1356.0, 2183.0, 192.0, 1889.0, 193.0, 1905.0, 2092.0, 191.0, 1347.0) count: 50
