    project id    reward
0       1211.0 -0.444988
1       2141.0 -0.057202
2       1356.0  0.331482
3       2183.0  0.343395
4        433.0 -0.263659
5        192.0  0.232709
6       1889.0  0.302624
7        193.0  0.251523
8       1347.0  0.192139
9       1905.0  0.121838
10      2092.0  0.245409
11      2121.0 -0.136063
12       191.0  0.215283
Valid Combinations are:
(1356.0, 2183.0, 192.0, 1889.0, 193.0, 1905.0, 2092.0, 191.0, 1347.0)
(1356.0, 2183.0, 192.0, 1889.0, 193.0, 1905.0, 2092.0, 191.0)
(1211.0, 2141.0, 1356.0, 2183.0, 192.0, 193.0)
(2141.0, 1356.0, 2183.0, 433.0, 192.0, 1889.0, 193.0, 1347.0, 191.0)
(2141.0, 1356.0, 2183.0, 192.0, 193.0, 1905.0, 2092.0, 2121.0, 191.0)
(2141.0, 1356.0, 2183.0, 192.0, 1347.0, 1905.0, 2092.0, 2121.0, 191.0)
(2141.0, 1356.0, 192.0, 1889.0, 193.0, 1347.0, 1905.0, 2092.0, 2121.0)
(2141.0, 2183.0, 433.0, 192.0, 1889.0, 193.0, 2092.0, 2121.0, 191.0)
(1356.0, 433.0, 192.0, 1889.0, 193.0, 1347.0, 1905.0, 2092.0, 191.0)
(1211.0, 1356.0, 192.0, 1889.0, 193.0, 1905.0, 2092.0, 191.0)
(2141.0, 1356.0, 2183.0, 433.0, 1889.0, 193.0, 1347.0, 2092.0)
(2141.0, 1356.0, 2183.0, 433.0, 1889.0, 1347.0, 2092.0, 191.0)
(2141.0, 1356.0, 2183.0, 192.0, 1889.0, 1905.0, 2121.0, 191.0)
(2141.0, 1356.0, 2183.0, 1889.0, 193.0, 1347.0, 2092.0, 2121.0)
(2141.0, 1356.0, 433.0, 192.0, 1347.0, 1905.0, 2092.0, 191.0)
(2141.0, 1356.0, 192.0, 1889.0, 193.0, 2092.0, 2121.0, 191.0)
(2141.0, 2183.0, 192.0, 1889.0, 1347.0, 2092.0, 2121.0, 191.0)
(2141.0, 433.0, 192.0, 1889.0, 193.0, 1347.0, 1905.0, 2092.0)
(1356.0, 2183.0, 433.0, 192.0, 1889.0, 1347.0, 1905.0, 2121.0)
(1356.0, 2183.0, 433.0, 192.0, 1347.0, 1905.0, 2092.0, 191.0)
(2183.0, 433.0, 1889.0, 193.0, 1347.0, 1905.0, 2092.0, 191.0)
(1211.0, 2141.0, 2183.0, 192.0, 193.0, 1905.0, 2092.0)
(1211.0, 1356.0, 2183.0, 1889.0, 193.0, 1347.0, 1905.0)
(1211.0, 1356.0, 1889.0, 193.0, 1347.0, 1905.0, 2092.0)
(1211.0, 2183.0, 192.0, 1889.0, 193.0, 1347.0, 2092.0)
(1211.0, 2183.0, 192.0, 193.0, 1347.0, 1905.0, 191.0)
(2141.0, 1356.0, 2183.0, 433.0, 192.0, 1347.0, 2092.0)
(2141.0, 1356.0, 2183.0, 1889.0, 1347.0, 1905.0, 191.0)
(2141.0, 1356.0, 433.0, 192.0, 1889.0, 1905.0, 2092.0)
(2141.0, 1356.0, 1889.0, 1347.0, 2092.0, 2121.0, 191.0)
(2141.0, 2183.0, 433.0, 192.0, 193.0, 1905.0, 2121.0)
(2141.0, 2183.0, 433.0, 192.0, 1347.0, 2092.0, 191.0)
(2141.0, 2183.0, 192.0, 1889.0, 193.0, 1905.0, 191.0)
(2141.0, 2183.0, 192.0, 1889.0, 1347.0, 1905.0, 2092.0)
(1356.0, 2183.0, 433.0, 1889.0, 1347.0, 1905.0, 191.0)
(1356.0, 433.0, 192.0, 193.0, 1347.0, 2121.0, 191.0)
(1356.0, 433.0, 193.0, 1347.0, 2092.0, 2121.0, 191.0)
(2183.0, 433.0, 192.0, 1889.0, 193.0, 1905.0, 2121.0)
(2183.0, 433.0, 192.0, 193.0, 1905.0, 2121.0, 191.0)
(433.0, 192.0, 1889.0, 1347.0, 2092.0, 2121.0, 191.0)
(433.0, 192.0, 1347.0, 1905.0, 2092.0, 2121.0, 191.0)
(1211.0, 2141.0, 2183.0, 1889.0, 193.0, 1905.0)
(1211.0, 2141.0, 2183.0, 193.0, 1347.0, 191.0)
(1211.0, 1356.0, 192.0, 1889.0, 1347.0, 191.0)
(1211.0, 2183.0, 1889.0, 193.0, 1905.0, 2121.0)
(2141.0, 1356.0, 2183.0, 433.0, 1889.0, 2121.0)
(2141.0, 1356.0, 2183.0, 433.0, 1347.0, 2121.0)
(2141.0, 1356.0, 193.0, 1347.0, 1905.0, 191.0)
(2141.0, 2183.0, 433.0, 1347.0, 1905.0, 191.0)
(2141.0, 2183.0, 1889.0, 193.0, 1347.0, 1905.0)
Initial Choices:
---------------------------------------------------------------------------
Voter 1: ID 724; Choice (2141.0, 1356.0, 193.0, 1347.0, 1905.0, 191.0) 
Voter 2: ID 143; Choice (2141.0, 2183.0, 192.0, 1889.0, 193.0, 1905.0, 191.0) 
Voter 3: ID 478; Choice (1356.0, 433.0, 192.0, 193.0, 1347.0, 2121.0, 191.0) 
Voter 4: ID 382; Choice (2141.0, 1356.0, 1889.0, 1347.0, 2092.0, 2121.0, 191.0) 
Voter 5: ID 391; Choice (2141.0, 1356.0, 2183.0, 1889.0, 193.0, 1347.0, 2092.0, 2121.0) 
Voter 6: ID 293; Choice (2141.0, 1356.0, 192.0, 1889.0, 193.0, 1347.0, 1905.0, 2092.0, 2121.0) 
Voter 7: ID 377; Choice (1211.0, 1356.0, 1889.0, 193.0, 1347.0, 1905.0, 2092.0) 
Voter 8: ID 452; Choice (2141.0, 1356.0, 433.0, 192.0, 1889.0, 1905.0, 2092.0) 
Voter 9: ID 477; Choice (2141.0, 2183.0, 433.0, 192.0, 1347.0, 2092.0, 191.0) 
Voter 10: ID 360; Choice (1356.0, 2183.0, 192.0, 1889.0, 193.0, 1905.0, 2092.0, 191.0, 1347.0) 
Voter 11: ID 671; Choice (2141.0, 2183.0, 1889.0, 193.0, 1347.0, 1905.0) 
Voter 12: ID 96; Choice (2141.0, 1356.0, 2183.0, 192.0, 1889.0, 1905.0, 2121.0, 191.0) 
Voter 13: ID 712; Choice (2141.0, 1356.0, 433.0, 192.0, 1347.0, 1905.0, 2092.0, 191.0) 
Voter 14: ID 15; Choice (1211.0, 1356.0, 2183.0, 1889.0, 193.0, 1347.0, 1905.0) 
Voter 15: ID 574; Choice (2141.0, 1356.0, 1889.0, 1347.0, 2092.0, 2121.0, 191.0) 
Voter 16: ID 226; Choice (1356.0, 433.0, 192.0, 1889.0, 193.0, 1347.0, 1905.0, 2092.0, 191.0) 
Voter 17: ID 722; Choice (2141.0, 1356.0, 2183.0, 433.0, 1889.0, 1347.0, 2092.0, 191.0) 
Voter 18: ID 181; Choice (2141.0, 1356.0, 2183.0, 433.0, 192.0, 1347.0, 2092.0) 
Voter 19: ID 573; Choice (2141.0, 2183.0, 1889.0, 193.0, 1347.0, 1905.0) 
Voter 20: ID 311; Choice (1211.0, 2141.0, 2183.0, 193.0, 1347.0, 191.0) 
Voter 21: ID 242; Choice (2141.0, 2183.0, 192.0, 1889.0, 1347.0, 2092.0, 2121.0, 191.0) 
Voter 22: ID 692; Choice (1356.0, 2183.0, 192.0, 1889.0, 193.0, 1905.0, 2092.0, 191.0, 1347.0) 
Voter 23: ID 344; Choice (2141.0, 1356.0, 192.0, 1889.0, 193.0, 1347.0, 1905.0, 2092.0, 2121.0) 
Voter 24: ID 444; Choice (2141.0, 1356.0, 2183.0, 433.0, 192.0, 1347.0, 2092.0) 
Voter 25: ID 200; Choice (1211.0, 1356.0, 2183.0, 1889.0, 193.0, 1347.0, 1905.0) 
Voter 26: ID 130; Choice (1356.0, 433.0, 193.0, 1347.0, 2092.0, 2121.0, 191.0) 
Voter 27: ID 427; Choice (1356.0, 433.0, 193.0, 1347.0, 2092.0, 2121.0, 191.0) 
Voter 28: ID 80; Choice (2141.0, 1356.0, 192.0, 1889.0, 193.0, 2092.0, 2121.0, 191.0) 
Voter 29: ID 504; Choice (2141.0, 2183.0, 433.0, 192.0, 1347.0, 2092.0, 191.0) 
Voter 30: ID 529; Choice (1356.0, 2183.0, 433.0, 192.0, 1889.0, 1347.0, 1905.0, 2121.0) 
Voter 31: ID 23; Choice (1211.0, 1356.0, 2183.0, 1889.0, 193.0, 1347.0, 1905.0) 
Voter 32: ID 711; Choice (1211.0, 1356.0, 2183.0, 1889.0, 193.0, 1347.0, 1905.0) 
Voter 33: ID 338; Choice (2183.0, 433.0, 192.0, 1889.0, 193.0, 1905.0, 2121.0) 
Voter 34: ID 136; Choice (1211.0, 2141.0, 2183.0, 192.0, 193.0, 1905.0, 2092.0) 
Voter 35: ID 359; Choice (1211.0, 1356.0, 2183.0, 1889.0, 193.0, 1347.0, 1905.0) 
Voter 36: ID 443; Choice (2141.0, 2183.0, 433.0, 192.0, 1347.0, 2092.0, 191.0) 
Voter 37: ID 681; Choice (1356.0, 2183.0, 433.0, 192.0, 1889.0, 1347.0, 1905.0, 2121.0) 
Voter 38: ID 189; Choice (2141.0, 1356.0, 433.0, 192.0, 1889.0, 1905.0, 2092.0) 
Voter 39: ID 367; Choice (2141.0, 1356.0, 2183.0, 192.0, 193.0, 1905.0, 2092.0, 2121.0, 191.0) 
Voter 40: ID 174; Choice (2141.0, 2183.0, 433.0, 192.0, 193.0, 1905.0, 2121.0) 
Voter 41: ID 135; Choice (1211.0, 2183.0, 192.0, 1889.0, 193.0, 1347.0, 2092.0) 
Voter 42: ID 537; Choice (1356.0, 2183.0, 433.0, 192.0, 1347.0, 1905.0, 2092.0, 191.0) 
Voter 43: ID 303; Choice (1356.0, 2183.0, 433.0, 192.0, 1889.0, 1347.0, 1905.0, 2121.0) 
Voter 44: ID 505; Choice (2183.0, 433.0, 192.0, 193.0, 1905.0, 2121.0, 191.0) 
Voter 45: ID 150; Choice (2141.0, 2183.0, 433.0, 192.0, 193.0, 1905.0, 2121.0) 
Voter 46: ID 201; Choice (2183.0, 433.0, 1889.0, 193.0, 1347.0, 1905.0, 2092.0, 191.0) 
Voter 47: ID 17; Choice (1211.0, 2141.0, 2183.0, 193.0, 1347.0, 191.0) 
Voter 48: ID 592; Choice (1211.0, 2141.0, 2183.0, 193.0, 1347.0, 191.0) 
Voter 49: ID 566; Choice (2183.0, 433.0, 192.0, 193.0, 1905.0, 2121.0, 191.0) 
Voter 50: ID 418; Choice (1356.0, 433.0, 192.0, 193.0, 1347.0, 2121.0, 191.0) 
---------------------------------------------------------------------------
After Iteration 1 :
Voter 1: ID 724; Choice (2141.0, 1356.0, 2183.0, 192.0, 193.0, 1905.0, 2092.0, 2121.0, 191.0) 
Voter 2: ID 143; Choice (2141.0, 2183.0, 192.0, 1889.0, 193.0, 1905.0, 191.0) 
Voter 3: ID 478; Choice (2183.0, 433.0, 1889.0, 193.0, 1347.0, 1905.0, 2092.0, 191.0) 
Voter 4: ID 382; Choice (1211.0, 2141.0, 1356.0, 2183.0, 192.0, 193.0) 
Voter 5: ID 391; Choice (1356.0, 2183.0, 192.0, 1889.0, 193.0, 1905.0, 2092.0, 191.0) 
Voter 6: ID 293; Choice (2183.0, 433.0, 192.0, 193.0, 1905.0, 2121.0, 191.0) 
Voter 7: ID 377; Choice (2141.0, 1356.0, 433.0, 192.0, 1347.0, 1905.0, 2092.0, 191.0) 
Voter 8: ID 452; Choice (2141.0, 1356.0, 193.0, 1347.0, 1905.0, 191.0) 
Voter 9: ID 477; Choice (2141.0, 1356.0, 433.0, 192.0, 1889.0, 1905.0, 2092.0) 
Voter 10: ID 360; Choice (2141.0, 1356.0, 2183.0, 433.0, 192.0, 1347.0, 2092.0) 
Voter 11: ID 671; Choice (2141.0, 1356.0, 2183.0, 433.0, 1347.0, 2121.0) 
Voter 12: ID 96; Choice (1211.0, 2183.0, 1889.0, 193.0, 1905.0, 2121.0) 
Voter 13: ID 712; Choice (2141.0, 2183.0, 433.0, 1347.0, 1905.0, 191.0) 
Voter 14: ID 15; Choice (1356.0, 433.0, 192.0, 193.0, 1347.0, 2121.0, 191.0) 
Voter 15: ID 574; Choice (2141.0, 1356.0, 1889.0, 1347.0, 2092.0, 2121.0, 191.0) 
Voter 16: ID 226; Choice (2141.0, 1356.0, 2183.0, 433.0, 1889.0, 2121.0) 
Voter 17: ID 722; Choice (1356.0, 2183.0, 433.0, 1889.0, 1347.0, 1905.0, 191.0) 
Voter 18: ID 181; Choice (2141.0, 2183.0, 192.0, 1889.0, 1347.0, 2092.0, 2121.0, 191.0) 
Voter 19: ID 573; Choice (1356.0, 2183.0, 433.0, 1889.0, 1347.0, 1905.0, 191.0) 
Voter 20: ID 311; Choice (2141.0, 1356.0, 2183.0, 433.0, 1889.0, 1347.0, 2092.0, 191.0) 
Voter 21: ID 242; Choice (2141.0, 433.0, 192.0, 1889.0, 193.0, 1347.0, 1905.0, 2092.0) 
Voter 22: ID 692; Choice (1211.0, 1356.0, 192.0, 1889.0, 193.0, 1905.0, 2092.0, 191.0) 
Voter 23: ID 344; Choice (1356.0, 433.0, 192.0, 1889.0, 193.0, 1347.0, 1905.0, 2092.0, 191.0) 
Voter 24: ID 444; Choice (2141.0, 1356.0, 2183.0, 433.0, 1889.0, 193.0, 1347.0, 2092.0) 
Voter 25: ID 200; Choice (2141.0, 2183.0, 433.0, 1347.0, 1905.0, 191.0) 
Voter 26: ID 130; Choice (1211.0, 1356.0, 192.0, 1889.0, 1347.0, 191.0) 
Voter 27: ID 427; Choice (1211.0, 2183.0, 1889.0, 193.0, 1905.0, 2121.0) 
Voter 28: ID 80; Choice (433.0, 192.0, 1347.0, 1905.0, 2092.0, 2121.0, 191.0) 
Voter 29: ID 504; Choice (1211.0, 2141.0, 2183.0, 192.0, 193.0, 1905.0, 2092.0) 
Voter 30: ID 529; Choice (1211.0, 2141.0, 2183.0, 1889.0, 193.0, 1905.0) 
Voter 31: ID 23; Choice (2141.0, 1356.0, 2183.0, 192.0, 193.0, 1905.0, 2092.0, 2121.0, 191.0) 
Voter 32: ID 711; Choice (2141.0, 2183.0, 1889.0, 193.0, 1347.0, 1905.0) 
Voter 33: ID 338; Choice (1356.0, 2183.0, 192.0, 1889.0, 193.0, 1905.0, 2092.0, 191.0) 
Voter 34: ID 136; Choice (2141.0, 1356.0, 2183.0, 433.0, 1347.0, 2121.0) 
Voter 35: ID 359; Choice (2141.0, 1356.0, 2183.0, 433.0, 1347.0, 2121.0) 
Voter 36: ID 443; Choice (2141.0, 1356.0, 2183.0, 192.0, 1889.0, 1905.0, 2121.0, 191.0) 
Voter 37: ID 681; Choice (2141.0, 1356.0, 2183.0, 433.0, 192.0, 1347.0, 2092.0) 
Voter 38: ID 189; Choice (2141.0, 1356.0, 2183.0, 192.0, 193.0, 1905.0, 2092.0, 2121.0, 191.0) 
Voter 39: ID 367; Choice (2141.0, 1356.0, 2183.0, 433.0, 192.0, 1889.0, 193.0, 1347.0, 191.0) 
Voter 40: ID 174; Choice (1356.0, 2183.0, 192.0, 1889.0, 193.0, 1905.0, 2092.0, 191.0) 
Voter 41: ID 135; Choice (1211.0, 1356.0, 1889.0, 193.0, 1347.0, 1905.0, 2092.0) 
Voter 42: ID 537; Choice (2141.0, 1356.0, 2183.0, 1889.0, 1347.0, 1905.0, 191.0) 
Voter 43: ID 303; Choice (2141.0, 1356.0, 193.0, 1347.0, 1905.0, 191.0) 
Voter 44: ID 505; Choice (2141.0, 2183.0, 192.0, 1889.0, 1347.0, 1905.0, 2092.0) 
Voter 45: ID 150; Choice (2141.0, 1356.0, 192.0, 1889.0, 193.0, 1347.0, 1905.0, 2092.0, 2121.0) 
Voter 46: ID 201; Choice (2183.0, 433.0, 192.0, 1889.0, 193.0, 1905.0, 2121.0) 
Voter 47: ID 17; Choice (1356.0, 2183.0, 433.0, 192.0, 1347.0, 1905.0, 2092.0, 191.0) 
Voter 48: ID 592; Choice (1211.0, 2141.0, 2183.0, 192.0, 193.0, 1905.0, 2092.0) 
Voter 49: ID 566; Choice (2141.0, 1356.0, 2183.0, 192.0, 193.0, 1905.0, 2092.0, 2121.0, 191.0) 
Voter 50: ID 418; Choice (1211.0, 2183.0, 192.0, 1889.0, 193.0, 1347.0, 2092.0) 
---------------------------------------------------------------------------
---------------------------------------------------------------------------
{(1356.0, 2183.0, 192.0, 1889.0, 193.0, 1905.0, 2092.0, 191.0, 1347.0): 0, (1356.0, 2183.0, 192.0, 1889.0, 193.0, 1905.0, 2092.0, 191.0): 0, (1211.0, 2141.0, 1356.0, 2183.0, 192.0, 193.0): 0, (2141.0, 1356.0, 2183.0, 433.0, 192.0, 1889.0, 193.0, 1347.0, 191.0): 0, (2141.0, 1356.0, 2183.0, 192.0, 193.0, 1905.0, 2092.0, 2121.0, 191.0): 0.15483748461201463, (2141.0, 1356.0, 2183.0, 192.0, 1347.0, 1905.0, 2092.0, 2121.0, 191.0): 0, (2141.0, 1356.0, 192.0, 1889.0, 193.0, 1347.0, 1905.0, 2092.0, 2121.0): 0, (2141.0, 2183.0, 433.0, 192.0, 1889.0, 193.0, 2092.0, 2121.0, 191.0): 0, (1356.0, 433.0, 192.0, 1889.0, 193.0, 1347.0, 1905.0, 2092.0, 191.0): 0.16293492756629926, (1211.0, 1356.0, 192.0, 1889.0, 193.0, 1905.0, 2092.0, 191.0): 0, (2141.0, 1356.0, 2183.0, 433.0, 1889.0, 193.0, 1347.0, 2092.0): 0, (2141.0, 1356.0, 2183.0, 433.0, 1889.0, 1347.0, 2092.0, 191.0): 0, (2141.0, 1356.0, 2183.0, 192.0, 1889.0, 1905.0, 2121.0, 191.0): 0, (2141.0, 1356.0, 2183.0, 1889.0, 193.0, 1347.0, 2092.0, 2121.0): 0.14733076955246827, (2141.0, 1356.0, 433.0, 192.0, 1347.0, 1905.0, 2092.0, 191.0): 0.10180001745873685, (2141.0, 1356.0, 192.0, 1889.0, 193.0, 2092.0, 2121.0, 191.0): 0, (2141.0, 2183.0, 192.0, 1889.0, 1347.0, 2092.0, 2121.0, 191.0): 0.13382940147716924, (2141.0, 433.0, 192.0, 1889.0, 193.0, 1347.0, 1905.0, 2092.0): 0, (1356.0, 2183.0, 433.0, 192.0, 1889.0, 1347.0, 1905.0, 2121.0): 0.11244669296584182, (1356.0, 2183.0, 433.0, 192.0, 1347.0, 1905.0, 2092.0, 191.0): 0, (2183.0, 433.0, 1889.0, 193.0, 1347.0, 1905.0, 2092.0, 191.0): 0.14085530550713185, (1211.0, 2141.0, 2183.0, 192.0, 193.0, 1905.0, 2092.0): 0.06926845360933498, (1211.0, 1356.0, 2183.0, 1889.0, 193.0, 1347.0, 1905.0): 0.10980141495969771, (1211.0, 1356.0, 1889.0, 193.0, 1347.0, 1905.0, 2092.0): 0.10000280451213908, (1211.0, 2183.0, 192.0, 1889.0, 193.0, 1347.0, 2092.0): 0, (1211.0, 2183.0, 192.0, 193.0, 1347.0, 1905.0, 191.0): 0, (2141.0, 1356.0, 2183.0, 433.0, 192.0, 1347.0, 2092.0): 0, (2141.0, 1356.0, 2183.0, 1889.0, 1347.0, 1905.0, 191.0): 0, (2141.0, 1356.0, 433.0, 192.0, 1889.0, 1905.0, 2092.0): 0.0913201755839737, (2141.0, 1356.0, 1889.0, 1347.0, 2092.0, 2121.0, 191.0): 0, (2141.0, 2183.0, 433.0, 192.0, 193.0, 1905.0, 2121.0): 0.04925422627740464, (2141.0, 2183.0, 433.0, 192.0, 1347.0, 2092.0, 191.0): 0.09080745268731372, (2141.0, 2183.0, 192.0, 1889.0, 193.0, 1905.0, 191.0): 0.1410169810603312, (2141.0, 2183.0, 192.0, 1889.0, 1347.0, 1905.0, 2092.0): 0, (1356.0, 2183.0, 433.0, 1889.0, 1347.0, 1905.0, 191.0): 0, (1356.0, 433.0, 192.0, 193.0, 1347.0, 2121.0, 191.0): 0, (1356.0, 433.0, 193.0, 1347.0, 2092.0, 2121.0, 191.0): 0, (2183.0, 433.0, 192.0, 1889.0, 193.0, 1905.0, 2121.0): 0.085236827468332, (2183.0, 433.0, 192.0, 193.0, 1905.0, 2121.0, 191.0): 0.07650272746833198, (433.0, 192.0, 1889.0, 1347.0, 2092.0, 2121.0, 191.0): 0, (433.0, 192.0, 1347.0, 1905.0, 2092.0, 2121.0, 191.0): 0, (1211.0, 2141.0, 2183.0, 1889.0, 193.0, 1905.0): 0, (1211.0, 2141.0, 2183.0, 193.0, 1347.0, 191.0): 0, (1211.0, 1356.0, 192.0, 1889.0, 1347.0, 191.0): 0, (1211.0, 2183.0, 1889.0, 193.0, 1905.0, 2121.0): 0, (2141.0, 1356.0, 2183.0, 433.0, 1889.0, 2121.0): 0, (2141.0, 1356.0, 2183.0, 433.0, 1347.0, 2121.0): 0, (2141.0, 1356.0, 193.0, 1347.0, 1905.0, 191.0): 0, (2141.0, 2183.0, 433.0, 1347.0, 1905.0, 191.0): 0, (2141.0, 2183.0, 1889.0, 193.0, 1347.0, 1905.0): 0}
After Iteration 2 :
Voter 1: ID 724; Choice (2141.0, 1356.0, 2183.0, 433.0, 1889.0, 2121.0) 
Voter 2: ID 143; Choice (433.0, 192.0, 1347.0, 1905.0, 2092.0, 2121.0, 191.0) 
Voter 3: ID 478; Choice (2141.0, 2183.0, 433.0, 192.0, 1889.0, 193.0, 2092.0, 2121.0, 191.0) 
Voter 4: ID 382; Choice (1211.0, 2141.0, 1356.0, 2183.0, 192.0, 193.0) 
Voter 5: ID 391; Choice (1211.0, 1356.0, 2183.0, 1889.0, 193.0, 1347.0, 1905.0) 
Voter 6: ID 293; Choice (2141.0, 1356.0, 1889.0, 1347.0, 2092.0, 2121.0, 191.0) 
Voter 7: ID 377; Choice (1356.0, 433.0, 192.0, 193.0, 1347.0, 2121.0, 191.0) 
Voter 8: ID 452; Choice (2141.0, 1356.0, 433.0, 192.0, 1889.0, 1905.0, 2092.0) 
Voter 9: ID 477; Choice (2141.0, 2183.0, 433.0, 192.0, 193.0, 1905.0, 2121.0) 
Voter 10: ID 360; Choice (2141.0, 1356.0, 192.0, 1889.0, 193.0, 2092.0, 2121.0, 191.0) 
Voter 11: ID 671; Choice (2141.0, 433.0, 192.0, 1889.0, 193.0, 1347.0, 1905.0, 2092.0) 
Voter 12: ID 96; Choice (2141.0, 2183.0, 1889.0, 193.0, 1347.0, 1905.0) 
Voter 13: ID 712; Choice (433.0, 192.0, 1347.0, 1905.0, 2092.0, 2121.0, 191.0) 
Voter 14: ID 15; Choice (2141.0, 2183.0, 433.0, 1347.0, 1905.0, 191.0) 
Voter 15: ID 574; Choice (2141.0, 1356.0, 2183.0, 192.0, 193.0, 1905.0, 2092.0, 2121.0, 191.0) 
Voter 16: ID 226; Choice (1356.0, 2183.0, 433.0, 192.0, 1347.0, 1905.0, 2092.0, 191.0) 
Voter 17: ID 722; Choice (2141.0, 1356.0, 2183.0, 433.0, 1347.0, 2121.0) 
Voter 18: ID 181; Choice (2183.0, 433.0, 1889.0, 193.0, 1347.0, 1905.0, 2092.0, 191.0) 
Voter 19: ID 573; Choice (1211.0, 2141.0, 2183.0, 1889.0, 193.0, 1905.0) 
Voter 20: ID 311; Choice (1211.0, 2141.0, 1356.0, 2183.0, 192.0, 193.0) 
Voter 21: ID 242; Choice (1211.0, 2141.0, 2183.0, 1889.0, 193.0, 1905.0) 
Voter 22: ID 692; Choice (1211.0, 2183.0, 192.0, 193.0, 1347.0, 1905.0, 191.0) 
Voter 23: ID 344; Choice (2183.0, 433.0, 192.0, 1889.0, 193.0, 1905.0, 2121.0) 
Voter 24: ID 444; Choice (2141.0, 1356.0, 2183.0, 1889.0, 1347.0, 1905.0, 191.0) 
Voter 25: ID 200; Choice (2141.0, 1356.0, 2183.0, 192.0, 1889.0, 1905.0, 2121.0, 191.0) 
Voter 26: ID 130; Choice (2141.0, 1356.0, 2183.0, 1889.0, 1347.0, 1905.0, 191.0) 
Voter 27: ID 427; Choice (2141.0, 1356.0, 2183.0, 192.0, 193.0, 1905.0, 2092.0, 2121.0, 191.0) 
Voter 28: ID 80; Choice (2141.0, 2183.0, 433.0, 192.0, 1347.0, 2092.0, 191.0) 
Voter 29: ID 504; Choice (2141.0, 1356.0, 1889.0, 1347.0, 2092.0, 2121.0, 191.0) 
Voter 30: ID 529; Choice (2141.0, 2183.0, 433.0, 192.0, 193.0, 1905.0, 2121.0) 
Voter 31: ID 23; Choice (2141.0, 1356.0, 193.0, 1347.0, 1905.0, 191.0) 
Voter 32: ID 711; Choice (2141.0, 1356.0, 2183.0, 433.0, 1889.0, 1347.0, 2092.0, 191.0) 
Voter 33: ID 338; Choice (1356.0, 433.0, 193.0, 1347.0, 2092.0, 2121.0, 191.0) 
Voter 34: ID 136; Choice (1211.0, 1356.0, 192.0, 1889.0, 193.0, 1905.0, 2092.0, 191.0) 
Voter 35: ID 359; Choice (2141.0, 2183.0, 433.0, 192.0, 1347.0, 2092.0, 191.0) 
Voter 36: ID 443; Choice (1211.0, 2141.0, 2183.0, 1889.0, 193.0, 1905.0) 
Voter 37: ID 681; Choice (1211.0, 2183.0, 192.0, 193.0, 1347.0, 1905.0, 191.0) 
Voter 38: ID 189; Choice (2183.0, 433.0, 192.0, 1889.0, 193.0, 1905.0, 2121.0) 
Voter 39: ID 367; Choice (1211.0, 2183.0, 192.0, 193.0, 1347.0, 1905.0, 191.0) 
Voter 40: ID 174; Choice (2141.0, 1356.0, 2183.0, 433.0, 1347.0, 2121.0) 
Voter 41: ID 135; Choice (1211.0, 2141.0, 2183.0, 193.0, 1347.0, 191.0) 
Voter 42: ID 537; Choice (1211.0, 2141.0, 2183.0, 193.0, 1347.0, 191.0) 
Voter 43: ID 303; Choice (2141.0, 1356.0, 2183.0, 1889.0, 193.0, 1347.0, 2092.0, 2121.0) 
Voter 44: ID 505; Choice (2141.0, 1356.0, 2183.0, 192.0, 193.0, 1905.0, 2092.0, 2121.0, 191.0) 
Voter 45: ID 150; Choice (2141.0, 1356.0, 2183.0, 433.0, 1347.0, 2121.0) 
Voter 46: ID 201; Choice (2141.0, 1356.0, 192.0, 1889.0, 193.0, 1347.0, 1905.0, 2092.0, 2121.0) 
Voter 47: ID 17; Choice (2141.0, 1356.0, 192.0, 1889.0, 193.0, 1347.0, 1905.0, 2092.0, 2121.0) 
Voter 48: ID 592; Choice (1211.0, 2141.0, 2183.0, 1889.0, 193.0, 1905.0) 
Voter 49: ID 566; Choice (2141.0, 1356.0, 192.0, 1889.0, 193.0, 2092.0, 2121.0, 191.0) 
Voter 50: ID 418; Choice (1211.0, 2141.0, 2183.0, 193.0, 1347.0, 191.0) 
---------------------------------------------------------------------------
After Iteration 3 :
Voter 1: ID 724; Choice (2141.0, 433.0, 192.0, 1889.0, 193.0, 1347.0, 1905.0, 2092.0) 
Voter 2: ID 143; Choice (2141.0, 1356.0, 1889.0, 1347.0, 2092.0, 2121.0, 191.0) 
Voter 3: ID 478; Choice (2141.0, 1356.0, 433.0, 192.0, 1889.0, 1905.0, 2092.0) 
Voter 4: ID 382; Choice (2141.0, 1356.0, 2183.0, 433.0, 1889.0, 2121.0) 
Voter 5: ID 391; Choice (2141.0, 1356.0, 2183.0, 192.0, 1889.0, 1905.0, 2121.0, 191.0) 
Voter 6: ID 293; Choice (2141.0, 1356.0, 2183.0, 433.0, 1347.0, 2121.0) 
Voter 7: ID 377; Choice (2141.0, 2183.0, 433.0, 192.0, 1889.0, 193.0, 2092.0, 2121.0, 191.0) 
Voter 8: ID 452; Choice (2141.0, 2183.0, 433.0, 192.0, 1347.0, 2092.0, 191.0) 
Voter 9: ID 477; Choice (2141.0, 1356.0, 2183.0, 433.0, 1889.0, 193.0, 1347.0, 2092.0) 
Voter 10: ID 360; Choice (1356.0, 2183.0, 192.0, 1889.0, 193.0, 1905.0, 2092.0, 191.0) 
Voter 11: ID 671; Choice (2141.0, 1356.0, 2183.0, 433.0, 1347.0, 2121.0) 
Voter 12: ID 96; Choice (2183.0, 433.0, 192.0, 1889.0, 193.0, 1905.0, 2121.0) 
Voter 13: ID 712; Choice (2141.0, 1356.0, 2183.0, 433.0, 1889.0, 193.0, 1347.0, 2092.0) 
Voter 14: ID 15; Choice (2141.0, 1356.0, 433.0, 192.0, 1889.0, 1905.0, 2092.0) 
Voter 15: ID 574; Choice (1211.0, 2141.0, 2183.0, 192.0, 193.0, 1905.0, 2092.0) 
Voter 16: ID 226; Choice (1356.0, 433.0, 192.0, 193.0, 1347.0, 2121.0, 191.0) 
Voter 17: ID 722; Choice (2141.0, 1356.0, 2183.0, 433.0, 1347.0, 2121.0) 
Voter 18: ID 181; Choice (1211.0, 2141.0, 2183.0, 1889.0, 193.0, 1905.0) 
Voter 19: ID 573; Choice (2141.0, 2183.0, 433.0, 1347.0, 1905.0, 191.0) 
Voter 20: ID 311; Choice (1211.0, 1356.0, 1889.0, 193.0, 1347.0, 1905.0, 2092.0) 
Voter 21: ID 242; Choice (1356.0, 433.0, 193.0, 1347.0, 2092.0, 2121.0, 191.0) 
Voter 22: ID 692; Choice (2183.0, 433.0, 192.0, 193.0, 1905.0, 2121.0, 191.0) 
Voter 23: ID 344; Choice (2141.0, 2183.0, 433.0, 1347.0, 1905.0, 191.0) 
Voter 24: ID 444; Choice (2141.0, 1356.0, 2183.0, 433.0, 1347.0, 2121.0) 
Voter 25: ID 200; Choice (2141.0, 1356.0, 2183.0, 192.0, 1889.0, 1905.0, 2121.0, 191.0) 
Voter 26: ID 130; Choice (2141.0, 1356.0, 1889.0, 1347.0, 2092.0, 2121.0, 191.0) 
Voter 27: ID 427; Choice (2141.0, 1356.0, 433.0, 192.0, 1347.0, 1905.0, 2092.0, 191.0) 
Voter 28: ID 80; Choice (1211.0, 2183.0, 192.0, 1889.0, 193.0, 1347.0, 2092.0) 
Voter 29: ID 504; Choice (2141.0, 1356.0, 1889.0, 1347.0, 2092.0, 2121.0, 191.0) 
Voter 30: ID 529; Choice (2141.0, 2183.0, 192.0, 1889.0, 1347.0, 2092.0, 2121.0, 191.0) 
Voter 31: ID 23; Choice (2141.0, 2183.0, 192.0, 1889.0, 193.0, 1905.0, 191.0) 
Voter 32: ID 711; Choice (1211.0, 1356.0, 192.0, 1889.0, 1347.0, 191.0) 
Voter 33: ID 338; Choice (2141.0, 2183.0, 192.0, 1889.0, 193.0, 1905.0, 191.0) 
Voter 34: ID 136; Choice (1211.0, 1356.0, 1889.0, 193.0, 1347.0, 1905.0, 2092.0) 
Voter 35: ID 359; Choice (2141.0, 1356.0, 192.0, 1889.0, 193.0, 2092.0, 2121.0, 191.0) 
Voter 36: ID 443; Choice (2183.0, 433.0, 192.0, 1889.0, 193.0, 1905.0, 2121.0) 
Voter 37: ID 681; Choice (2141.0, 1356.0, 2183.0, 433.0, 192.0, 1347.0, 2092.0) 
Voter 38: ID 189; Choice (2141.0, 1356.0, 2183.0, 433.0, 192.0, 1889.0, 193.0, 1347.0, 191.0) 
Voter 39: ID 367; Choice (2141.0, 1356.0, 192.0, 1889.0, 193.0, 1347.0, 1905.0, 2092.0, 2121.0) 
Voter 40: ID 174; Choice (2141.0, 1356.0, 192.0, 1889.0, 193.0, 1347.0, 1905.0, 2092.0, 2121.0) 
Voter 41: ID 135; Choice (2141.0, 1356.0, 192.0, 1889.0, 193.0, 1347.0, 1905.0, 2092.0, 2121.0) 
Voter 42: ID 537; Choice (1356.0, 2183.0, 433.0, 192.0, 1889.0, 1347.0, 1905.0, 2121.0) 
Voter 43: ID 303; Choice (1211.0, 1356.0, 2183.0, 1889.0, 193.0, 1347.0, 1905.0) 
Voter 44: ID 505; Choice (2141.0, 1356.0, 192.0, 1889.0, 193.0, 2092.0, 2121.0, 191.0) 
Voter 45: ID 150; Choice (2141.0, 1356.0, 433.0, 192.0, 1347.0, 1905.0, 2092.0, 191.0) 
Voter 46: ID 201; Choice (2141.0, 1356.0, 2183.0, 192.0, 1347.0, 1905.0, 2092.0, 2121.0, 191.0) 
Voter 47: ID 17; Choice (1211.0, 2141.0, 2183.0, 192.0, 193.0, 1905.0, 2092.0) 
Voter 48: ID 592; Choice (1211.0, 1356.0, 192.0, 1889.0, 193.0, 1905.0, 2092.0, 191.0) 
Voter 49: ID 566; Choice (2141.0, 1356.0, 2183.0, 192.0, 1347.0, 1905.0, 2092.0, 2121.0, 191.0) 
Voter 50: ID 418; Choice (1356.0, 433.0, 192.0, 193.0, 1347.0, 2121.0, 191.0) 
---------------------------------------------------------------------------
After Iteration 4 :
Voter 1: ID 724; Choice (1356.0, 2183.0, 192.0, 1889.0, 193.0, 1905.0, 2092.0, 191.0, 1347.0) 
Voter 2: ID 143; Choice (1356.0, 2183.0, 192.0, 1889.0, 193.0, 1905.0, 2092.0, 191.0, 1347.0) 
Voter 3: ID 478; Choice (1356.0, 2183.0, 192.0, 1889.0, 193.0, 1905.0, 2092.0, 191.0, 1347.0) 
Voter 4: ID 382; Choice (1356.0, 2183.0, 192.0, 1889.0, 193.0, 1905.0, 2092.0, 191.0, 1347.0) 
Voter 5: ID 391; Choice (1356.0, 2183.0, 192.0, 1889.0, 193.0, 1905.0, 2092.0, 191.0, 1347.0) 
Voter 6: ID 293; Choice (1356.0, 2183.0, 192.0, 1889.0, 193.0, 1905.0, 2092.0, 191.0, 1347.0) 
Voter 7: ID 377; Choice (1356.0, 2183.0, 192.0, 1889.0, 193.0, 1905.0, 2092.0, 191.0, 1347.0) 
Voter 8: ID 452; Choice (1356.0, 2183.0, 192.0, 1889.0, 193.0, 1905.0, 2092.0, 191.0, 1347.0) 
Voter 9: ID 477; Choice (1356.0, 2183.0, 192.0, 1889.0, 193.0, 1905.0, 2092.0, 191.0, 1347.0) 
Voter 10: ID 360; Choice (2141.0, 1356.0, 192.0, 1889.0, 193.0, 2092.0, 2121.0, 191.0) 
Voter 11: ID 671; Choice (1356.0, 2183.0, 192.0, 1889.0, 193.0, 1905.0, 2092.0, 191.0, 1347.0) 
Voter 12: ID 96; Choice (1356.0, 2183.0, 192.0, 1889.0, 193.0, 1905.0, 2092.0, 191.0, 1347.0) 
Voter 13: ID 712; Choice (1356.0, 2183.0, 192.0, 1889.0, 193.0, 1905.0, 2092.0, 191.0, 1347.0) 
Voter 14: ID 15; Choice (1356.0, 2183.0, 192.0, 1889.0, 193.0, 1905.0, 2092.0, 191.0, 1347.0) 
Voter 15: ID 574; Choice (1356.0, 2183.0, 192.0, 1889.0, 193.0, 1905.0, 2092.0, 191.0, 1347.0) 
Voter 16: ID 226; Choice (1356.0, 2183.0, 192.0, 1889.0, 193.0, 1905.0, 2092.0, 191.0, 1347.0) 
Voter 17: ID 722; Choice (1356.0, 2183.0, 192.0, 1889.0, 193.0, 1905.0, 2092.0, 191.0, 1347.0) 
Voter 18: ID 181; Choice (2183.0, 433.0, 1889.0, 193.0, 1347.0, 1905.0, 2092.0, 191.0) 
Voter 19: ID 573; Choice (2141.0, 1356.0, 2183.0, 433.0, 1889.0, 2121.0) 
Voter 20: ID 311; Choice (1356.0, 2183.0, 192.0, 1889.0, 193.0, 1905.0, 2092.0, 191.0, 1347.0) 
Voter 21: ID 242; Choice (1356.0, 2183.0, 192.0, 1889.0, 193.0, 1905.0, 2092.0, 191.0, 1347.0) 
Voter 22: ID 692; Choice (1356.0, 2183.0, 192.0, 1889.0, 193.0, 1905.0, 2092.0, 191.0, 1347.0) 
Voter 23: ID 344; Choice (1356.0, 2183.0, 192.0, 1889.0, 193.0, 1905.0, 2092.0, 191.0, 1347.0) 
Voter 24: ID 444; Choice (1356.0, 2183.0, 192.0, 1889.0, 193.0, 1905.0, 2092.0, 191.0, 1347.0) 
Voter 25: ID 200; Choice (2141.0, 1356.0, 2183.0, 192.0, 1889.0, 1905.0, 2121.0, 191.0) 
Voter 26: ID 130; Choice (1356.0, 2183.0, 192.0, 1889.0, 193.0, 1905.0, 2092.0, 191.0, 1347.0) 
Voter 27: ID 427; Choice (1356.0, 433.0, 192.0, 1889.0, 193.0, 1347.0, 1905.0, 2092.0, 191.0) 
Voter 28: ID 80; Choice (1356.0, 2183.0, 192.0, 1889.0, 193.0, 1905.0, 2092.0, 191.0, 1347.0) 
Voter 29: ID 504; Choice (1356.0, 2183.0, 192.0, 1889.0, 193.0, 1905.0, 2092.0, 191.0, 1347.0) 
Voter 30: ID 529; Choice (1356.0, 2183.0, 192.0, 1889.0, 193.0, 1905.0, 2092.0, 191.0, 1347.0) 
Voter 31: ID 23; Choice (2141.0, 1356.0, 2183.0, 192.0, 193.0, 1905.0, 2092.0, 2121.0, 191.0) 
Voter 32: ID 711; Choice (1356.0, 2183.0, 192.0, 1889.0, 193.0, 1905.0, 2092.0, 191.0, 1347.0) 
Voter 33: ID 338; Choice (1356.0, 2183.0, 192.0, 1889.0, 193.0, 1905.0, 2092.0, 191.0, 1347.0) 
Voter 34: ID 136; Choice (1356.0, 2183.0, 192.0, 1889.0, 193.0, 1905.0, 2092.0, 191.0, 1347.0) 
Voter 35: ID 359; Choice (1356.0, 2183.0, 192.0, 1889.0, 193.0, 1905.0, 2092.0, 191.0, 1347.0) 
Voter 36: ID 443; Choice (1356.0, 2183.0, 433.0, 192.0, 1347.0, 1905.0, 2092.0, 191.0) 
Voter 37: ID 681; Choice (1356.0, 2183.0, 192.0, 1889.0, 193.0, 1905.0, 2092.0, 191.0, 1347.0) 
Voter 38: ID 189; Choice (1356.0, 2183.0, 192.0, 1889.0, 193.0, 1905.0, 2092.0, 191.0, 1347.0) 
Voter 39: ID 367; Choice (1356.0, 2183.0, 192.0, 1889.0, 193.0, 1905.0, 2092.0, 191.0, 1347.0) 
Voter 40: ID 174; Choice (1356.0, 2183.0, 192.0, 1889.0, 193.0, 1905.0, 2092.0, 191.0, 1347.0) 
Voter 41: ID 135; Choice (1356.0, 2183.0, 192.0, 1889.0, 193.0, 1905.0, 2092.0, 191.0, 1347.0) 
Voter 42: ID 537; Choice (1356.0, 2183.0, 192.0, 1889.0, 193.0, 1905.0, 2092.0, 191.0, 1347.0) 
Voter 43: ID 303; Choice (2141.0, 1356.0, 2183.0, 1889.0, 193.0, 1347.0, 2092.0, 2121.0) 
Voter 44: ID 505; Choice (1356.0, 2183.0, 192.0, 1889.0, 193.0, 1905.0, 2092.0, 191.0, 1347.0) 
Voter 45: ID 150; Choice (1356.0, 2183.0, 192.0, 1889.0, 193.0, 1905.0, 2092.0, 191.0, 1347.0) 
Voter 46: ID 201; Choice (2141.0, 1356.0, 192.0, 1889.0, 193.0, 1347.0, 1905.0, 2092.0, 2121.0) 
Voter 47: ID 17; Choice (2141.0, 1356.0, 192.0, 1889.0, 193.0, 1347.0, 1905.0, 2092.0, 2121.0) 
Voter 48: ID 592; Choice (1356.0, 2183.0, 192.0, 1889.0, 193.0, 1905.0, 2092.0, 191.0, 1347.0) 
Voter 49: ID 566; Choice (1356.0, 2183.0, 192.0, 1889.0, 193.0, 1905.0, 2092.0, 191.0, 1347.0) 
Voter 50: ID 418; Choice (1356.0, 2183.0, 192.0, 1889.0, 193.0, 1905.0, 2092.0, 191.0) 
---------------------------------------------------------------------------
After Iteration 5 :
Voter 1: ID 724; Choice (1356.0, 2183.0, 192.0, 1889.0, 193.0, 1905.0, 2092.0, 191.0, 1347.0) 
Voter 2: ID 143; Choice (1356.0, 2183.0, 192.0, 1889.0, 193.0, 1905.0, 2092.0, 191.0, 1347.0) 
Voter 3: ID 478; Choice (1356.0, 2183.0, 192.0, 1889.0, 193.0, 1905.0, 2092.0, 191.0, 1347.0) 
Voter 4: ID 382; Choice (1356.0, 2183.0, 192.0, 1889.0, 193.0, 1905.0, 2092.0, 191.0, 1347.0) 
Voter 5: ID 391; Choice (1356.0, 2183.0, 192.0, 1889.0, 193.0, 1905.0, 2092.0, 191.0, 1347.0) 
Voter 6: ID 293; Choice (1356.0, 2183.0, 192.0, 1889.0, 193.0, 1905.0, 2092.0, 191.0, 1347.0) 
Voter 7: ID 377; Choice (1356.0, 2183.0, 192.0, 1889.0, 193.0, 1905.0, 2092.0, 191.0, 1347.0) 
Voter 8: ID 452; Choice (1356.0, 2183.0, 192.0, 1889.0, 193.0, 1905.0, 2092.0, 191.0, 1347.0) 
Voter 9: ID 477; Choice (1356.0, 2183.0, 192.0, 1889.0, 193.0, 1905.0, 2092.0, 191.0, 1347.0) 
Voter 10: ID 360; Choice (1356.0, 2183.0, 192.0, 1889.0, 193.0, 1905.0, 2092.0, 191.0) 
Voter 11: ID 671; Choice (1356.0, 2183.0, 192.0, 1889.0, 193.0, 1905.0, 2092.0, 191.0, 1347.0) 
Voter 12: ID 96; Choice (1356.0, 2183.0, 192.0, 1889.0, 193.0, 1905.0, 2092.0, 191.0, 1347.0) 
Voter 13: ID 712; Choice (1356.0, 2183.0, 192.0, 1889.0, 193.0, 1905.0, 2092.0, 191.0, 1347.0) 
Voter 14: ID 15; Choice (1356.0, 2183.0, 192.0, 1889.0, 193.0, 1905.0, 2092.0, 191.0, 1347.0) 
Voter 15: ID 574; Choice (1356.0, 2183.0, 192.0, 1889.0, 193.0, 1905.0, 2092.0, 191.0, 1347.0) 
Voter 16: ID 226; Choice (1356.0, 2183.0, 192.0, 1889.0, 193.0, 1905.0, 2092.0, 191.0, 1347.0) 
Voter 17: ID 722; Choice (1356.0, 2183.0, 192.0, 1889.0, 193.0, 1905.0, 2092.0, 191.0, 1347.0) 
Voter 18: ID 181; Choice (2183.0, 433.0, 1889.0, 193.0, 1347.0, 1905.0, 2092.0, 191.0) 
Voter 19: ID 573; Choice (1356.0, 2183.0, 192.0, 1889.0, 193.0, 1905.0, 2092.0, 191.0, 1347.0) 
Voter 20: ID 311; Choice (1356.0, 2183.0, 192.0, 1889.0, 193.0, 1905.0, 2092.0, 191.0, 1347.0) 
Voter 21: ID 242; Choice (1356.0, 2183.0, 192.0, 1889.0, 193.0, 1905.0, 2092.0, 191.0, 1347.0) 
Voter 22: ID 692; Choice (1356.0, 2183.0, 192.0, 1889.0, 193.0, 1905.0, 2092.0, 191.0, 1347.0) 
Voter 23: ID 344; Choice (1356.0, 2183.0, 192.0, 1889.0, 193.0, 1905.0, 2092.0, 191.0, 1347.0) 
Voter 24: ID 444; Choice (1356.0, 2183.0, 192.0, 1889.0, 193.0, 1905.0, 2092.0, 191.0, 1347.0) 
Voter 25: ID 200; Choice (1356.0, 2183.0, 192.0, 1889.0, 193.0, 1905.0, 2092.0, 191.0, 1347.0) 
Voter 26: ID 130; Choice (1356.0, 2183.0, 192.0, 1889.0, 193.0, 1905.0, 2092.0, 191.0, 1347.0) 
Voter 27: ID 427; Choice (1356.0, 2183.0, 192.0, 1889.0, 193.0, 1905.0, 2092.0, 191.0) 
Voter 28: ID 80; Choice (1356.0, 2183.0, 192.0, 1889.0, 193.0, 1905.0, 2092.0, 191.0, 1347.0) 
Voter 29: ID 504; Choice (2141.0, 1356.0, 1889.0, 1347.0, 2092.0, 2121.0, 191.0) 
Voter 30: ID 529; Choice (1356.0, 2183.0, 192.0, 1889.0, 193.0, 1905.0, 2092.0, 191.0, 1347.0) 
Voter 31: ID 23; Choice (2141.0, 1356.0, 2183.0, 192.0, 193.0, 1905.0, 2092.0, 2121.0, 191.0) 
Voter 32: ID 711; Choice (1356.0, 2183.0, 192.0, 1889.0, 193.0, 1905.0, 2092.0, 191.0, 1347.0) 
Voter 33: ID 338; Choice (2141.0, 2183.0, 192.0, 1889.0, 193.0, 1905.0, 191.0) 
Voter 34: ID 136; Choice (1356.0, 2183.0, 192.0, 1889.0, 193.0, 1905.0, 2092.0, 191.0, 1347.0) 
Voter 35: ID 359; Choice (2141.0, 1356.0, 192.0, 1889.0, 193.0, 2092.0, 2121.0, 191.0) 
Voter 36: ID 443; Choice (1356.0, 2183.0, 192.0, 1889.0, 193.0, 1905.0, 2092.0, 191.0, 1347.0) 
Voter 37: ID 681; Choice (1356.0, 2183.0, 192.0, 1889.0, 193.0, 1905.0, 2092.0, 191.0, 1347.0) 
Voter 38: ID 189; Choice (1356.0, 2183.0, 192.0, 1889.0, 193.0, 1905.0, 2092.0, 191.0, 1347.0) 
Voter 39: ID 367; Choice (2141.0, 1356.0, 192.0, 1889.0, 193.0, 1347.0, 1905.0, 2092.0, 2121.0) 
Voter 40: ID 174; Choice (1356.0, 2183.0, 192.0, 1889.0, 193.0, 1905.0, 2092.0, 191.0, 1347.0) 
Voter 41: ID 135; Choice (1356.0, 2183.0, 192.0, 1889.0, 193.0, 1905.0, 2092.0, 191.0, 1347.0) 
Voter 42: ID 537; Choice (1356.0, 2183.0, 192.0, 1889.0, 193.0, 1905.0, 2092.0, 191.0, 1347.0) 
Voter 43: ID 303; Choice (1356.0, 2183.0, 192.0, 1889.0, 193.0, 1905.0, 2092.0, 191.0, 1347.0) 
Voter 44: ID 505; Choice (1356.0, 2183.0, 192.0, 1889.0, 193.0, 1905.0, 2092.0, 191.0, 1347.0) 
Voter 45: ID 150; Choice (1356.0, 2183.0, 192.0, 1889.0, 193.0, 1905.0, 2092.0, 191.0, 1347.0) 
Voter 46: ID 201; Choice (1356.0, 2183.0, 192.0, 1889.0, 193.0, 1905.0, 2092.0, 191.0, 1347.0) 
Voter 47: ID 17; Choice (1356.0, 2183.0, 192.0, 1889.0, 193.0, 1905.0, 2092.0, 191.0, 1347.0) 
Voter 48: ID 592; Choice (1356.0, 2183.0, 192.0, 1889.0, 193.0, 1905.0, 2092.0, 191.0, 1347.0) 
Voter 49: ID 566; Choice (1356.0, 2183.0, 192.0, 1889.0, 193.0, 1905.0, 2092.0, 191.0, 1347.0) 
Voter 50: ID 418; Choice (1356.0, 2183.0, 192.0, 1889.0, 193.0, 1905.0, 2092.0, 191.0, 1347.0) 
---------------------------------------------------------------------------
After Iteration 6 :
Voter 1: ID 724; Choice (1356.0, 2183.0, 192.0, 1889.0, 193.0, 1905.0, 2092.0, 191.0, 1347.0) 
Voter 2: ID 143; Choice (1356.0, 2183.0, 192.0, 1889.0, 193.0, 1905.0, 2092.0, 191.0, 1347.0) 
Voter 3: ID 478; Choice (1356.0, 2183.0, 192.0, 1889.0, 193.0, 1905.0, 2092.0, 191.0, 1347.0) 
Voter 4: ID 382; Choice (1356.0, 2183.0, 192.0, 1889.0, 193.0, 1905.0, 2092.0, 191.0, 1347.0) 
Voter 5: ID 391; Choice (1356.0, 2183.0, 192.0, 1889.0, 193.0, 1905.0, 2092.0, 191.0, 1347.0) 
Voter 6: ID 293; Choice (1356.0, 2183.0, 192.0, 1889.0, 193.0, 1905.0, 2092.0, 191.0, 1347.0) 
Voter 7: ID 377; Choice (1356.0, 2183.0, 192.0, 1889.0, 193.0, 1905.0, 2092.0, 191.0, 1347.0) 
Voter 8: ID 452; Choice (1356.0, 2183.0, 192.0, 1889.0, 193.0, 1905.0, 2092.0, 191.0, 1347.0) 
Voter 9: ID 477; Choice (1356.0, 2183.0, 192.0, 1889.0, 193.0, 1905.0, 2092.0, 191.0, 1347.0) 
Voter 10: ID 360; Choice (2141.0, 1356.0, 192.0, 1889.0, 193.0, 2092.0, 2121.0, 191.0) 
Voter 11: ID 671; Choice (1356.0, 2183.0, 192.0, 1889.0, 193.0, 1905.0, 2092.0, 191.0, 1347.0) 
Voter 12: ID 96; Choice (1356.0, 2183.0, 192.0, 1889.0, 193.0, 1905.0, 2092.0, 191.0, 1347.0) 
Voter 13: ID 712; Choice (1356.0, 2183.0, 192.0, 1889.0, 193.0, 1905.0, 2092.0, 191.0, 1347.0) 
Voter 14: ID 15; Choice (1356.0, 2183.0, 192.0, 1889.0, 193.0, 1905.0, 2092.0, 191.0, 1347.0) 
Voter 15: ID 574; Choice (1356.0, 2183.0, 192.0, 1889.0, 193.0, 1905.0, 2092.0, 191.0, 1347.0) 
Voter 16: ID 226; Choice (1356.0, 2183.0, 192.0, 1889.0, 193.0, 1905.0, 2092.0, 191.0, 1347.0) 
Voter 17: ID 722; Choice (1356.0, 2183.0, 192.0, 1889.0, 193.0, 1905.0, 2092.0, 191.0, 1347.0) 
Voter 18: ID 181; Choice (2183.0, 433.0, 1889.0, 193.0, 1347.0, 1905.0, 2092.0, 191.0) 
Voter 19: ID 573; Choice (1356.0, 2183.0, 192.0, 1889.0, 193.0, 1905.0, 2092.0, 191.0, 1347.0) 
Voter 20: ID 311; Choice (1356.0, 2183.0, 192.0, 1889.0, 193.0, 1905.0, 2092.0, 191.0, 1347.0) 
Voter 21: ID 242; Choice (1356.0, 2183.0, 192.0, 1889.0, 193.0, 1905.0, 2092.0, 191.0, 1347.0) 
Voter 22: ID 692; Choice (1356.0, 2183.0, 192.0, 1889.0, 193.0, 1905.0, 2092.0, 191.0, 1347.0) 
Voter 23: ID 344; Choice (1356.0, 2183.0, 192.0, 1889.0, 193.0, 1905.0, 2092.0, 191.0, 1347.0) 
Voter 24: ID 444; Choice (1356.0, 2183.0, 192.0, 1889.0, 193.0, 1905.0, 2092.0, 191.0, 1347.0) 
Voter 25: ID 200; Choice (2141.0, 1356.0, 2183.0, 192.0, 1889.0, 1905.0, 2121.0, 191.0) 
Voter 26: ID 130; Choice (1356.0, 2183.0, 192.0, 1889.0, 193.0, 1905.0, 2092.0, 191.0, 1347.0) 
Voter 27: ID 427; Choice (1356.0, 2183.0, 192.0, 1889.0, 193.0, 1905.0, 2092.0, 191.0, 1347.0) 
Voter 28: ID 80; Choice (1356.0, 2183.0, 192.0, 1889.0, 193.0, 1905.0, 2092.0, 191.0, 1347.0) 
Voter 29: ID 504; Choice (1356.0, 2183.0, 192.0, 1889.0, 193.0, 1905.0, 2092.0, 191.0, 1347.0) 
Voter 30: ID 529; Choice (1356.0, 2183.0, 192.0, 1889.0, 193.0, 1905.0, 2092.0, 191.0, 1347.0) 
Voter 31: ID 23; Choice (2141.0, 1356.0, 2183.0, 192.0, 193.0, 1905.0, 2092.0, 2121.0, 191.0) 
Voter 32: ID 711; Choice (1356.0, 2183.0, 192.0, 1889.0, 193.0, 1905.0, 2092.0, 191.0, 1347.0) 
Voter 33: ID 338; Choice (1356.0, 2183.0, 192.0, 1889.0, 193.0, 1905.0, 2092.0, 191.0, 1347.0) 
Voter 34: ID 136; Choice (1356.0, 2183.0, 192.0, 1889.0, 193.0, 1905.0, 2092.0, 191.0, 1347.0) 
Voter 35: ID 359; Choice (1356.0, 2183.0, 192.0, 1889.0, 193.0, 1905.0, 2092.0, 191.0, 1347.0) 
Voter 36: ID 443; Choice (1356.0, 2183.0, 192.0, 1889.0, 193.0, 1905.0, 2092.0, 191.0, 1347.0) 
Voter 37: ID 681; Choice (1356.0, 2183.0, 192.0, 1889.0, 193.0, 1905.0, 2092.0, 191.0, 1347.0) 
Voter 38: ID 189; Choice (1356.0, 2183.0, 192.0, 1889.0, 193.0, 1905.0, 2092.0, 191.0, 1347.0) 
Voter 39: ID 367; Choice (1356.0, 2183.0, 192.0, 1889.0, 193.0, 1905.0, 2092.0, 191.0, 1347.0) 
Voter 40: ID 174; Choice (1356.0, 2183.0, 192.0, 1889.0, 193.0, 1905.0, 2092.0, 191.0, 1347.0) 
Voter 41: ID 135; Choice (1356.0, 2183.0, 192.0, 1889.0, 193.0, 1905.0, 2092.0, 191.0, 1347.0) 
Voter 42: ID 537; Choice (1356.0, 2183.0, 192.0, 1889.0, 193.0, 1905.0, 2092.0, 191.0, 1347.0) 
Voter 43: ID 303; Choice (1356.0, 2183.0, 192.0, 1889.0, 193.0, 1905.0, 2092.0, 191.0, 1347.0) 
Voter 44: ID 505; Choice (1356.0, 2183.0, 192.0, 1889.0, 193.0, 1905.0, 2092.0, 191.0, 1347.0) 
Voter 45: ID 150; Choice (1356.0, 2183.0, 192.0, 1889.0, 193.0, 1905.0, 2092.0, 191.0, 1347.0) 
Voter 46: ID 201; Choice (1356.0, 2183.0, 192.0, 1889.0, 193.0, 1905.0, 2092.0, 191.0, 1347.0) 
Voter 47: ID 17; Choice (2141.0, 1356.0, 192.0, 1889.0, 193.0, 1347.0, 1905.0, 2092.0, 2121.0) 
Voter 48: ID 592; Choice (1356.0, 2183.0, 192.0, 1889.0, 193.0, 1905.0, 2092.0, 191.0, 1347.0) 
Voter 49: ID 566; Choice (1356.0, 2183.0, 192.0, 1889.0, 193.0, 1905.0, 2092.0, 191.0, 1347.0) 
Voter 50: ID 418; Choice (1356.0, 2183.0, 192.0, 1889.0, 193.0, 1905.0, 2092.0, 191.0) 
---------------------------------------------------------------------------
After Iteration 7 :
Voter 1: ID 724; Choice (1356.0, 2183.0, 192.0, 1889.0, 193.0, 1905.0, 2092.0, 191.0, 1347.0) 
Voter 2: ID 143; Choice (1356.0, 2183.0, 192.0, 1889.0, 193.0, 1905.0, 2092.0, 191.0, 1347.0) 
Voter 3: ID 478; Choice (1356.0, 2183.0, 192.0, 1889.0, 193.0, 1905.0, 2092.0, 191.0, 1347.0) 
Voter 4: ID 382; Choice (1356.0, 2183.0, 192.0, 1889.0, 193.0, 1905.0, 2092.0, 191.0, 1347.0) 
Voter 5: ID 391; Choice (1356.0, 2183.0, 192.0, 1889.0, 193.0, 1905.0, 2092.0, 191.0, 1347.0) 
Voter 6: ID 293; Choice (1356.0, 2183.0, 192.0, 1889.0, 193.0, 1905.0, 2092.0, 191.0, 1347.0) 
Voter 7: ID 377; Choice (1356.0, 2183.0, 192.0, 1889.0, 193.0, 1905.0, 2092.0, 191.0, 1347.0) 
Voter 8: ID 452; Choice (1356.0, 2183.0, 192.0, 1889.0, 193.0, 1905.0, 2092.0, 191.0, 1347.0) 
Voter 9: ID 477; Choice (1356.0, 2183.0, 192.0, 1889.0, 193.0, 1905.0, 2092.0, 191.0, 1347.0) 
Voter 10: ID 360; Choice (1356.0, 2183.0, 192.0, 1889.0, 193.0, 1905.0, 2092.0, 191.0) 
Voter 11: ID 671; Choice (1356.0, 2183.0, 192.0, 1889.0, 193.0, 1905.0, 2092.0, 191.0, 1347.0) 
Voter 12: ID 96; Choice (1356.0, 2183.0, 192.0, 1889.0, 193.0, 1905.0, 2092.0, 191.0, 1347.0) 
Voter 13: ID 712; Choice (1356.0, 2183.0, 192.0, 1889.0, 193.0, 1905.0, 2092.0, 191.0, 1347.0) 
Voter 14: ID 15; Choice (1356.0, 2183.0, 192.0, 1889.0, 193.0, 1905.0, 2092.0, 191.0, 1347.0) 
Voter 15: ID 574; Choice (1356.0, 2183.0, 192.0, 1889.0, 193.0, 1905.0, 2092.0, 191.0, 1347.0) 
Voter 16: ID 226; Choice (1356.0, 2183.0, 192.0, 1889.0, 193.0, 1905.0, 2092.0, 191.0, 1347.0) 
Voter 17: ID 722; Choice (1356.0, 2183.0, 192.0, 1889.0, 193.0, 1905.0, 2092.0, 191.0, 1347.0) 
Voter 18: ID 181; Choice (1356.0, 2183.0, 192.0, 1889.0, 193.0, 1905.0, 2092.0, 191.0, 1347.0) 
Voter 19: ID 573; Choice (1356.0, 2183.0, 192.0, 1889.0, 193.0, 1905.0, 2092.0, 191.0, 1347.0) 
Voter 20: ID 311; Choice (1356.0, 2183.0, 192.0, 1889.0, 193.0, 1905.0, 2092.0, 191.0, 1347.0) 
Voter 21: ID 242; Choice (1356.0, 2183.0, 192.0, 1889.0, 193.0, 1905.0, 2092.0, 191.0, 1347.0) 
Voter 22: ID 692; Choice (1356.0, 2183.0, 192.0, 1889.0, 193.0, 1905.0, 2092.0, 191.0, 1347.0) 
Voter 23: ID 344; Choice (1356.0, 2183.0, 192.0, 1889.0, 193.0, 1905.0, 2092.0, 191.0, 1347.0) 
Voter 24: ID 444; Choice (1356.0, 2183.0, 192.0, 1889.0, 193.0, 1905.0, 2092.0, 191.0, 1347.0) 
Voter 25: ID 200; Choice (1356.0, 2183.0, 192.0, 1889.0, 193.0, 1905.0, 2092.0, 191.0, 1347.0) 
Voter 26: ID 130; Choice (1356.0, 2183.0, 192.0, 1889.0, 193.0, 1905.0, 2092.0, 191.0, 1347.0) 
Voter 27: ID 427; Choice (1356.0, 2183.0, 192.0, 1889.0, 193.0, 1905.0, 2092.0, 191.0, 1347.0) 
Voter 28: ID 80; Choice (1356.0, 2183.0, 192.0, 1889.0, 193.0, 1905.0, 2092.0, 191.0, 1347.0) 
Voter 29: ID 504; Choice (2141.0, 2183.0, 433.0, 1347.0, 1905.0, 191.0) 
Voter 30: ID 529; Choice (1356.0, 2183.0, 192.0, 1889.0, 193.0, 1905.0, 2092.0, 191.0, 1347.0) 
Voter 31: ID 23; Choice (2141.0, 1356.0, 2183.0, 192.0, 193.0, 1905.0, 2092.0, 2121.0, 191.0) 
Voter 32: ID 711; Choice (1356.0, 2183.0, 192.0, 1889.0, 193.0, 1905.0, 2092.0, 191.0, 1347.0) 
Voter 33: ID 338; Choice (1356.0, 2183.0, 192.0, 1889.0, 193.0, 1905.0, 2092.0, 191.0, 1347.0) 
Voter 34: ID 136; Choice (1356.0, 2183.0, 192.0, 1889.0, 193.0, 1905.0, 2092.0, 191.0, 1347.0) 
Voter 35: ID 359; Choice (1356.0, 2183.0, 192.0, 1889.0, 193.0, 1905.0, 2092.0, 191.0, 1347.0) 
Voter 36: ID 443; Choice (1356.0, 2183.0, 192.0, 1889.0, 193.0, 1905.0, 2092.0, 191.0, 1347.0) 
Voter 37: ID 681; Choice (1356.0, 2183.0, 192.0, 1889.0, 193.0, 1905.0, 2092.0, 191.0, 1347.0) 
Voter 38: ID 189; Choice (1356.0, 2183.0, 192.0, 1889.0, 193.0, 1905.0, 2092.0, 191.0, 1347.0) 
Voter 39: ID 367; Choice (1356.0, 2183.0, 192.0, 1889.0, 193.0, 1905.0, 2092.0, 191.0, 1347.0) 
Voter 40: ID 174; Choice (1356.0, 2183.0, 192.0, 1889.0, 193.0, 1905.0, 2092.0, 191.0, 1347.0) 
Voter 41: ID 135; Choice (1356.0, 2183.0, 192.0, 1889.0, 193.0, 1905.0, 2092.0, 191.0, 1347.0) 
Voter 42: ID 537; Choice (1356.0, 2183.0, 192.0, 1889.0, 193.0, 1905.0, 2092.0, 191.0, 1347.0) 
Voter 43: ID 303; Choice (1356.0, 2183.0, 192.0, 1889.0, 193.0, 1905.0, 2092.0, 191.0, 1347.0) 
Voter 44: ID 505; Choice (1356.0, 2183.0, 192.0, 1889.0, 193.0, 1905.0, 2092.0, 191.0, 1347.0) 
Voter 45: ID 150; Choice (1356.0, 2183.0, 192.0, 1889.0, 193.0, 1905.0, 2092.0, 191.0, 1347.0) 
Voter 46: ID 201; Choice (1356.0, 2183.0, 192.0, 1889.0, 193.0, 1905.0, 2092.0, 191.0, 1347.0) 
Voter 47: ID 17; Choice (1356.0, 2183.0, 192.0, 1889.0, 193.0, 1905.0, 2092.0, 191.0, 1347.0) 
Voter 48: ID 592; Choice (1356.0, 2183.0, 192.0, 1889.0, 193.0, 1905.0, 2092.0, 191.0, 1347.0) 
Voter 49: ID 566; Choice (1356.0, 2183.0, 192.0, 1889.0, 193.0, 1905.0, 2092.0, 191.0, 1347.0) 
Voter 50: ID 418; Choice (1356.0, 2183.0, 192.0, 1889.0, 193.0, 1905.0, 2092.0, 191.0, 1347.0) 
---------------------------------------------------------------------------
After Iteration 8 :
Voter 1: ID 724; Choice (1356.0, 2183.0, 192.0, 1889.0, 193.0, 1905.0, 2092.0, 191.0, 1347.0) 
Voter 2: ID 143; Choice (1356.0, 2183.0, 192.0, 1889.0, 193.0, 1905.0, 2092.0, 191.0, 1347.0) 
Voter 3: ID 478; Choice (1356.0, 2183.0, 192.0, 1889.0, 193.0, 1905.0, 2092.0, 191.0, 1347.0) 
Voter 4: ID 382; Choice (1356.0, 2183.0, 192.0, 1889.0, 193.0, 1905.0, 2092.0, 191.0, 1347.0) 
Voter 5: ID 391; Choice (1356.0, 2183.0, 192.0, 1889.0, 193.0, 1905.0, 2092.0, 191.0, 1347.0) 
Voter 6: ID 293; Choice (1356.0, 2183.0, 192.0, 1889.0, 193.0, 1905.0, 2092.0, 191.0, 1347.0) 
Voter 7: ID 377; Choice (1356.0, 2183.0, 192.0, 1889.0, 193.0, 1905.0, 2092.0, 191.0, 1347.0) 
Voter 8: ID 452; Choice (1356.0, 2183.0, 192.0, 1889.0, 193.0, 1905.0, 2092.0, 191.0, 1347.0) 
Voter 9: ID 477; Choice (1356.0, 2183.0, 192.0, 1889.0, 193.0, 1905.0, 2092.0, 191.0, 1347.0) 
Voter 10: ID 360; Choice (2141.0, 1356.0, 192.0, 1889.0, 193.0, 2092.0, 2121.0, 191.0) 
Voter 11: ID 671; Choice (1356.0, 2183.0, 192.0, 1889.0, 193.0, 1905.0, 2092.0, 191.0, 1347.0) 
Voter 12: ID 96; Choice (1356.0, 2183.0, 192.0, 1889.0, 193.0, 1905.0, 2092.0, 191.0, 1347.0) 
Voter 13: ID 712; Choice (1356.0, 2183.0, 192.0, 1889.0, 193.0, 1905.0, 2092.0, 191.0, 1347.0) 
Voter 14: ID 15; Choice (1356.0, 2183.0, 192.0, 1889.0, 193.0, 1905.0, 2092.0, 191.0, 1347.0) 
Voter 15: ID 574; Choice (1356.0, 2183.0, 192.0, 1889.0, 193.0, 1905.0, 2092.0, 191.0, 1347.0) 
Voter 16: ID 226; Choice (1356.0, 2183.0, 192.0, 1889.0, 193.0, 1905.0, 2092.0, 191.0, 1347.0) 
Voter 17: ID 722; Choice (1356.0, 2183.0, 192.0, 1889.0, 193.0, 1905.0, 2092.0, 191.0, 1347.0) 
Voter 18: ID 181; Choice (1356.0, 2183.0, 192.0, 1889.0, 193.0, 1905.0, 2092.0, 191.0, 1347.0) 
Voter 19: ID 573; Choice (1356.0, 2183.0, 433.0, 192.0, 1347.0, 1905.0, 2092.0, 191.0) 
Voter 20: ID 311; Choice (1356.0, 2183.0, 192.0, 1889.0, 193.0, 1905.0, 2092.0, 191.0, 1347.0) 
Voter 21: ID 242; Choice (1356.0, 2183.0, 192.0, 1889.0, 193.0, 1905.0, 2092.0, 191.0, 1347.0) 
Voter 22: ID 692; Choice (1356.0, 2183.0, 192.0, 1889.0, 193.0, 1905.0, 2092.0, 191.0, 1347.0) 
Voter 23: ID 344; Choice (1356.0, 2183.0, 192.0, 1889.0, 193.0, 1905.0, 2092.0, 191.0, 1347.0) 
Voter 24: ID 444; Choice (1356.0, 2183.0, 192.0, 1889.0, 193.0, 1905.0, 2092.0, 191.0, 1347.0) 
Voter 25: ID 200; Choice (1356.0, 2183.0, 192.0, 1889.0, 193.0, 1905.0, 2092.0, 191.0, 1347.0) 
Voter 26: ID 130; Choice (1356.0, 2183.0, 192.0, 1889.0, 193.0, 1905.0, 2092.0, 191.0, 1347.0) 
Voter 27: ID 427; Choice (1356.0, 2183.0, 192.0, 1889.0, 193.0, 1905.0, 2092.0, 191.0, 1347.0) 
Voter 28: ID 80; Choice (1356.0, 2183.0, 192.0, 1889.0, 193.0, 1905.0, 2092.0, 191.0, 1347.0) 
Voter 29: ID 504; Choice (1356.0, 2183.0, 192.0, 1889.0, 193.0, 1905.0, 2092.0, 191.0, 1347.0) 
Voter 30: ID 529; Choice (1356.0, 2183.0, 192.0, 1889.0, 193.0, 1905.0, 2092.0, 191.0, 1347.0) 
Voter 31: ID 23; Choice (2141.0, 1356.0, 2183.0, 192.0, 193.0, 1905.0, 2092.0, 2121.0, 191.0) 
Voter 32: ID 711; Choice (1356.0, 2183.0, 192.0, 1889.0, 193.0, 1905.0, 2092.0, 191.0, 1347.0) 
Voter 33: ID 338; Choice (1356.0, 2183.0, 192.0, 1889.0, 193.0, 1905.0, 2092.0, 191.0, 1347.0) 
Voter 34: ID 136; Choice (1356.0, 2183.0, 192.0, 1889.0, 193.0, 1905.0, 2092.0, 191.0, 1347.0) 
Voter 35: ID 359; Choice (1356.0, 2183.0, 192.0, 1889.0, 193.0, 1905.0, 2092.0, 191.0, 1347.0) 
Voter 36: ID 443; Choice (1356.0, 2183.0, 192.0, 1889.0, 193.0, 1905.0, 2092.0, 191.0, 1347.0) 
Voter 37: ID 681; Choice (1356.0, 2183.0, 192.0, 1889.0, 193.0, 1905.0, 2092.0, 191.0, 1347.0) 
Voter 38: ID 189; Choice (1356.0, 2183.0, 192.0, 1889.0, 193.0, 1905.0, 2092.0, 191.0, 1347.0) 
Voter 39: ID 367; Choice (1356.0, 2183.0, 192.0, 1889.0, 193.0, 1905.0, 2092.0, 191.0, 1347.0) 
Voter 40: ID 174; Choice (1356.0, 2183.0, 192.0, 1889.0, 193.0, 1905.0, 2092.0, 191.0, 1347.0) 
Voter 41: ID 135; Choice (1356.0, 2183.0, 192.0, 1889.0, 193.0, 1905.0, 2092.0, 191.0, 1347.0) 
Voter 42: ID 537; Choice (1356.0, 2183.0, 192.0, 1889.0, 193.0, 1905.0, 2092.0, 191.0, 1347.0) 
Voter 43: ID 303; Choice (1356.0, 2183.0, 192.0, 1889.0, 193.0, 1905.0, 2092.0, 191.0, 1347.0) 
Voter 44: ID 505; Choice (1356.0, 2183.0, 192.0, 1889.0, 193.0, 1905.0, 2092.0, 191.0, 1347.0) 
Voter 45: ID 150; Choice (1356.0, 2183.0, 192.0, 1889.0, 193.0, 1905.0, 2092.0, 191.0, 1347.0) 
Voter 46: ID 201; Choice (1356.0, 2183.0, 192.0, 1889.0, 193.0, 1905.0, 2092.0, 191.0, 1347.0) 
Voter 47: ID 17; Choice (1356.0, 2183.0, 192.0, 1889.0, 193.0, 1905.0, 2092.0, 191.0, 1347.0) 
Voter 48: ID 592; Choice (1356.0, 2183.0, 192.0, 1889.0, 193.0, 1905.0, 2092.0, 191.0, 1347.0) 
Voter 49: ID 566; Choice (1356.0, 2183.0, 192.0, 1889.0, 193.0, 1905.0, 2092.0, 191.0, 1347.0) 
Voter 50: ID 418; Choice (1356.0, 2183.0, 192.0, 1889.0, 193.0, 1905.0, 2092.0, 191.0, 1347.0) 
---------------------------------------------------------------------------
After Iteration 9 :
Voter 1: ID 724; Choice (1356.0, 2183.0, 192.0, 1889.0, 193.0, 1905.0, 2092.0, 191.0, 1347.0) 
Voter 2: ID 143; Choice (1356.0, 2183.0, 192.0, 1889.0, 193.0, 1905.0, 2092.0, 191.0, 1347.0) 
Voter 3: ID 478; Choice (1356.0, 2183.0, 192.0, 1889.0, 193.0, 1905.0, 2092.0, 191.0, 1347.0) 
Voter 4: ID 382; Choice (1356.0, 2183.0, 192.0, 1889.0, 193.0, 1905.0, 2092.0, 191.0, 1347.0) 
Voter 5: ID 391; Choice (1356.0, 2183.0, 192.0, 1889.0, 193.0, 1905.0, 2092.0, 191.0, 1347.0) 
Voter 6: ID 293; Choice (1356.0, 2183.0, 192.0, 1889.0, 193.0, 1905.0, 2092.0, 191.0, 1347.0) 
Voter 7: ID 377; Choice (1356.0, 2183.0, 192.0, 1889.0, 193.0, 1905.0, 2092.0, 191.0, 1347.0) 
Voter 8: ID 452; Choice (1356.0, 2183.0, 192.0, 1889.0, 193.0, 1905.0, 2092.0, 191.0, 1347.0) 
Voter 9: ID 477; Choice (1356.0, 2183.0, 192.0, 1889.0, 193.0, 1905.0, 2092.0, 191.0, 1347.0) 
Voter 10: ID 360; Choice (1356.0, 2183.0, 192.0, 1889.0, 193.0, 1905.0, 2092.0, 191.0, 1347.0) 
Voter 11: ID 671; Choice (1356.0, 2183.0, 192.0, 1889.0, 193.0, 1905.0, 2092.0, 191.0, 1347.0) 
Voter 12: ID 96; Choice (1356.0, 2183.0, 192.0, 1889.0, 193.0, 1905.0, 2092.0, 191.0, 1347.0) 
Voter 13: ID 712; Choice (1356.0, 2183.0, 192.0, 1889.0, 193.0, 1905.0, 2092.0, 191.0, 1347.0) 
Voter 14: ID 15; Choice (1356.0, 2183.0, 192.0, 1889.0, 193.0, 1905.0, 2092.0, 191.0, 1347.0) 
Voter 15: ID 574; Choice (1356.0, 2183.0, 192.0, 1889.0, 193.0, 1905.0, 2092.0, 191.0, 1347.0) 
Voter 16: ID 226; Choice (1356.0, 2183.0, 192.0, 1889.0, 193.0, 1905.0, 2092.0, 191.0, 1347.0) 
Voter 17: ID 722; Choice (1356.0, 2183.0, 192.0, 1889.0, 193.0, 1905.0, 2092.0, 191.0, 1347.0) 
Voter 18: ID 181; Choice (1356.0, 2183.0, 192.0, 1889.0, 193.0, 1905.0, 2092.0, 191.0, 1347.0) 
Voter 19: ID 573; Choice (1356.0, 2183.0, 192.0, 1889.0, 193.0, 1905.0, 2092.0, 191.0, 1347.0) 
Voter 20: ID 311; Choice (1356.0, 2183.0, 192.0, 1889.0, 193.0, 1905.0, 2092.0, 191.0, 1347.0) 
Voter 21: ID 242; Choice (1356.0, 2183.0, 192.0, 1889.0, 193.0, 1905.0, 2092.0, 191.0, 1347.0) 
Voter 22: ID 692; Choice (1356.0, 2183.0, 192.0, 1889.0, 193.0, 1905.0, 2092.0, 191.0, 1347.0) 
Voter 23: ID 344; Choice (1356.0, 2183.0, 192.0, 1889.0, 193.0, 1905.0, 2092.0, 191.0, 1347.0) 
Voter 24: ID 444; Choice (1356.0, 2183.0, 192.0, 1889.0, 193.0, 1905.0, 2092.0, 191.0, 1347.0) 
Voter 25: ID 200; Choice (1356.0, 2183.0, 192.0, 1889.0, 193.0, 1905.0, 2092.0, 191.0, 1347.0) 
Voter 26: ID 130; Choice (1356.0, 2183.0, 192.0, 1889.0, 193.0, 1905.0, 2092.0, 191.0, 1347.0) 
Voter 27: ID 427; Choice (1356.0, 2183.0, 192.0, 1889.0, 193.0, 1905.0, 2092.0, 191.0, 1347.0) 
Voter 28: ID 80; Choice (1356.0, 2183.0, 192.0, 1889.0, 193.0, 1905.0, 2092.0, 191.0, 1347.0) 
Voter 29: ID 504; Choice (1356.0, 2183.0, 192.0, 1889.0, 193.0, 1905.0, 2092.0, 191.0, 1347.0) 
Voter 30: ID 529; Choice (1356.0, 2183.0, 192.0, 1889.0, 193.0, 1905.0, 2092.0, 191.0, 1347.0) 
Voter 31: ID 23; Choice (1356.0, 2183.0, 192.0, 1889.0, 193.0, 1905.0, 2092.0, 191.0, 1347.0) 
Voter 32: ID 711; Choice (1356.0, 2183.0, 192.0, 1889.0, 193.0, 1905.0, 2092.0, 191.0, 1347.0) 
Voter 33: ID 338; Choice (1356.0, 2183.0, 192.0, 1889.0, 193.0, 1905.0, 2092.0, 191.0, 1347.0) 
Voter 34: ID 136; Choice (1356.0, 2183.0, 192.0, 1889.0, 193.0, 1905.0, 2092.0, 191.0, 1347.0) 
Voter 35: ID 359; Choice (1356.0, 2183.0, 192.0, 1889.0, 193.0, 1905.0, 2092.0, 191.0, 1347.0) 
Voter 36: ID 443; Choice (1356.0, 2183.0, 192.0, 1889.0, 193.0, 1905.0, 2092.0, 191.0, 1347.0) 
Voter 37: ID 681; Choice (1356.0, 2183.0, 192.0, 1889.0, 193.0, 1905.0, 2092.0, 191.0, 1347.0) 
Voter 38: ID 189; Choice (1356.0, 2183.0, 192.0, 1889.0, 193.0, 1905.0, 2092.0, 191.0, 1347.0) 
Voter 39: ID 367; Choice (1356.0, 2183.0, 192.0, 1889.0, 193.0, 1905.0, 2092.0, 191.0, 1347.0) 
Voter 40: ID 174; Choice (1356.0, 2183.0, 192.0, 1889.0, 193.0, 1905.0, 2092.0, 191.0, 1347.0) 
Voter 41: ID 135; Choice (1356.0, 2183.0, 192.0, 1889.0, 193.0, 1905.0, 2092.0, 191.0, 1347.0) 
Voter 42: ID 537; Choice (1356.0, 2183.0, 192.0, 1889.0, 193.0, 1905.0, 2092.0, 191.0, 1347.0) 
Voter 43: ID 303; Choice (1356.0, 2183.0, 192.0, 1889.0, 193.0, 1905.0, 2092.0, 191.0, 1347.0) 
Voter 44: ID 505; Choice (1356.0, 2183.0, 192.0, 1889.0, 193.0, 1905.0, 2092.0, 191.0, 1347.0) 
Voter 45: ID 150; Choice (1356.0, 2183.0, 192.0, 1889.0, 193.0, 1905.0, 2092.0, 191.0, 1347.0) 
Voter 46: ID 201; Choice (1356.0, 2183.0, 192.0, 1889.0, 193.0, 1905.0, 2092.0, 191.0, 1347.0) 
Voter 47: ID 17; Choice (1356.0, 2183.0, 192.0, 1889.0, 193.0, 1905.0, 2092.0, 191.0, 1347.0) 
Voter 48: ID 592; Choice (1356.0, 2183.0, 192.0, 1889.0, 193.0, 1905.0, 2092.0, 191.0, 1347.0) 
Voter 49: ID 566; Choice (1356.0, 2183.0, 192.0, 1889.0, 193.0, 1905.0, 2092.0, 191.0, 1347.0) 
Voter 50: ID 418; Choice (1356.0, 2183.0, 192.0, 1889.0, 193.0, 1905.0, 2092.0, 191.0, 1347.0) 
---------------------------------------------------------------------------
Concensus reached after 9 iterations.
Max degree: 16 Number of valid combinations: 50 Using random find.
There are 1 opinions after all iterations.
(1356.0, 2183.0, 192.0, 1889.0, 193.0, 1905.0, 2092.0, 191.0, 1347.0) count: 50
