    project id    reward
0       1211.0 -0.444988
1       2141.0 -0.057202
2       1356.0  0.331482
3       2183.0  0.343395
4        433.0 -0.263659
5        192.0  0.232709
6       1889.0  0.302624
7        193.0  0.251523
8       1347.0  0.192139
9       1905.0  0.121838
10      2092.0  0.245409
11      2121.0 -0.136063
12       191.0  0.215283
Valid Combinations are:
(1356.0, 2183.0, 192.0, 1889.0, 193.0, 1905.0, 2092.0, 191.0, 1347.0)
(1356.0, 2183.0, 192.0, 1889.0, 193.0, 1905.0, 2092.0, 191.0)
(1211.0, 2141.0, 1356.0, 2183.0, 192.0, 193.0)
(2141.0, 1356.0, 2183.0, 433.0, 192.0, 1889.0, 193.0, 1347.0, 1905.0, 2092.0, 191.0)
(2141.0, 1356.0, 2183.0, 192.0, 1889.0, 193.0, 1347.0, 1905.0, 2092.0, 2121.0, 191.0)
(1356.0, 2183.0, 433.0, 192.0, 1889.0, 193.0, 1347.0, 1905.0, 2092.0, 2121.0, 191.0)
(1211.0, 1356.0, 2183.0, 192.0, 1889.0, 193.0, 1905.0, 2092.0, 191.0)
(1211.0, 2183.0, 192.0, 1889.0, 193.0, 1347.0, 1905.0, 2092.0, 191.0)
(2141.0, 2183.0, 433.0, 192.0, 1889.0, 193.0, 1347.0, 1905.0, 2121.0)
(2141.0, 2183.0, 433.0, 192.0, 1889.0, 193.0, 1347.0, 2092.0, 2121.0)
(2141.0, 2183.0, 433.0, 192.0, 1889.0, 193.0, 1347.0, 2121.0, 191.0)
(2141.0, 2183.0, 433.0, 192.0, 1889.0, 193.0, 1905.0, 2092.0, 2121.0)
(2141.0, 2183.0, 433.0, 192.0, 1889.0, 193.0, 1905.0, 2121.0, 191.0)
(2141.0, 2183.0, 433.0, 192.0, 1889.0, 193.0, 2092.0, 2121.0, 191.0)
(2141.0, 2183.0, 433.0, 192.0, 1889.0, 1905.0, 2092.0, 2121.0, 191.0)
(2141.0, 2183.0, 433.0, 192.0, 193.0, 1347.0, 1905.0, 2092.0, 2121.0)
(2141.0, 2183.0, 433.0, 192.0, 193.0, 1347.0, 1905.0, 2121.0, 191.0)
(2141.0, 2183.0, 433.0, 192.0, 193.0, 1347.0, 2092.0, 2121.0, 191.0)
(2141.0, 2183.0, 433.0, 192.0, 193.0, 1905.0, 2092.0, 2121.0, 191.0)
(2141.0, 2183.0, 433.0, 1889.0, 193.0, 1905.0, 2092.0, 2121.0, 191.0)
(2141.0, 433.0, 192.0, 1889.0, 193.0, 1905.0, 2092.0, 2121.0, 191.0)
(1211.0, 1356.0, 2183.0, 192.0, 1889.0, 193.0, 1347.0, 1905.0)
(1211.0, 1356.0, 2183.0, 192.0, 1889.0, 193.0, 1347.0, 2092.0)
(1211.0, 1356.0, 2183.0, 192.0, 1889.0, 193.0, 1347.0, 191.0)
(1211.0, 1356.0, 2183.0, 192.0, 193.0, 1347.0, 1905.0, 2092.0)
(1211.0, 1356.0, 2183.0, 192.0, 193.0, 1347.0, 1905.0, 191.0)
(1211.0, 1356.0, 2183.0, 192.0, 193.0, 1347.0, 2092.0, 191.0)
(1211.0, 1356.0, 2183.0, 1889.0, 193.0, 1347.0, 1905.0, 2092.0)
(1211.0, 1356.0, 2183.0, 1889.0, 193.0, 1347.0, 1905.0, 191.0)
(1211.0, 1356.0, 2183.0, 1889.0, 193.0, 1347.0, 2092.0, 191.0)
(1211.0, 1356.0, 2183.0, 193.0, 1347.0, 1905.0, 2092.0, 191.0)
(2141.0, 1356.0, 2183.0, 433.0, 192.0, 1889.0, 193.0, 2121.0)
(2141.0, 1356.0, 2183.0, 433.0, 192.0, 1889.0, 1905.0, 2121.0)
(2141.0, 1356.0, 2183.0, 433.0, 192.0, 1889.0, 2121.0, 191.0)
(2141.0, 1356.0, 2183.0, 433.0, 192.0, 193.0, 1347.0, 2121.0)
(2141.0, 1356.0, 2183.0, 433.0, 192.0, 193.0, 1905.0, 2121.0)
(2141.0, 1356.0, 2183.0, 433.0, 192.0, 193.0, 2092.0, 2121.0)
(2141.0, 1356.0, 2183.0, 433.0, 192.0, 193.0, 2121.0, 191.0)
(2141.0, 1356.0, 2183.0, 433.0, 192.0, 1905.0, 2092.0, 2121.0)
(2141.0, 1356.0, 2183.0, 433.0, 192.0, 1905.0, 2121.0, 191.0)
(2141.0, 1356.0, 2183.0, 433.0, 1889.0, 193.0, 1905.0, 2121.0)
(2141.0, 1356.0, 2183.0, 433.0, 1889.0, 193.0, 2092.0, 2121.0)
(2141.0, 1356.0, 2183.0, 433.0, 1889.0, 193.0, 2121.0, 191.0)
(2141.0, 1356.0, 2183.0, 433.0, 193.0, 1905.0, 2092.0, 2121.0)
(2141.0, 1356.0, 2183.0, 433.0, 193.0, 1905.0, 2121.0, 191.0)
(2141.0, 1356.0, 2183.0, 433.0, 193.0, 2092.0, 2121.0, 191.0)
(2141.0, 1356.0, 433.0, 192.0, 1889.0, 193.0, 1905.0, 2121.0)
(2141.0, 1356.0, 433.0, 192.0, 193.0, 1905.0, 2092.0, 2121.0)
(2141.0, 1356.0, 433.0, 192.0, 193.0, 1905.0, 2121.0, 191.0)
(2141.0, 2183.0, 433.0, 1889.0, 1347.0, 1905.0, 2092.0, 2121.0)
(2141.0, 2183.0, 433.0, 1889.0, 1347.0, 1905.0, 2121.0, 191.0)
(2141.0, 2183.0, 433.0, 1347.0, 1905.0, 2092.0, 2121.0, 191.0)
(2141.0, 433.0, 1889.0, 193.0, 1347.0, 1905.0, 2121.0, 191.0)
(1211.0, 2141.0, 2183.0, 192.0, 1889.0, 193.0, 1905.0)
(1211.0, 2141.0, 2183.0, 192.0, 1889.0, 193.0, 2092.0)
(1211.0, 2141.0, 2183.0, 192.0, 1889.0, 193.0, 191.0)
(1211.0, 2141.0, 2183.0, 192.0, 193.0, 1905.0, 2092.0)
(1211.0, 2141.0, 2183.0, 192.0, 193.0, 1905.0, 191.0)
(1211.0, 2141.0, 2183.0, 192.0, 193.0, 2092.0, 191.0)
(1211.0, 1356.0, 192.0, 1889.0, 1347.0, 1905.0, 2092.0)
(1211.0, 1356.0, 192.0, 1889.0, 1347.0, 1905.0, 191.0)
(1211.0, 1356.0, 192.0, 1347.0, 1905.0, 2092.0, 191.0)
(1211.0, 2183.0, 192.0, 1889.0, 193.0, 1905.0, 2121.0)
(1211.0, 2183.0, 192.0, 1889.0, 193.0, 2092.0, 2121.0)
(1211.0, 2183.0, 192.0, 1889.0, 193.0, 2121.0, 191.0)
(1211.0, 2183.0, 192.0, 193.0, 1905.0, 2092.0, 2121.0)
(1211.0, 2183.0, 192.0, 193.0, 1905.0, 2121.0, 191.0)
(1211.0, 2183.0, 192.0, 193.0, 2092.0, 2121.0, 191.0)
(1211.0, 2183.0, 1889.0, 193.0, 1905.0, 2121.0, 191.0)
(2141.0, 1356.0, 2183.0, 433.0, 1347.0, 1905.0, 2121.0)
(2141.0, 1356.0, 433.0, 192.0, 1889.0, 2092.0, 2121.0)
(2141.0, 1356.0, 433.0, 192.0, 2092.0, 2121.0, 191.0)
(2141.0, 1356.0, 433.0, 193.0, 1347.0, 1905.0, 2121.0)
(2141.0, 433.0, 1889.0, 1347.0, 2092.0, 2121.0, 191.0)
(1211.0, 2141.0, 2183.0, 192.0, 193.0, 1347.0)
(1211.0, 2141.0, 2183.0, 1889.0, 193.0, 1347.0)
(1211.0, 2141.0, 2183.0, 1889.0, 1905.0, 191.0)
(1211.0, 2141.0, 2183.0, 193.0, 1347.0, 1905.0)
(1211.0, 2141.0, 2183.0, 193.0, 1347.0, 2092.0)
(1211.0, 2141.0, 2183.0, 193.0, 1347.0, 191.0)
(1211.0, 2141.0, 1889.0, 193.0, 1905.0, 191.0)
(1211.0, 1356.0, 2183.0, 192.0, 193.0, 2121.0)
(1211.0, 1356.0, 2183.0, 193.0, 1905.0, 2121.0)
(1211.0, 2183.0, 192.0, 193.0, 1347.0, 2121.0)
(1211.0, 2183.0, 192.0, 1347.0, 1905.0, 2121.0)
(1211.0, 2183.0, 1889.0, 193.0, 1347.0, 2121.0)
(1211.0, 2183.0, 1889.0, 1905.0, 2092.0, 2121.0)
(1211.0, 2183.0, 193.0, 1347.0, 1905.0, 2121.0)
(1211.0, 2183.0, 193.0, 1347.0, 2092.0, 2121.0)
(1211.0, 2183.0, 193.0, 1347.0, 2121.0, 191.0)
(1211.0, 2183.0, 1905.0, 2092.0, 2121.0, 191.0)
(1211.0, 192.0, 193.0, 1347.0, 1905.0, 2121.0)
(1211.0, 1889.0, 193.0, 1905.0, 2092.0, 2121.0)
(1211.0, 193.0, 1905.0, 2092.0, 2121.0, 191.0)
(2141.0, 1356.0, 433.0, 1889.0, 1347.0, 2121.0)
Initial Choices:
---------------------------------------------------------------------------
Voter 1: ID 88; Choice (1211.0, 1356.0, 2183.0, 193.0, 1905.0, 2121.0) 
Voter 2: ID 93; Choice (1211.0, 1356.0, 2183.0, 192.0, 193.0, 2121.0) 
Voter 3: ID 377; Choice (1211.0, 2183.0, 193.0, 1347.0, 2092.0, 2121.0) 
Voter 4: ID 104; Choice (2141.0, 2183.0, 433.0, 1889.0, 1347.0, 1905.0, 2092.0, 2121.0) 
Voter 5: ID 645; Choice (2141.0, 1356.0, 2183.0, 433.0, 192.0, 193.0, 2121.0, 191.0) 
Voter 6: ID 678; Choice (1211.0, 193.0, 1905.0, 2092.0, 2121.0, 191.0) 
Voter 7: ID 3; Choice (1211.0, 1356.0, 2183.0, 192.0, 1889.0, 193.0, 1347.0, 2092.0) 
Voter 8: ID 586; Choice (2141.0, 2183.0, 433.0, 192.0, 193.0, 1347.0, 1905.0, 2092.0, 2121.0) 
Voter 9: ID 464; Choice (2141.0, 2183.0, 433.0, 1889.0, 1347.0, 1905.0, 2121.0, 191.0) 
Voter 10: ID 503; Choice (2141.0, 433.0, 1889.0, 193.0, 1347.0, 1905.0, 2121.0, 191.0) 
Voter 11: ID 438; Choice (2141.0, 1356.0, 2183.0, 433.0, 193.0, 1905.0, 2092.0, 2121.0) 
Voter 12: ID 523; Choice (2141.0, 2183.0, 433.0, 1347.0, 1905.0, 2092.0, 2121.0, 191.0) 
Voter 13: ID 387; Choice (2141.0, 1356.0, 2183.0, 433.0, 1889.0, 193.0, 2121.0, 191.0) 
Voter 14: ID 411; Choice (2141.0, 1356.0, 2183.0, 433.0, 192.0, 193.0, 2121.0, 191.0) 
Voter 15: ID 305; Choice (2141.0, 2183.0, 433.0, 192.0, 1889.0, 1905.0, 2092.0, 2121.0, 191.0) 
Voter 16: ID 732; Choice (1211.0, 2183.0, 192.0, 193.0, 1905.0, 2121.0, 191.0) 
Voter 17: ID 68; Choice (1211.0, 1356.0, 192.0, 1889.0, 1347.0, 1905.0, 191.0) 
Voter 18: ID 341; Choice (1211.0, 1356.0, 2183.0, 193.0, 1347.0, 1905.0, 2092.0, 191.0) 
Voter 19: ID 336; Choice (2141.0, 433.0, 1889.0, 1347.0, 2092.0, 2121.0, 191.0) 
Voter 20: ID 658; Choice (1211.0, 1356.0, 192.0, 1889.0, 1347.0, 1905.0, 2092.0) 
Voter 21: ID 579; Choice (2141.0, 2183.0, 433.0, 1889.0, 1347.0, 1905.0, 2121.0, 191.0) 
Voter 22: ID 5; Choice (1211.0, 1356.0, 192.0, 1347.0, 1905.0, 2092.0, 191.0) 
Voter 23: ID 356; Choice (2141.0, 1356.0, 433.0, 192.0, 1889.0, 193.0, 1905.0, 2121.0) 
Voter 24: ID 687; Choice (2141.0, 1356.0, 2183.0, 433.0, 193.0, 1905.0, 2092.0, 2121.0) 
Voter 25: ID 615; Choice (2141.0, 1356.0, 2183.0, 433.0, 1889.0, 193.0, 2092.0, 2121.0) 
Voter 26: ID 525; Choice (1211.0, 2183.0, 1889.0, 1905.0, 2092.0, 2121.0) 
Voter 27: ID 386; Choice (2141.0, 1356.0, 433.0, 192.0, 193.0, 1905.0, 2092.0, 2121.0) 
Voter 28: ID 258; Choice (1356.0, 2183.0, 192.0, 1889.0, 193.0, 1905.0, 2092.0, 191.0, 1347.0) 
Voter 29: ID 238; Choice (1211.0, 192.0, 193.0, 1347.0, 1905.0, 2121.0) 
Voter 30: ID 237; Choice (1211.0, 2141.0, 2183.0, 192.0, 193.0, 1905.0, 2092.0) 
Voter 31: ID 190; Choice (1211.0, 2183.0, 192.0, 1889.0, 193.0, 2092.0, 2121.0) 
Voter 32: ID 359; Choice (1211.0, 1356.0, 2183.0, 192.0, 193.0, 1347.0, 2092.0, 191.0) 
Voter 33: ID 314; Choice (2141.0, 2183.0, 433.0, 192.0, 1889.0, 193.0, 1905.0, 2121.0, 191.0) 
Voter 34: ID 332; Choice (2141.0, 1356.0, 433.0, 193.0, 1347.0, 1905.0, 2121.0) 
Voter 35: ID 583; Choice (1211.0, 2183.0, 193.0, 1347.0, 1905.0, 2121.0) 
Voter 36: ID 346; Choice (2141.0, 2183.0, 433.0, 192.0, 1889.0, 1905.0, 2092.0, 2121.0, 191.0) 
Voter 37: ID 422; Choice (1211.0, 1356.0, 2183.0, 192.0, 1889.0, 193.0, 1347.0, 2092.0) 
Voter 38: ID 259; Choice (2141.0, 433.0, 1889.0, 193.0, 1347.0, 1905.0, 2121.0, 191.0) 
Voter 39: ID 363; Choice (1211.0, 1356.0, 192.0, 1889.0, 1347.0, 1905.0, 191.0) 
Voter 40: ID 711; Choice (2141.0, 1356.0, 2183.0, 433.0, 192.0, 1889.0, 193.0, 1347.0, 1905.0, 2092.0, 191.0) 
Voter 41: ID 545; Choice (2141.0, 1356.0, 2183.0, 433.0, 192.0, 1905.0, 2092.0, 2121.0) 
Voter 42: ID 77; Choice (1211.0, 2183.0, 1889.0, 193.0, 1905.0, 2121.0, 191.0) 
Voter 43: ID 186; Choice (2141.0, 2183.0, 433.0, 192.0, 1889.0, 1905.0, 2092.0, 2121.0, 191.0) 
Voter 44: ID 555; Choice (1211.0, 1356.0, 2183.0, 192.0, 1889.0, 193.0, 1347.0, 1905.0) 
Voter 45: ID 351; Choice (2141.0, 2183.0, 433.0, 1889.0, 1347.0, 1905.0, 2121.0, 191.0) 
Voter 46: ID 180; Choice (2141.0, 1356.0, 2183.0, 433.0, 192.0, 1905.0, 2092.0, 2121.0) 
Voter 47: ID 625; Choice (1356.0, 2183.0, 192.0, 1889.0, 193.0, 1905.0, 2092.0, 191.0, 1347.0) 
Voter 48: ID 439; Choice (2141.0, 1356.0, 2183.0, 433.0, 192.0, 193.0, 2092.0, 2121.0) 
Voter 49: ID 463; Choice (2141.0, 1356.0, 2183.0, 433.0, 192.0, 1889.0, 193.0, 2121.0) 
Voter 50: ID 145; Choice (1211.0, 1356.0, 2183.0, 1889.0, 193.0, 1347.0, 1905.0, 191.0) 
---------------------------------------------------------------------------
After Iteration 1 :
Voter 1: ID 88; Choice (1211.0, 2141.0, 2183.0, 192.0, 193.0, 1905.0, 191.0) 
Voter 2: ID 93; Choice (2141.0, 1356.0, 433.0, 192.0, 193.0, 1905.0, 2092.0, 2121.0) 
Voter 3: ID 377; Choice (1211.0, 2141.0, 2183.0, 192.0, 193.0, 1905.0, 191.0) 
Voter 4: ID 104; Choice (1211.0, 1356.0, 2183.0, 192.0, 193.0, 1347.0, 1905.0, 2092.0) 
Voter 5: ID 645; Choice (2141.0, 1356.0, 433.0, 1889.0, 1347.0, 2121.0) 
Voter 6: ID 678; Choice (2141.0, 2183.0, 433.0, 1889.0, 193.0, 1905.0, 2092.0, 2121.0, 191.0) 
Voter 7: ID 3; Choice (1211.0, 2141.0, 1889.0, 193.0, 1905.0, 191.0) 
Voter 8: ID 586; Choice (2141.0, 1356.0, 2183.0, 433.0, 1889.0, 193.0, 2092.0, 2121.0) 
Voter 9: ID 464; Choice (2141.0, 2183.0, 433.0, 1347.0, 1905.0, 2092.0, 2121.0, 191.0) 
Voter 10: ID 503; Choice (2141.0, 433.0, 1889.0, 193.0, 1347.0, 1905.0, 2121.0, 191.0) 
Voter 11: ID 438; Choice (1211.0, 2183.0, 193.0, 1347.0, 2121.0, 191.0) 
Voter 12: ID 523; Choice (1211.0, 2141.0, 1889.0, 193.0, 1905.0, 191.0) 
Voter 13: ID 387; Choice (1211.0, 1356.0, 2183.0, 192.0, 193.0, 2121.0) 
Voter 14: ID 411; Choice (2141.0, 2183.0, 433.0, 192.0, 193.0, 1347.0, 2092.0, 2121.0, 191.0) 
Voter 15: ID 305; Choice (1211.0, 1356.0, 2183.0, 1889.0, 193.0, 1347.0, 1905.0, 191.0) 
Voter 16: ID 732; Choice (1211.0, 2141.0, 2183.0, 192.0, 1889.0, 193.0, 191.0) 
Voter 17: ID 68; Choice (2141.0, 1356.0, 2183.0, 433.0, 1347.0, 1905.0, 2121.0) 
Voter 18: ID 341; Choice (1211.0, 2183.0, 192.0, 193.0, 1347.0, 2121.0) 
Voter 19: ID 336; Choice (1211.0, 1356.0, 2183.0, 1889.0, 193.0, 1347.0, 1905.0, 2092.0) 
Voter 20: ID 658; Choice (2141.0, 433.0, 1889.0, 1347.0, 2092.0, 2121.0, 191.0) 
Voter 21: ID 579; Choice (1211.0, 2183.0, 192.0, 1889.0, 193.0, 2121.0, 191.0) 
Voter 22: ID 5; Choice (2141.0, 2183.0, 433.0, 192.0, 193.0, 1347.0, 2092.0, 2121.0, 191.0) 
Voter 23: ID 356; Choice (2141.0, 2183.0, 433.0, 192.0, 193.0, 1347.0, 1905.0, 2092.0, 2121.0) 
Voter 24: ID 687; Choice (1211.0, 2141.0, 2183.0, 192.0, 193.0, 1905.0, 2092.0) 
Voter 25: ID 615; Choice (2141.0, 1356.0, 2183.0, 433.0, 193.0, 1905.0, 2121.0, 191.0) 
Voter 26: ID 525; Choice (1211.0, 1356.0, 2183.0, 192.0, 1889.0, 193.0, 1347.0, 1905.0) 
Voter 27: ID 386; Choice (2141.0, 1356.0, 2183.0, 433.0, 1889.0, 193.0, 2092.0, 2121.0) 
Voter 28: ID 258; Choice (1211.0, 2183.0, 193.0, 1347.0, 1905.0, 2121.0) 
Voter 29: ID 238; Choice (1211.0, 1356.0, 2183.0, 193.0, 1905.0, 2121.0) 
Voter 30: ID 237; Choice (1211.0, 2183.0, 1889.0, 193.0, 1905.0, 2121.0, 191.0) 
Voter 31: ID 190; Choice (2141.0, 2183.0, 433.0, 192.0, 193.0, 1905.0, 2092.0, 2121.0, 191.0) 
Voter 32: ID 359; Choice (1211.0, 2183.0, 193.0, 1347.0, 2121.0, 191.0) 
Voter 33: ID 314; Choice (2141.0, 1356.0, 2183.0, 433.0, 193.0, 2092.0, 2121.0, 191.0) 
Voter 34: ID 332; Choice (2141.0, 433.0, 192.0, 1889.0, 193.0, 1905.0, 2092.0, 2121.0, 191.0) 
Voter 35: ID 583; Choice (1211.0, 2183.0, 193.0, 1347.0, 1905.0, 2121.0) 
Voter 36: ID 346; Choice (1211.0, 2141.0, 2183.0, 192.0, 193.0, 1905.0, 191.0) 
Voter 37: ID 422; Choice (1211.0, 2141.0, 2183.0, 193.0, 1347.0, 2092.0) 
Voter 38: ID 259; Choice (1211.0, 1356.0, 2183.0, 192.0, 1889.0, 193.0, 1347.0, 2092.0) 
Voter 39: ID 363; Choice (2141.0, 2183.0, 433.0, 192.0, 1889.0, 193.0, 1905.0, 2121.0, 191.0) 
Voter 40: ID 711; Choice (1211.0, 2141.0, 2183.0, 192.0, 193.0, 2092.0, 191.0) 
Voter 41: ID 545; Choice (1211.0, 2183.0, 192.0, 193.0, 1905.0, 2092.0, 2121.0) 
Voter 42: ID 77; Choice (1211.0, 1356.0, 2183.0, 1889.0, 193.0, 1347.0, 1905.0, 2092.0) 
Voter 43: ID 186; Choice (1211.0, 2183.0, 1889.0, 1905.0, 2092.0, 2121.0) 
Voter 44: ID 555; Choice (1211.0, 1889.0, 193.0, 1905.0, 2092.0, 2121.0) 
Voter 45: ID 351; Choice (2141.0, 2183.0, 433.0, 192.0, 1889.0, 193.0, 1905.0, 2092.0, 2121.0) 
Voter 46: ID 180; Choice (2141.0, 2183.0, 433.0, 192.0, 1889.0, 193.0, 2092.0, 2121.0, 191.0) 
Voter 47: ID 625; Choice (1211.0, 1356.0, 2183.0, 1889.0, 193.0, 1347.0, 1905.0, 2092.0) 
Voter 48: ID 439; Choice (1211.0, 1356.0, 2183.0, 192.0, 193.0, 1347.0, 2092.0, 191.0) 
Voter 49: ID 463; Choice (1211.0, 1356.0, 192.0, 1889.0, 1347.0, 1905.0, 2092.0) 
Voter 50: ID 145; Choice (1211.0, 2183.0, 1889.0, 1905.0, 2092.0, 2121.0) 
---------------------------------------------------------------------------
---------------------------------------------------------------------------
{(1356.0, 2183.0, 192.0, 1889.0, 193.0, 1905.0, 2092.0, 191.0, 1347.0): 0, (1356.0, 2183.0, 192.0, 1889.0, 193.0, 1905.0, 2092.0, 191.0): 0, (1211.0, 2141.0, 1356.0, 2183.0, 192.0, 193.0): 0, (2141.0, 1356.0, 2183.0, 433.0, 192.0, 1889.0, 193.0, 1347.0, 1905.0, 2092.0, 191.0): 0, (2141.0, 1356.0, 2183.0, 192.0, 1889.0, 193.0, 1347.0, 1905.0, 2092.0, 2121.0, 191.0): 0, (1356.0, 2183.0, 433.0, 192.0, 1889.0, 193.0, 1347.0, 1905.0, 2092.0, 2121.0, 191.0): 0, (1211.0, 1356.0, 2183.0, 192.0, 1889.0, 193.0, 1905.0, 2092.0, 191.0): 0, (1211.0, 2183.0, 192.0, 1889.0, 193.0, 1347.0, 1905.0, 2092.0, 191.0): 0, (2141.0, 2183.0, 433.0, 192.0, 1889.0, 193.0, 1347.0, 1905.0, 2121.0): 0, (2141.0, 2183.0, 433.0, 192.0, 1889.0, 193.0, 1347.0, 2092.0, 2121.0): 0, (2141.0, 2183.0, 433.0, 192.0, 1889.0, 193.0, 1347.0, 2121.0, 191.0): 0, (2141.0, 2183.0, 433.0, 192.0, 1889.0, 193.0, 1905.0, 2092.0, 2121.0): 0, (2141.0, 2183.0, 433.0, 192.0, 1889.0, 193.0, 1905.0, 2121.0, 191.0): 0.10104485881678643, (2141.0, 2183.0, 433.0, 192.0, 1889.0, 193.0, 2092.0, 2121.0, 191.0): 0, (2141.0, 2183.0, 433.0, 192.0, 1889.0, 1905.0, 2092.0, 2121.0, 191.0): 0.100433457043834, (2141.0, 2183.0, 433.0, 192.0, 193.0, 1347.0, 1905.0, 2092.0, 2121.0): 0.09300907529585045, (2141.0, 2183.0, 433.0, 192.0, 193.0, 1347.0, 1905.0, 2121.0, 191.0): 0, (2141.0, 2183.0, 433.0, 192.0, 193.0, 1347.0, 2092.0, 2121.0, 191.0): 0, (2141.0, 2183.0, 433.0, 192.0, 193.0, 1905.0, 2092.0, 2121.0, 191.0): 0, (2141.0, 2183.0, 433.0, 1889.0, 193.0, 1905.0, 2092.0, 2121.0, 191.0): 0, (2141.0, 433.0, 192.0, 1889.0, 193.0, 1905.0, 2092.0, 2121.0, 191.0): 0, (1211.0, 1356.0, 2183.0, 192.0, 1889.0, 193.0, 1347.0, 1905.0): 0, (1211.0, 1356.0, 2183.0, 192.0, 1889.0, 193.0, 1347.0, 2092.0): 0, (1211.0, 1356.0, 2183.0, 192.0, 1889.0, 193.0, 1347.0, 191.0): 0, (1211.0, 1356.0, 2183.0, 192.0, 193.0, 1347.0, 1905.0, 2092.0): 0, (1211.0, 1356.0, 2183.0, 192.0, 193.0, 1347.0, 1905.0, 191.0): 0, (1211.0, 1356.0, 2183.0, 192.0, 193.0, 1347.0, 2092.0, 191.0): 0, (1211.0, 1356.0, 2183.0, 1889.0, 193.0, 1347.0, 1905.0, 2092.0): 0, (1211.0, 1356.0, 2183.0, 1889.0, 193.0, 1347.0, 1905.0, 191.0): 0.13132968122938857, (1211.0, 1356.0, 2183.0, 1889.0, 193.0, 1347.0, 2092.0, 191.0): 0, (1211.0, 1356.0, 2183.0, 193.0, 1347.0, 1905.0, 2092.0, 191.0): 0.12560822210338035, (2141.0, 1356.0, 2183.0, 433.0, 192.0, 1889.0, 193.0, 2121.0): 0, (2141.0, 1356.0, 2183.0, 433.0, 192.0, 1889.0, 1905.0, 2121.0): 0, (2141.0, 1356.0, 2183.0, 433.0, 192.0, 1889.0, 2121.0, 191.0): 0, (2141.0, 1356.0, 2183.0, 433.0, 192.0, 193.0, 1347.0, 2121.0): 0, (2141.0, 1356.0, 2183.0, 433.0, 192.0, 193.0, 1905.0, 2121.0): 0, (2141.0, 1356.0, 2183.0, 433.0, 192.0, 193.0, 2092.0, 2121.0): 0, (2141.0, 1356.0, 2183.0, 433.0, 192.0, 193.0, 2121.0, 191.0): 0, (2141.0, 1356.0, 2183.0, 433.0, 192.0, 1905.0, 2092.0, 2121.0): 0, (2141.0, 1356.0, 2183.0, 433.0, 192.0, 1905.0, 2121.0, 191.0): 0, (2141.0, 1356.0, 2183.0, 433.0, 1889.0, 193.0, 1905.0, 2121.0): 0, (2141.0, 1356.0, 2183.0, 433.0, 1889.0, 193.0, 2092.0, 2121.0): 0, (2141.0, 1356.0, 2183.0, 433.0, 1889.0, 193.0, 2121.0, 191.0): 0, (2141.0, 1356.0, 2183.0, 433.0, 193.0, 1905.0, 2092.0, 2121.0): 0.08367245884944219, (2141.0, 1356.0, 2183.0, 433.0, 193.0, 1905.0, 2121.0, 191.0): 0, (2141.0, 1356.0, 2183.0, 433.0, 193.0, 2092.0, 2121.0, 191.0): 0, (2141.0, 1356.0, 433.0, 192.0, 1889.0, 193.0, 1905.0, 2121.0): 0, (2141.0, 1356.0, 433.0, 192.0, 193.0, 1905.0, 2092.0, 2121.0): 0, (2141.0, 1356.0, 433.0, 192.0, 193.0, 1905.0, 2121.0, 191.0): 0, (2141.0, 2183.0, 433.0, 1889.0, 1347.0, 1905.0, 2092.0, 2121.0): 0, (2141.0, 2183.0, 433.0, 1889.0, 1347.0, 1905.0, 2121.0, 191.0): 0.07183558466388758, (2141.0, 2183.0, 433.0, 1347.0, 1905.0, 2092.0, 2121.0, 191.0): 0, (2141.0, 433.0, 1889.0, 193.0, 1347.0, 1905.0, 2121.0, 191.0): 0.0626483759892814, (1211.0, 2141.0, 2183.0, 192.0, 1889.0, 193.0, 1905.0): 0, (1211.0, 2141.0, 2183.0, 192.0, 1889.0, 193.0, 2092.0): 0, (1211.0, 2141.0, 2183.0, 192.0, 1889.0, 193.0, 191.0): 0, (1211.0, 2141.0, 2183.0, 192.0, 193.0, 1905.0, 2092.0): 0, (1211.0, 2141.0, 2183.0, 192.0, 193.0, 1905.0, 191.0): 0, (1211.0, 2141.0, 2183.0, 192.0, 193.0, 2092.0, 191.0): 0, (1211.0, 1356.0, 192.0, 1889.0, 1347.0, 1905.0, 2092.0): 0, (1211.0, 1356.0, 192.0, 1889.0, 1347.0, 1905.0, 191.0): 0, (1211.0, 1356.0, 192.0, 1347.0, 1905.0, 2092.0, 191.0): 0, (1211.0, 2183.0, 192.0, 1889.0, 193.0, 1905.0, 2121.0): 0, (1211.0, 2183.0, 192.0, 1889.0, 193.0, 2092.0, 2121.0): 0, (1211.0, 2183.0, 192.0, 1889.0, 193.0, 2121.0, 191.0): 0, (1211.0, 2183.0, 192.0, 193.0, 1905.0, 2092.0, 2121.0): 0, (1211.0, 2183.0, 192.0, 193.0, 1905.0, 2121.0, 191.0): 0, (1211.0, 2183.0, 192.0, 193.0, 2092.0, 2121.0, 191.0): 0, (1211.0, 2183.0, 1889.0, 193.0, 1905.0, 2121.0, 191.0): 0, (2141.0, 1356.0, 2183.0, 433.0, 1347.0, 1905.0, 2121.0): 0, (2141.0, 1356.0, 433.0, 192.0, 1889.0, 2092.0, 2121.0): 0, (2141.0, 1356.0, 433.0, 192.0, 2092.0, 2121.0, 191.0): 0, (2141.0, 1356.0, 433.0, 193.0, 1347.0, 1905.0, 2121.0): 0.0440059759892814, (2141.0, 433.0, 1889.0, 1347.0, 2092.0, 2121.0, 191.0): 0, (1211.0, 2141.0, 2183.0, 192.0, 193.0, 1347.0): 0, (1211.0, 2141.0, 2183.0, 1889.0, 193.0, 1347.0): 0, (1211.0, 2141.0, 2183.0, 1889.0, 1905.0, 191.0): 0, (1211.0, 2141.0, 2183.0, 193.0, 1347.0, 1905.0): 0, (1211.0, 2141.0, 2183.0, 193.0, 1347.0, 2092.0): 0, (1211.0, 2141.0, 2183.0, 193.0, 1347.0, 191.0): 0, (1211.0, 2141.0, 1889.0, 193.0, 1905.0, 191.0): 0, (1211.0, 1356.0, 2183.0, 192.0, 193.0, 2121.0): 0.05780589424129784, (1211.0, 1356.0, 2183.0, 193.0, 1905.0, 2121.0): 0, (1211.0, 2183.0, 192.0, 193.0, 1347.0, 2121.0): 0, (1211.0, 2183.0, 192.0, 1347.0, 1905.0, 2121.0): 0, (1211.0, 2183.0, 1889.0, 193.0, 1347.0, 2121.0): 0, (1211.0, 2183.0, 1889.0, 1905.0, 2092.0, 2121.0): 0, (1211.0, 2183.0, 193.0, 1347.0, 1905.0, 2121.0): 0, (1211.0, 2183.0, 193.0, 1347.0, 2092.0, 2121.0): 0, (1211.0, 2183.0, 193.0, 1347.0, 2121.0, 191.0): 0, (1211.0, 2183.0, 1905.0, 2092.0, 2121.0, 191.0): 0, (1211.0, 192.0, 193.0, 1347.0, 1905.0, 2121.0): 0.02171593580872056, (1211.0, 1889.0, 193.0, 1905.0, 2092.0, 2121.0): 0, (1211.0, 193.0, 1905.0, 2092.0, 2121.0, 191.0): 0, (2141.0, 1356.0, 433.0, 1889.0, 1347.0, 2121.0): 0}
After Iteration 2 :
Voter 1: ID 88; Choice (2141.0, 2183.0, 433.0, 192.0, 1889.0, 1905.0, 2092.0, 2121.0, 191.0) 
Voter 2: ID 93; Choice (1211.0, 1356.0, 2183.0, 1889.0, 193.0, 1347.0, 2092.0, 191.0) 
Voter 3: ID 377; Choice (1211.0, 1356.0, 2183.0, 192.0, 193.0, 1347.0, 1905.0, 2092.0) 
Voter 4: ID 104; Choice (2141.0, 2183.0, 433.0, 192.0, 193.0, 1347.0, 2092.0, 2121.0, 191.0) 
Voter 5: ID 645; Choice (1211.0, 2141.0, 2183.0, 192.0, 193.0, 1905.0, 2092.0) 
Voter 6: ID 678; Choice (2141.0, 2183.0, 433.0, 192.0, 1889.0, 193.0, 2092.0, 2121.0, 191.0) 
Voter 7: ID 3; Choice (1211.0, 1889.0, 193.0, 1905.0, 2092.0, 2121.0) 
Voter 8: ID 586; Choice (2141.0, 2183.0, 433.0, 192.0, 1889.0, 193.0, 1347.0, 2121.0, 191.0) 
Voter 9: ID 464; Choice (2141.0, 1356.0, 2183.0, 433.0, 192.0, 1889.0, 2121.0, 191.0) 
Voter 10: ID 503; Choice (1211.0, 2183.0, 192.0, 1889.0, 193.0, 1905.0, 2121.0) 
Voter 11: ID 438; Choice (1211.0, 2141.0, 2183.0, 192.0, 1889.0, 193.0, 191.0) 
Voter 12: ID 523; Choice (1211.0, 2183.0, 192.0, 1889.0, 193.0, 1347.0, 1905.0, 2092.0, 191.0) 
Voter 13: ID 387; Choice (2141.0, 433.0, 1889.0, 1347.0, 2092.0, 2121.0, 191.0) 
Voter 14: ID 411; Choice (1211.0, 1356.0, 2183.0, 1889.0, 193.0, 1347.0, 2092.0, 191.0) 
Voter 15: ID 305; Choice (2141.0, 1356.0, 2183.0, 192.0, 1889.0, 193.0, 1347.0, 1905.0, 2092.0, 2121.0, 191.0) 
Voter 16: ID 732; Choice (1211.0, 2183.0, 193.0, 1347.0, 2121.0, 191.0) 
Voter 17: ID 68; Choice (2141.0, 1356.0, 2183.0, 433.0, 192.0, 193.0, 2121.0, 191.0) 
Voter 18: ID 341; Choice (1211.0, 192.0, 193.0, 1347.0, 1905.0, 2121.0) 
Voter 19: ID 336; Choice (1211.0, 2141.0, 2183.0, 192.0, 193.0, 1905.0, 2092.0) 
Voter 20: ID 658; Choice (2141.0, 1356.0, 433.0, 192.0, 2092.0, 2121.0, 191.0) 
Voter 21: ID 579; Choice (2141.0, 2183.0, 433.0, 192.0, 1889.0, 193.0, 1905.0, 2092.0, 2121.0) 
Voter 22: ID 5; Choice (1211.0, 2183.0, 1889.0, 1905.0, 2092.0, 2121.0) 
Voter 23: ID 356; Choice (2141.0, 1356.0, 433.0, 192.0, 1889.0, 193.0, 1905.0, 2121.0) 
Voter 24: ID 687; Choice (1211.0, 2183.0, 192.0, 1889.0, 193.0, 1905.0, 2121.0) 
Voter 25: ID 615; Choice (1211.0, 1356.0, 2183.0, 192.0, 1889.0, 193.0, 1347.0, 1905.0) 
Voter 26: ID 525; Choice (1211.0, 2183.0, 1889.0, 193.0, 1905.0, 2121.0, 191.0) 
Voter 27: ID 386; Choice (1356.0, 2183.0, 192.0, 1889.0, 193.0, 1905.0, 2092.0, 191.0) 
Voter 28: ID 258; Choice (1356.0, 2183.0, 192.0, 1889.0, 193.0, 1905.0, 2092.0, 191.0, 1347.0) 
Voter 29: ID 238; Choice (1211.0, 2183.0, 1905.0, 2092.0, 2121.0, 191.0) 
Voter 30: ID 237; Choice (2141.0, 1356.0, 2183.0, 433.0, 193.0, 1905.0, 2092.0, 2121.0) 
Voter 31: ID 190; Choice (1211.0, 2183.0, 193.0, 1347.0, 2092.0, 2121.0) 
Voter 32: ID 359; Choice (2141.0, 2183.0, 433.0, 192.0, 1889.0, 193.0, 1905.0, 2092.0, 2121.0) 
Voter 33: ID 314; Choice (1211.0, 2183.0, 192.0, 1889.0, 193.0, 1905.0, 2121.0) 
Voter 34: ID 332; Choice (2141.0, 1356.0, 433.0, 192.0, 2092.0, 2121.0, 191.0) 
Voter 35: ID 583; Choice (1211.0, 2183.0, 192.0, 193.0, 1347.0, 2121.0) 
Voter 36: ID 346; Choice (2141.0, 2183.0, 433.0, 1889.0, 1347.0, 1905.0, 2092.0, 2121.0) 
Voter 37: ID 422; Choice (2141.0, 2183.0, 433.0, 192.0, 1889.0, 193.0, 1347.0, 2092.0, 2121.0) 
Voter 38: ID 259; Choice (2141.0, 1356.0, 2183.0, 433.0, 192.0, 1905.0, 2121.0, 191.0) 
Voter 39: ID 363; Choice (2141.0, 1356.0, 433.0, 192.0, 193.0, 1905.0, 2092.0, 2121.0) 
Voter 40: ID 711; Choice (2141.0, 2183.0, 433.0, 1347.0, 1905.0, 2092.0, 2121.0, 191.0) 
Voter 41: ID 545; Choice (1211.0, 2183.0, 1905.0, 2092.0, 2121.0, 191.0) 
Voter 42: ID 77; Choice (2141.0, 2183.0, 433.0, 192.0, 1889.0, 193.0, 1905.0, 2092.0, 2121.0) 
Voter 43: ID 186; Choice (1211.0, 2141.0, 2183.0, 1889.0, 1905.0, 191.0) 
Voter 44: ID 555; Choice (2141.0, 2183.0, 433.0, 192.0, 1889.0, 1905.0, 2092.0, 2121.0, 191.0) 
Voter 45: ID 351; Choice (2141.0, 1356.0, 2183.0, 433.0, 1889.0, 193.0, 2121.0, 191.0) 
Voter 46: ID 180; Choice (1356.0, 2183.0, 192.0, 1889.0, 193.0, 1905.0, 2092.0, 191.0) 
Voter 47: ID 625; Choice (1211.0, 2141.0, 2183.0, 192.0, 193.0, 1905.0, 2092.0) 
Voter 48: ID 439; Choice (1211.0, 2141.0, 2183.0, 192.0, 193.0, 1905.0, 2092.0) 
Voter 49: ID 463; Choice (2141.0, 1356.0, 2183.0, 433.0, 192.0, 193.0, 1905.0, 2121.0) 
Voter 50: ID 145; Choice (1211.0, 2183.0, 193.0, 1347.0, 1905.0, 2121.0) 
---------------------------------------------------------------------------
After Iteration 3 :
Voter 1: ID 88; Choice (1211.0, 2183.0, 192.0, 193.0, 2092.0, 2121.0, 191.0) 
Voter 2: ID 93; Choice (1211.0, 2183.0, 1889.0, 193.0, 1905.0, 2121.0, 191.0) 
Voter 3: ID 377; Choice (1211.0, 2183.0, 192.0, 1889.0, 193.0, 1347.0, 1905.0, 2092.0, 191.0) 
Voter 4: ID 104; Choice (1211.0, 2183.0, 1889.0, 1905.0, 2092.0, 2121.0) 
Voter 5: ID 645; Choice (2141.0, 433.0, 1889.0, 193.0, 1347.0, 1905.0, 2121.0, 191.0) 
Voter 6: ID 678; Choice (2141.0, 2183.0, 433.0, 192.0, 1889.0, 193.0, 1347.0, 1905.0, 2121.0) 
Voter 7: ID 3; Choice (1211.0, 1356.0, 2183.0, 1889.0, 193.0, 1347.0, 1905.0, 2092.0) 
Voter 8: ID 586; Choice (2141.0, 2183.0, 433.0, 192.0, 1889.0, 193.0, 1347.0, 1905.0, 2121.0) 
Voter 9: ID 464; Choice (2141.0, 2183.0, 433.0, 192.0, 193.0, 1347.0, 1905.0, 2092.0, 2121.0) 
Voter 10: ID 503; Choice (2141.0, 2183.0, 433.0, 192.0, 1889.0, 193.0, 2092.0, 2121.0, 191.0) 
Voter 11: ID 438; Choice (1211.0, 1356.0, 2183.0, 192.0, 1889.0, 193.0, 1905.0, 2092.0, 191.0) 
Voter 12: ID 523; Choice (2141.0, 2183.0, 433.0, 1889.0, 193.0, 1905.0, 2092.0, 2121.0, 191.0) 
Voter 13: ID 387; Choice (2141.0, 1356.0, 433.0, 193.0, 1347.0, 1905.0, 2121.0) 
Voter 14: ID 411; Choice (2141.0, 1356.0, 433.0, 192.0, 1889.0, 2092.0, 2121.0) 
Voter 15: ID 305; Choice (2141.0, 1356.0, 2183.0, 433.0, 1889.0, 193.0, 1905.0, 2121.0) 
Voter 16: ID 732; Choice (2141.0, 2183.0, 433.0, 1347.0, 1905.0, 2092.0, 2121.0, 191.0) 
Voter 17: ID 68; Choice (2141.0, 1356.0, 2183.0, 433.0, 193.0, 1905.0, 2092.0, 2121.0) 
Voter 18: ID 341; Choice (2141.0, 2183.0, 433.0, 192.0, 1889.0, 193.0, 1905.0, 2092.0, 2121.0) 
Voter 19: ID 336; Choice (1211.0, 2183.0, 192.0, 193.0, 1905.0, 2092.0, 2121.0) 
Voter 20: ID 658; Choice (1211.0, 2141.0, 2183.0, 192.0, 1889.0, 193.0, 1905.0) 
Voter 21: ID 579; Choice (1211.0, 1356.0, 2183.0, 192.0, 193.0, 1347.0, 1905.0, 191.0) 
Voter 22: ID 5; Choice (2141.0, 1356.0, 2183.0, 433.0, 193.0, 2092.0, 2121.0, 191.0) 
Voter 23: ID 356; Choice (1211.0, 1356.0, 2183.0, 192.0, 1889.0, 193.0, 1347.0, 191.0) 
Voter 24: ID 687; Choice (2141.0, 1356.0, 2183.0, 433.0, 192.0, 193.0, 1905.0, 2121.0) 
Voter 25: ID 615; Choice (1211.0, 2183.0, 1889.0, 193.0, 1347.0, 2121.0) 
Voter 26: ID 525; Choice (1211.0, 1356.0, 2183.0, 192.0, 1889.0, 193.0, 1347.0, 1905.0) 
Voter 27: ID 386; Choice (2141.0, 1356.0, 433.0, 192.0, 193.0, 1905.0, 2092.0, 2121.0) 
Voter 28: ID 258; Choice (2141.0, 2183.0, 433.0, 192.0, 193.0, 1347.0, 2092.0, 2121.0, 191.0) 
Voter 29: ID 238; Choice (2141.0, 1356.0, 2183.0, 433.0, 192.0, 193.0, 1347.0, 2121.0) 
Voter 30: ID 237; Choice (2141.0, 1356.0, 2183.0, 433.0, 192.0, 193.0, 2121.0, 191.0) 
Voter 31: ID 190; Choice (1211.0, 2183.0, 192.0, 193.0, 1905.0, 2121.0, 191.0) 
Voter 32: ID 359; Choice (1211.0, 1356.0, 192.0, 1889.0, 1347.0, 1905.0, 191.0) 
Voter 33: ID 314; Choice (1211.0, 2183.0, 192.0, 1889.0, 193.0, 2121.0, 191.0) 
Voter 34: ID 332; Choice (2141.0, 1356.0, 2183.0, 433.0, 1889.0, 193.0, 2121.0, 191.0) 
Voter 35: ID 583; Choice (1211.0, 193.0, 1905.0, 2092.0, 2121.0, 191.0) 
Voter 36: ID 346; Choice (1211.0, 1356.0, 2183.0, 1889.0, 193.0, 1347.0, 2092.0, 191.0) 
Voter 37: ID 422; Choice (2141.0, 2183.0, 433.0, 192.0, 193.0, 1347.0, 1905.0, 2092.0, 2121.0) 
Voter 38: ID 259; Choice (2141.0, 1356.0, 2183.0, 433.0, 192.0, 193.0, 2092.0, 2121.0) 
Voter 39: ID 363; Choice (1211.0, 2183.0, 193.0, 1347.0, 1905.0, 2121.0) 
Voter 40: ID 711; Choice (1211.0, 2141.0, 2183.0, 192.0, 1889.0, 193.0, 2092.0) 
Voter 41: ID 545; Choice (1211.0, 2183.0, 192.0, 1889.0, 193.0, 2121.0, 191.0) 
Voter 42: ID 77; Choice (1211.0, 1356.0, 192.0, 1889.0, 1347.0, 1905.0, 2092.0) 
Voter 43: ID 186; Choice (2141.0, 1356.0, 2183.0, 433.0, 192.0, 1889.0, 2121.0, 191.0) 
Voter 44: ID 555; Choice (2141.0, 2183.0, 433.0, 192.0, 1889.0, 193.0, 2092.0, 2121.0, 191.0) 
Voter 45: ID 351; Choice (1211.0, 1356.0, 2183.0, 193.0, 1347.0, 1905.0, 2092.0, 191.0) 
Voter 46: ID 180; Choice (1211.0, 2141.0, 2183.0, 192.0, 193.0, 2092.0, 191.0) 
Voter 47: ID 625; Choice (1211.0, 2183.0, 1889.0, 193.0, 1347.0, 2121.0) 
Voter 48: ID 439; Choice (2141.0, 1356.0, 2183.0, 433.0, 192.0, 1889.0, 1905.0, 2121.0) 
Voter 49: ID 463; Choice (1211.0, 1356.0, 2183.0, 1889.0, 193.0, 1347.0, 1905.0, 2092.0) 
Voter 50: ID 145; Choice (2141.0, 1356.0, 2183.0, 433.0, 192.0, 193.0, 2092.0, 2121.0) 
---------------------------------------------------------------------------
After Iteration 4 :
Voter 1: ID 88; Choice (1356.0, 2183.0, 192.0, 1889.0, 193.0, 1905.0, 2092.0, 191.0, 1347.0) 
Voter 2: ID 93; Choice (1356.0, 2183.0, 192.0, 1889.0, 193.0, 1905.0, 2092.0, 191.0, 1347.0) 
Voter 3: ID 377; Choice (1356.0, 2183.0, 192.0, 1889.0, 193.0, 1905.0, 2092.0, 191.0, 1347.0) 
Voter 4: ID 104; Choice (1356.0, 2183.0, 192.0, 1889.0, 193.0, 1905.0, 2092.0, 191.0, 1347.0) 
Voter 5: ID 645; Choice (1356.0, 2183.0, 192.0, 1889.0, 193.0, 1905.0, 2092.0, 191.0, 1347.0) 
Voter 6: ID 678; Choice (1356.0, 2183.0, 192.0, 1889.0, 193.0, 1905.0, 2092.0, 191.0, 1347.0) 
Voter 7: ID 3; Choice (1356.0, 2183.0, 192.0, 1889.0, 193.0, 1905.0, 2092.0, 191.0, 1347.0) 
Voter 8: ID 586; Choice (1356.0, 2183.0, 192.0, 1889.0, 193.0, 1905.0, 2092.0, 191.0, 1347.0) 
Voter 9: ID 464; Choice (1356.0, 2183.0, 192.0, 1889.0, 193.0, 1905.0, 2092.0, 191.0, 1347.0) 
Voter 10: ID 503; Choice (1356.0, 2183.0, 192.0, 1889.0, 193.0, 1905.0, 2092.0, 191.0, 1347.0) 
Voter 11: ID 438; Choice (1356.0, 2183.0, 192.0, 1889.0, 193.0, 1905.0, 2092.0, 191.0, 1347.0) 
Voter 12: ID 523; Choice (1356.0, 2183.0, 192.0, 1889.0, 193.0, 1905.0, 2092.0, 191.0, 1347.0) 
Voter 13: ID 387; Choice (1356.0, 2183.0, 192.0, 1889.0, 193.0, 1905.0, 2092.0, 191.0, 1347.0) 
Voter 14: ID 411; Choice (1356.0, 2183.0, 192.0, 1889.0, 193.0, 1905.0, 2092.0, 191.0, 1347.0) 
Voter 15: ID 305; Choice (1356.0, 2183.0, 192.0, 1889.0, 193.0, 1905.0, 2092.0, 191.0, 1347.0) 
Voter 16: ID 732; Choice (1356.0, 2183.0, 192.0, 1889.0, 193.0, 1905.0, 2092.0, 191.0, 1347.0) 
Voter 17: ID 68; Choice (1356.0, 2183.0, 192.0, 1889.0, 193.0, 1905.0, 2092.0, 191.0, 1347.0) 
Voter 18: ID 341; Choice (1356.0, 2183.0, 192.0, 1889.0, 193.0, 1905.0, 2092.0, 191.0, 1347.0) 
Voter 19: ID 336; Choice (2141.0, 1356.0, 2183.0, 433.0, 192.0, 1889.0, 193.0, 1347.0, 1905.0, 2092.0, 191.0) 
Voter 20: ID 658; Choice (1356.0, 2183.0, 192.0, 1889.0, 193.0, 1905.0, 2092.0, 191.0, 1347.0) 
Voter 21: ID 579; Choice (1356.0, 2183.0, 192.0, 1889.0, 193.0, 1905.0, 2092.0, 191.0, 1347.0) 
Voter 22: ID 5; Choice (1356.0, 2183.0, 192.0, 1889.0, 193.0, 1905.0, 2092.0, 191.0, 1347.0) 
Voter 23: ID 356; Choice (1356.0, 2183.0, 192.0, 1889.0, 193.0, 1905.0, 2092.0, 191.0, 1347.0) 
Voter 24: ID 687; Choice (1356.0, 2183.0, 192.0, 1889.0, 193.0, 1905.0, 2092.0, 191.0, 1347.0) 
Voter 25: ID 615; Choice (1356.0, 2183.0, 192.0, 1889.0, 193.0, 1905.0, 2092.0, 191.0, 1347.0) 
Voter 26: ID 525; Choice (1356.0, 2183.0, 192.0, 1889.0, 193.0, 1905.0, 2092.0, 191.0, 1347.0) 
Voter 27: ID 386; Choice (1356.0, 2183.0, 192.0, 1889.0, 193.0, 1905.0, 2092.0, 191.0, 1347.0) 
Voter 28: ID 258; Choice (1356.0, 2183.0, 192.0, 1889.0, 193.0, 1905.0, 2092.0, 191.0, 1347.0) 
Voter 29: ID 238; Choice (1356.0, 2183.0, 192.0, 1889.0, 193.0, 1905.0, 2092.0, 191.0, 1347.0) 
Voter 30: ID 237; Choice (1356.0, 2183.0, 192.0, 1889.0, 193.0, 1905.0, 2092.0, 191.0, 1347.0) 
Voter 31: ID 190; Choice (2141.0, 1356.0, 2183.0, 433.0, 192.0, 1889.0, 193.0, 1347.0, 1905.0, 2092.0, 191.0) 
Voter 32: ID 359; Choice (1356.0, 2183.0, 192.0, 1889.0, 193.0, 1905.0, 2092.0, 191.0, 1347.0) 
Voter 33: ID 314; Choice (1356.0, 2183.0, 192.0, 1889.0, 193.0, 1905.0, 2092.0, 191.0, 1347.0) 
Voter 34: ID 332; Choice (1356.0, 2183.0, 192.0, 1889.0, 193.0, 1905.0, 2092.0, 191.0, 1347.0) 
Voter 35: ID 583; Choice (1356.0, 2183.0, 192.0, 1889.0, 193.0, 1905.0, 2092.0, 191.0, 1347.0) 
Voter 36: ID 346; Choice (1356.0, 2183.0, 192.0, 1889.0, 193.0, 1905.0, 2092.0, 191.0, 1347.0) 
Voter 37: ID 422; Choice (1356.0, 2183.0, 192.0, 1889.0, 193.0, 1905.0, 2092.0, 191.0, 1347.0) 
Voter 38: ID 259; Choice (1356.0, 2183.0, 192.0, 1889.0, 193.0, 1905.0, 2092.0, 191.0, 1347.0) 
Voter 39: ID 363; Choice (1356.0, 2183.0, 192.0, 1889.0, 193.0, 1905.0, 2092.0, 191.0, 1347.0) 
Voter 40: ID 711; Choice (1356.0, 2183.0, 192.0, 1889.0, 193.0, 1905.0, 2092.0, 191.0, 1347.0) 
Voter 41: ID 545; Choice (2141.0, 1356.0, 2183.0, 433.0, 192.0, 1889.0, 193.0, 1347.0, 1905.0, 2092.0, 191.0) 
Voter 42: ID 77; Choice (1356.0, 2183.0, 192.0, 1889.0, 193.0, 1905.0, 2092.0, 191.0, 1347.0) 
Voter 43: ID 186; Choice (1356.0, 2183.0, 192.0, 1889.0, 193.0, 1905.0, 2092.0, 191.0, 1347.0) 
Voter 44: ID 555; Choice (1356.0, 2183.0, 192.0, 1889.0, 193.0, 1905.0, 2092.0, 191.0, 1347.0) 
Voter 45: ID 351; Choice (1356.0, 2183.0, 192.0, 1889.0, 193.0, 1905.0, 2092.0, 191.0, 1347.0) 
Voter 46: ID 180; Choice (1356.0, 2183.0, 192.0, 1889.0, 193.0, 1905.0, 2092.0, 191.0, 1347.0) 
Voter 47: ID 625; Choice (1356.0, 2183.0, 192.0, 1889.0, 193.0, 1905.0, 2092.0, 191.0, 1347.0) 
Voter 48: ID 439; Choice (1356.0, 2183.0, 192.0, 1889.0, 193.0, 1905.0, 2092.0, 191.0, 1347.0) 
Voter 49: ID 463; Choice (1356.0, 2183.0, 192.0, 1889.0, 193.0, 1905.0, 2092.0, 191.0, 1347.0) 
Voter 50: ID 145; Choice (1356.0, 2183.0, 192.0, 1889.0, 193.0, 1905.0, 2092.0, 191.0, 1347.0) 
---------------------------------------------------------------------------
After Iteration 5 :
Voter 1: ID 88; Choice (1356.0, 2183.0, 192.0, 1889.0, 193.0, 1905.0, 2092.0, 191.0, 1347.0) 
Voter 2: ID 93; Choice (1356.0, 2183.0, 192.0, 1889.0, 193.0, 1905.0, 2092.0, 191.0, 1347.0) 
Voter 3: ID 377; Choice (1356.0, 2183.0, 192.0, 1889.0, 193.0, 1905.0, 2092.0, 191.0, 1347.0) 
Voter 4: ID 104; Choice (1356.0, 2183.0, 192.0, 1889.0, 193.0, 1905.0, 2092.0, 191.0, 1347.0) 
Voter 5: ID 645; Choice (1356.0, 2183.0, 192.0, 1889.0, 193.0, 1905.0, 2092.0, 191.0, 1347.0) 
Voter 6: ID 678; Choice (1356.0, 2183.0, 192.0, 1889.0, 193.0, 1905.0, 2092.0, 191.0, 1347.0) 
Voter 7: ID 3; Choice (1356.0, 2183.0, 192.0, 1889.0, 193.0, 1905.0, 2092.0, 191.0, 1347.0) 
Voter 8: ID 586; Choice (1356.0, 2183.0, 192.0, 1889.0, 193.0, 1905.0, 2092.0, 191.0, 1347.0) 
Voter 9: ID 464; Choice (1211.0, 2141.0, 1889.0, 193.0, 1905.0, 191.0) 
Voter 10: ID 503; Choice (1356.0, 2183.0, 192.0, 1889.0, 193.0, 1905.0, 2092.0, 191.0, 1347.0) 
Voter 11: ID 438; Choice (1356.0, 2183.0, 192.0, 1889.0, 193.0, 1905.0, 2092.0, 191.0, 1347.0) 
Voter 12: ID 523; Choice (1356.0, 2183.0, 192.0, 1889.0, 193.0, 1905.0, 2092.0, 191.0, 1347.0) 
Voter 13: ID 387; Choice (1356.0, 2183.0, 192.0, 1889.0, 193.0, 1905.0, 2092.0, 191.0, 1347.0) 
Voter 14: ID 411; Choice (1356.0, 2183.0, 192.0, 1889.0, 193.0, 1905.0, 2092.0, 191.0, 1347.0) 
Voter 15: ID 305; Choice (1356.0, 2183.0, 192.0, 1889.0, 193.0, 1905.0, 2092.0, 191.0, 1347.0) 
Voter 16: ID 732; Choice (1356.0, 2183.0, 192.0, 1889.0, 193.0, 1905.0, 2092.0, 191.0, 1347.0) 
Voter 17: ID 68; Choice (1356.0, 2183.0, 192.0, 1889.0, 193.0, 1905.0, 2092.0, 191.0, 1347.0) 
Voter 18: ID 341; Choice (1356.0, 2183.0, 192.0, 1889.0, 193.0, 1905.0, 2092.0, 191.0, 1347.0) 
Voter 19: ID 336; Choice (2141.0, 1356.0, 2183.0, 433.0, 192.0, 1889.0, 193.0, 1347.0, 1905.0, 2092.0, 191.0) 
Voter 20: ID 658; Choice (1356.0, 2183.0, 192.0, 1889.0, 193.0, 1905.0, 2092.0, 191.0, 1347.0) 
Voter 21: ID 579; Choice (1356.0, 2183.0, 192.0, 1889.0, 193.0, 1905.0, 2092.0, 191.0, 1347.0) 
Voter 22: ID 5; Choice (1211.0, 1356.0, 192.0, 1889.0, 1347.0, 1905.0, 191.0) 
Voter 23: ID 356; Choice (1356.0, 2183.0, 192.0, 1889.0, 193.0, 1905.0, 2092.0, 191.0, 1347.0) 
Voter 24: ID 687; Choice (1356.0, 2183.0, 192.0, 1889.0, 193.0, 1905.0, 2092.0, 191.0, 1347.0) 
Voter 25: ID 615; Choice (1356.0, 2183.0, 192.0, 1889.0, 193.0, 1905.0, 2092.0, 191.0, 1347.0) 
Voter 26: ID 525; Choice (1211.0, 1356.0, 2183.0, 192.0, 1889.0, 193.0, 1347.0, 1905.0) 
Voter 27: ID 386; Choice (1356.0, 2183.0, 192.0, 1889.0, 193.0, 1905.0, 2092.0, 191.0, 1347.0) 
Voter 28: ID 258; Choice (1356.0, 2183.0, 192.0, 1889.0, 193.0, 1905.0, 2092.0, 191.0, 1347.0) 
Voter 29: ID 238; Choice (1356.0, 2183.0, 192.0, 1889.0, 193.0, 1905.0, 2092.0, 191.0, 1347.0) 
Voter 30: ID 237; Choice (1356.0, 2183.0, 192.0, 1889.0, 193.0, 1905.0, 2092.0, 191.0, 1347.0) 
Voter 31: ID 190; Choice (1356.0, 2183.0, 192.0, 1889.0, 193.0, 1905.0, 2092.0, 191.0, 1347.0) 
Voter 32: ID 359; Choice (1356.0, 2183.0, 192.0, 1889.0, 193.0, 1905.0, 2092.0, 191.0, 1347.0) 
Voter 33: ID 314; Choice (1356.0, 2183.0, 192.0, 1889.0, 193.0, 1905.0, 2092.0, 191.0, 1347.0) 
Voter 34: ID 332; Choice (1356.0, 2183.0, 192.0, 1889.0, 193.0, 1905.0, 2092.0, 191.0, 1347.0) 
Voter 35: ID 583; Choice (1356.0, 2183.0, 192.0, 1889.0, 193.0, 1905.0, 2092.0, 191.0, 1347.0) 
Voter 36: ID 346; Choice (1356.0, 2183.0, 192.0, 1889.0, 193.0, 1905.0, 2092.0, 191.0, 1347.0) 
Voter 37: ID 422; Choice (1356.0, 2183.0, 192.0, 1889.0, 193.0, 1905.0, 2092.0, 191.0, 1347.0) 
Voter 38: ID 259; Choice (1356.0, 2183.0, 192.0, 1889.0, 193.0, 1905.0, 2092.0, 191.0, 1347.0) 
Voter 39: ID 363; Choice (1356.0, 2183.0, 192.0, 1889.0, 193.0, 1905.0, 2092.0, 191.0, 1347.0) 
Voter 40: ID 711; Choice (1356.0, 2183.0, 192.0, 1889.0, 193.0, 1905.0, 2092.0, 191.0, 1347.0) 
Voter 41: ID 545; Choice (2141.0, 1356.0, 2183.0, 433.0, 1889.0, 193.0, 2121.0, 191.0) 
Voter 42: ID 77; Choice (1356.0, 2183.0, 192.0, 1889.0, 193.0, 1905.0, 2092.0, 191.0, 1347.0) 
Voter 43: ID 186; Choice (1356.0, 2183.0, 192.0, 1889.0, 193.0, 1905.0, 2092.0, 191.0, 1347.0) 
Voter 44: ID 555; Choice (1356.0, 2183.0, 192.0, 1889.0, 193.0, 1905.0, 2092.0, 191.0, 1347.0) 
Voter 45: ID 351; Choice (1356.0, 2183.0, 192.0, 1889.0, 193.0, 1905.0, 2092.0, 191.0, 1347.0) 
Voter 46: ID 180; Choice (1356.0, 2183.0, 192.0, 1889.0, 193.0, 1905.0, 2092.0, 191.0, 1347.0) 
Voter 47: ID 625; Choice (1356.0, 2183.0, 192.0, 1889.0, 193.0, 1905.0, 2092.0, 191.0, 1347.0) 
Voter 48: ID 439; Choice (1356.0, 2183.0, 192.0, 1889.0, 193.0, 1905.0, 2092.0, 191.0, 1347.0) 
Voter 49: ID 463; Choice (1356.0, 2183.0, 192.0, 1889.0, 193.0, 1905.0, 2092.0, 191.0, 1347.0) 
Voter 50: ID 145; Choice (1356.0, 2183.0, 192.0, 1889.0, 193.0, 1905.0, 2092.0, 191.0, 1347.0) 
---------------------------------------------------------------------------
After Iteration 6 :
Voter 1: ID 88; Choice (1356.0, 2183.0, 192.0, 1889.0, 193.0, 1905.0, 2092.0, 191.0, 1347.0) 
Voter 2: ID 93; Choice (1356.0, 2183.0, 192.0, 1889.0, 193.0, 1905.0, 2092.0, 191.0, 1347.0) 
Voter 3: ID 377; Choice (1356.0, 2183.0, 192.0, 1889.0, 193.0, 1905.0, 2092.0, 191.0, 1347.0) 
Voter 4: ID 104; Choice (1356.0, 2183.0, 192.0, 1889.0, 193.0, 1905.0, 2092.0, 191.0, 1347.0) 
Voter 5: ID 645; Choice (1356.0, 2183.0, 192.0, 1889.0, 193.0, 1905.0, 2092.0, 191.0, 1347.0) 
Voter 6: ID 678; Choice (1356.0, 2183.0, 192.0, 1889.0, 193.0, 1905.0, 2092.0, 191.0, 1347.0) 
Voter 7: ID 3; Choice (1356.0, 2183.0, 192.0, 1889.0, 193.0, 1905.0, 2092.0, 191.0, 1347.0) 
Voter 8: ID 586; Choice (1356.0, 2183.0, 192.0, 1889.0, 193.0, 1905.0, 2092.0, 191.0, 1347.0) 
Voter 9: ID 464; Choice (1356.0, 2183.0, 192.0, 1889.0, 193.0, 1905.0, 2092.0, 191.0, 1347.0) 
Voter 10: ID 503; Choice (1356.0, 2183.0, 192.0, 1889.0, 193.0, 1905.0, 2092.0, 191.0, 1347.0) 
Voter 11: ID 438; Choice (1356.0, 2183.0, 192.0, 1889.0, 193.0, 1905.0, 2092.0, 191.0, 1347.0) 
Voter 12: ID 523; Choice (1356.0, 2183.0, 192.0, 1889.0, 193.0, 1905.0, 2092.0, 191.0, 1347.0) 
Voter 13: ID 387; Choice (1356.0, 2183.0, 192.0, 1889.0, 193.0, 1905.0, 2092.0, 191.0, 1347.0) 
Voter 14: ID 411; Choice (1356.0, 2183.0, 192.0, 1889.0, 193.0, 1905.0, 2092.0, 191.0, 1347.0) 
Voter 15: ID 305; Choice (1356.0, 2183.0, 192.0, 1889.0, 193.0, 1905.0, 2092.0, 191.0, 1347.0) 
Voter 16: ID 732; Choice (1356.0, 2183.0, 192.0, 1889.0, 193.0, 1905.0, 2092.0, 191.0, 1347.0) 
Voter 17: ID 68; Choice (1356.0, 2183.0, 192.0, 1889.0, 193.0, 1905.0, 2092.0, 191.0, 1347.0) 
Voter 18: ID 341; Choice (1356.0, 2183.0, 192.0, 1889.0, 193.0, 1905.0, 2092.0, 191.0, 1347.0) 
Voter 19: ID 336; Choice (1356.0, 2183.0, 192.0, 1889.0, 193.0, 1905.0, 2092.0, 191.0, 1347.0) 
Voter 20: ID 658; Choice (1356.0, 2183.0, 192.0, 1889.0, 193.0, 1905.0, 2092.0, 191.0, 1347.0) 
Voter 21: ID 579; Choice (1356.0, 2183.0, 192.0, 1889.0, 193.0, 1905.0, 2092.0, 191.0, 1347.0) 
Voter 22: ID 5; Choice (1356.0, 2183.0, 192.0, 1889.0, 193.0, 1905.0, 2092.0, 191.0, 1347.0) 
Voter 23: ID 356; Choice (1356.0, 2183.0, 192.0, 1889.0, 193.0, 1905.0, 2092.0, 191.0, 1347.0) 
Voter 24: ID 687; Choice (1356.0, 2183.0, 192.0, 1889.0, 193.0, 1905.0, 2092.0, 191.0, 1347.0) 
Voter 25: ID 615; Choice (1356.0, 2183.0, 192.0, 1889.0, 193.0, 1905.0, 2092.0, 191.0, 1347.0) 
Voter 26: ID 525; Choice (1356.0, 2183.0, 192.0, 1889.0, 193.0, 1905.0, 2092.0, 191.0, 1347.0) 
Voter 27: ID 386; Choice (1356.0, 2183.0, 192.0, 1889.0, 193.0, 1905.0, 2092.0, 191.0, 1347.0) 
Voter 28: ID 258; Choice (1356.0, 2183.0, 192.0, 1889.0, 193.0, 1905.0, 2092.0, 191.0, 1347.0) 
Voter 29: ID 238; Choice (1356.0, 2183.0, 192.0, 1889.0, 193.0, 1905.0, 2092.0, 191.0, 1347.0) 
Voter 30: ID 237; Choice (1356.0, 2183.0, 192.0, 1889.0, 193.0, 1905.0, 2092.0, 191.0, 1347.0) 
Voter 31: ID 190; Choice (1356.0, 2183.0, 192.0, 1889.0, 193.0, 1905.0, 2092.0, 191.0, 1347.0) 
Voter 32: ID 359; Choice (1356.0, 2183.0, 192.0, 1889.0, 193.0, 1905.0, 2092.0, 191.0, 1347.0) 
Voter 33: ID 314; Choice (1356.0, 2183.0, 192.0, 1889.0, 193.0, 1905.0, 2092.0, 191.0, 1347.0) 
Voter 34: ID 332; Choice (1356.0, 2183.0, 192.0, 1889.0, 193.0, 1905.0, 2092.0, 191.0, 1347.0) 
Voter 35: ID 583; Choice (1356.0, 2183.0, 192.0, 1889.0, 193.0, 1905.0, 2092.0, 191.0, 1347.0) 
Voter 36: ID 346; Choice (1356.0, 2183.0, 192.0, 1889.0, 193.0, 1905.0, 2092.0, 191.0, 1347.0) 
Voter 37: ID 422; Choice (1356.0, 2183.0, 192.0, 1889.0, 193.0, 1905.0, 2092.0, 191.0, 1347.0) 
Voter 38: ID 259; Choice (1356.0, 2183.0, 192.0, 1889.0, 193.0, 1905.0, 2092.0, 191.0, 1347.0) 
Voter 39: ID 363; Choice (1356.0, 2183.0, 192.0, 1889.0, 193.0, 1905.0, 2092.0, 191.0, 1347.0) 
Voter 40: ID 711; Choice (1356.0, 2183.0, 192.0, 1889.0, 193.0, 1905.0, 2092.0, 191.0, 1347.0) 
Voter 41: ID 545; Choice (2141.0, 1356.0, 2183.0, 433.0, 192.0, 1889.0, 193.0, 1347.0, 1905.0, 2092.0, 191.0) 
Voter 42: ID 77; Choice (1356.0, 2183.0, 192.0, 1889.0, 193.0, 1905.0, 2092.0, 191.0, 1347.0) 
Voter 43: ID 186; Choice (1356.0, 2183.0, 192.0, 1889.0, 193.0, 1905.0, 2092.0, 191.0, 1347.0) 
Voter 44: ID 555; Choice (1356.0, 2183.0, 192.0, 1889.0, 193.0, 1905.0, 2092.0, 191.0, 1347.0) 
Voter 45: ID 351; Choice (1356.0, 2183.0, 192.0, 1889.0, 193.0, 1905.0, 2092.0, 191.0, 1347.0) 
Voter 46: ID 180; Choice (1356.0, 2183.0, 192.0, 1889.0, 193.0, 1905.0, 2092.0, 191.0, 1347.0) 
Voter 47: ID 625; Choice (1356.0, 2183.0, 192.0, 1889.0, 193.0, 1905.0, 2092.0, 191.0, 1347.0) 
Voter 48: ID 439; Choice (1356.0, 2183.0, 192.0, 1889.0, 193.0, 1905.0, 2092.0, 191.0, 1347.0) 
Voter 49: ID 463; Choice (1356.0, 2183.0, 192.0, 1889.0, 193.0, 1905.0, 2092.0, 191.0, 1347.0) 
Voter 50: ID 145; Choice (1356.0, 2183.0, 192.0, 1889.0, 193.0, 1905.0, 2092.0, 191.0, 1347.0) 
---------------------------------------------------------------------------
After Iteration 7 :
Voter 1: ID 88; Choice (1356.0, 2183.0, 192.0, 1889.0, 193.0, 1905.0, 2092.0, 191.0, 1347.0) 
Voter 2: ID 93; Choice (1356.0, 2183.0, 192.0, 1889.0, 193.0, 1905.0, 2092.0, 191.0, 1347.0) 
Voter 3: ID 377; Choice (1356.0, 2183.0, 192.0, 1889.0, 193.0, 1905.0, 2092.0, 191.0, 1347.0) 
Voter 4: ID 104; Choice (1356.0, 2183.0, 192.0, 1889.0, 193.0, 1905.0, 2092.0, 191.0, 1347.0) 
Voter 5: ID 645; Choice (1356.0, 2183.0, 192.0, 1889.0, 193.0, 1905.0, 2092.0, 191.0, 1347.0) 
Voter 6: ID 678; Choice (1356.0, 2183.0, 192.0, 1889.0, 193.0, 1905.0, 2092.0, 191.0, 1347.0) 
Voter 7: ID 3; Choice (1356.0, 2183.0, 192.0, 1889.0, 193.0, 1905.0, 2092.0, 191.0, 1347.0) 
Voter 8: ID 586; Choice (1356.0, 2183.0, 192.0, 1889.0, 193.0, 1905.0, 2092.0, 191.0, 1347.0) 
Voter 9: ID 464; Choice (1356.0, 2183.0, 192.0, 1889.0, 193.0, 1905.0, 2092.0, 191.0, 1347.0) 
Voter 10: ID 503; Choice (1356.0, 2183.0, 192.0, 1889.0, 193.0, 1905.0, 2092.0, 191.0, 1347.0) 
Voter 11: ID 438; Choice (1356.0, 2183.0, 192.0, 1889.0, 193.0, 1905.0, 2092.0, 191.0, 1347.0) 
Voter 12: ID 523; Choice (1356.0, 2183.0, 192.0, 1889.0, 193.0, 1905.0, 2092.0, 191.0, 1347.0) 
Voter 13: ID 387; Choice (1356.0, 2183.0, 192.0, 1889.0, 193.0, 1905.0, 2092.0, 191.0, 1347.0) 
Voter 14: ID 411; Choice (1356.0, 2183.0, 192.0, 1889.0, 193.0, 1905.0, 2092.0, 191.0, 1347.0) 
Voter 15: ID 305; Choice (1356.0, 2183.0, 192.0, 1889.0, 193.0, 1905.0, 2092.0, 191.0, 1347.0) 
Voter 16: ID 732; Choice (1356.0, 2183.0, 192.0, 1889.0, 193.0, 1905.0, 2092.0, 191.0, 1347.0) 
Voter 17: ID 68; Choice (1356.0, 2183.0, 192.0, 1889.0, 193.0, 1905.0, 2092.0, 191.0, 1347.0) 
Voter 18: ID 341; Choice (1356.0, 2183.0, 192.0, 1889.0, 193.0, 1905.0, 2092.0, 191.0, 1347.0) 
Voter 19: ID 336; Choice (1356.0, 2183.0, 192.0, 1889.0, 193.0, 1905.0, 2092.0, 191.0, 1347.0) 
Voter 20: ID 658; Choice (1356.0, 2183.0, 192.0, 1889.0, 193.0, 1905.0, 2092.0, 191.0, 1347.0) 
Voter 21: ID 579; Choice (1356.0, 2183.0, 192.0, 1889.0, 193.0, 1905.0, 2092.0, 191.0, 1347.0) 
Voter 22: ID 5; Choice (1356.0, 2183.0, 192.0, 1889.0, 193.0, 1905.0, 2092.0, 191.0, 1347.0) 
Voter 23: ID 356; Choice (1356.0, 2183.0, 192.0, 1889.0, 193.0, 1905.0, 2092.0, 191.0, 1347.0) 
Voter 24: ID 687; Choice (1356.0, 2183.0, 192.0, 1889.0, 193.0, 1905.0, 2092.0, 191.0, 1347.0) 
Voter 25: ID 615; Choice (1356.0, 2183.0, 192.0, 1889.0, 193.0, 1905.0, 2092.0, 191.0, 1347.0) 
Voter 26: ID 525; Choice (1356.0, 2183.0, 192.0, 1889.0, 193.0, 1905.0, 2092.0, 191.0, 1347.0) 
Voter 27: ID 386; Choice (1356.0, 2183.0, 192.0, 1889.0, 193.0, 1905.0, 2092.0, 191.0, 1347.0) 
Voter 28: ID 258; Choice (1356.0, 2183.0, 192.0, 1889.0, 193.0, 1905.0, 2092.0, 191.0, 1347.0) 
Voter 29: ID 238; Choice (1356.0, 2183.0, 192.0, 1889.0, 193.0, 1905.0, 2092.0, 191.0, 1347.0) 
Voter 30: ID 237; Choice (1356.0, 2183.0, 192.0, 1889.0, 193.0, 1905.0, 2092.0, 191.0, 1347.0) 
Voter 31: ID 190; Choice (1356.0, 2183.0, 192.0, 1889.0, 193.0, 1905.0, 2092.0, 191.0, 1347.0) 
Voter 32: ID 359; Choice (1356.0, 2183.0, 192.0, 1889.0, 193.0, 1905.0, 2092.0, 191.0, 1347.0) 
Voter 33: ID 314; Choice (1356.0, 2183.0, 192.0, 1889.0, 193.0, 1905.0, 2092.0, 191.0, 1347.0) 
Voter 34: ID 332; Choice (1356.0, 2183.0, 192.0, 1889.0, 193.0, 1905.0, 2092.0, 191.0, 1347.0) 
Voter 35: ID 583; Choice (1356.0, 2183.0, 192.0, 1889.0, 193.0, 1905.0, 2092.0, 191.0, 1347.0) 
Voter 36: ID 346; Choice (1356.0, 2183.0, 192.0, 1889.0, 193.0, 1905.0, 2092.0, 191.0, 1347.0) 
Voter 37: ID 422; Choice (1356.0, 2183.0, 192.0, 1889.0, 193.0, 1905.0, 2092.0, 191.0, 1347.0) 
Voter 38: ID 259; Choice (1356.0, 2183.0, 192.0, 1889.0, 193.0, 1905.0, 2092.0, 191.0, 1347.0) 
Voter 39: ID 363; Choice (1356.0, 2183.0, 192.0, 1889.0, 193.0, 1905.0, 2092.0, 191.0, 1347.0) 
Voter 40: ID 711; Choice (1356.0, 2183.0, 192.0, 1889.0, 193.0, 1905.0, 2092.0, 191.0, 1347.0) 
Voter 41: ID 545; Choice (1356.0, 2183.0, 192.0, 1889.0, 193.0, 1905.0, 2092.0, 191.0, 1347.0) 
Voter 42: ID 77; Choice (1356.0, 2183.0, 192.0, 1889.0, 193.0, 1905.0, 2092.0, 191.0, 1347.0) 
Voter 43: ID 186; Choice (1356.0, 2183.0, 192.0, 1889.0, 193.0, 1905.0, 2092.0, 191.0, 1347.0) 
Voter 44: ID 555; Choice (1356.0, 2183.0, 192.0, 1889.0, 193.0, 1905.0, 2092.0, 191.0, 1347.0) 
Voter 45: ID 351; Choice (1356.0, 2183.0, 192.0, 1889.0, 193.0, 1905.0, 2092.0, 191.0, 1347.0) 
Voter 46: ID 180; Choice (1356.0, 2183.0, 192.0, 1889.0, 193.0, 1905.0, 2092.0, 191.0, 1347.0) 
Voter 47: ID 625; Choice (1356.0, 2183.0, 192.0, 1889.0, 193.0, 1905.0, 2092.0, 191.0, 1347.0) 
Voter 48: ID 439; Choice (1356.0, 2183.0, 192.0, 1889.0, 193.0, 1905.0, 2092.0, 191.0, 1347.0) 
Voter 49: ID 463; Choice (1356.0, 2183.0, 192.0, 1889.0, 193.0, 1905.0, 2092.0, 191.0, 1347.0) 
Voter 50: ID 145; Choice (1356.0, 2183.0, 192.0, 1889.0, 193.0, 1905.0, 2092.0, 191.0, 1347.0) 
---------------------------------------------------------------------------
Concensus reached after 7 iterations.
Max degree: 10 Number of valid combinations: 95 Using random find.
There are 1 opinions after all iterations.
(1356.0, 2183.0, 192.0, 1889.0, 193.0, 1905.0, 2092.0, 191.0, 1347.0) count: 50
