    project id    reward
0       1211.0 -0.444988
1       2141.0 -0.057202
2       1356.0  0.331482
3       2183.0  0.343395
4        433.0 -0.263659
5        192.0  0.232709
6       1889.0  0.302624
7        193.0  0.251523
8       1347.0  0.192139
9       1905.0  0.121838
10      2092.0  0.245409
11      2121.0 -0.136063
12       191.0  0.215283
Valid Combinations are:
(1356.0, 2183.0, 192.0, 1889.0, 193.0, 1905.0, 2092.0, 191.0, 1347.0)
(1356.0, 2183.0, 192.0, 1889.0, 193.0, 1905.0, 2092.0, 191.0)
(1211.0, 2141.0, 1356.0, 2183.0, 192.0, 193.0)
(1356.0, 2183.0, 192.0, 193.0, 1347.0, 1905.0, 2092.0, 2121.0, 191.0)
(1211.0, 1356.0, 2183.0, 192.0, 193.0, 1905.0, 2092.0, 191.0)
(2141.0, 1356.0, 2183.0, 1889.0, 193.0, 1347.0, 1905.0, 2092.0)
(2141.0, 1356.0, 433.0, 192.0, 1889.0, 1347.0, 1905.0, 191.0)
(2141.0, 1356.0, 1889.0, 1347.0, 1905.0, 2092.0, 2121.0, 191.0)
(2141.0, 2183.0, 1889.0, 193.0, 1347.0, 1905.0, 2092.0, 2121.0)
(2141.0, 433.0, 192.0, 1889.0, 1347.0, 1905.0, 2092.0, 191.0)
(2141.0, 433.0, 1889.0, 193.0, 1905.0, 2092.0, 2121.0, 191.0)
(1356.0, 2183.0, 433.0, 192.0, 1889.0, 1905.0, 2092.0, 191.0)
(1356.0, 2183.0, 433.0, 192.0, 193.0, 1347.0, 2092.0, 191.0)
(1356.0, 2183.0, 433.0, 1889.0, 1905.0, 2092.0, 2121.0, 191.0)
(1356.0, 433.0, 192.0, 193.0, 1347.0, 1905.0, 2121.0, 191.0)
(1211.0, 2183.0, 192.0, 1889.0, 193.0, 1905.0, 191.0)
(2141.0, 1356.0, 2183.0, 433.0, 192.0, 1347.0, 191.0)
(2141.0, 1356.0, 2183.0, 433.0, 1889.0, 1347.0, 1905.0)
(2141.0, 1356.0, 2183.0, 433.0, 1889.0, 2121.0, 191.0)
(2141.0, 1356.0, 2183.0, 1889.0, 1905.0, 2092.0, 2121.0)
(2141.0, 1356.0, 433.0, 1889.0, 193.0, 2092.0, 191.0)
(2141.0, 1356.0, 192.0, 1889.0, 193.0, 1905.0, 191.0)
(2141.0, 2183.0, 433.0, 192.0, 1889.0, 193.0, 2121.0)
(2141.0, 2183.0, 433.0, 192.0, 1889.0, 193.0, 191.0)
(2141.0, 2183.0, 433.0, 193.0, 1905.0, 2121.0, 191.0)
(2141.0, 2183.0, 192.0, 193.0, 1347.0, 2092.0, 2121.0)
(2141.0, 433.0, 192.0, 1889.0, 193.0, 2092.0, 2121.0)
(1356.0, 2183.0, 433.0, 192.0, 193.0, 1905.0, 2092.0)
(1356.0, 2183.0, 433.0, 1889.0, 193.0, 1347.0, 191.0)
(1356.0, 2183.0, 1889.0, 193.0, 1905.0, 2121.0, 191.0)
(1356.0, 433.0, 192.0, 1889.0, 193.0, 2092.0, 191.0)
(1356.0, 433.0, 193.0, 1347.0, 2092.0, 2121.0, 191.0)
(2183.0, 433.0, 192.0, 1889.0, 1347.0, 1905.0, 191.0)
(2183.0, 192.0, 1889.0, 193.0, 2092.0, 2121.0, 191.0)
(1211.0, 2141.0, 2183.0, 192.0, 1889.0, 2092.0)
(1211.0, 1356.0, 192.0, 1889.0, 193.0, 1905.0)
(1211.0, 1889.0, 193.0, 1905.0, 2121.0, 191.0)
(2141.0, 1356.0, 2183.0, 1347.0, 1905.0, 2121.0)
(2141.0, 1356.0, 433.0, 1889.0, 1347.0, 2121.0)
(2141.0, 1356.0, 433.0, 1905.0, 2092.0, 191.0)
(2141.0, 2183.0, 433.0, 2092.0, 2121.0, 191.0)
(2141.0, 2183.0, 192.0, 193.0, 2092.0, 191.0)
(2141.0, 2183.0, 192.0, 2092.0, 2121.0, 191.0)
(2141.0, 433.0, 192.0, 1905.0, 2092.0, 2121.0)
(1356.0, 2183.0, 433.0, 192.0, 1889.0, 193.0)
Initial Choices:
---------------------------------------------------------------------------
Voter 1: ID 240; Choice (1356.0, 2183.0, 433.0, 1889.0, 193.0, 1347.0, 191.0) 
Voter 2: ID 225; Choice (2141.0, 1356.0, 2183.0, 1889.0, 1905.0, 2092.0, 2121.0) 
Voter 3: ID 219; Choice (1356.0, 433.0, 193.0, 1347.0, 2092.0, 2121.0, 191.0) 
Voter 4: ID 690; Choice (2141.0, 1356.0, 433.0, 192.0, 1889.0, 1347.0, 1905.0, 191.0) 
Voter 5: ID 311; Choice (2141.0, 1356.0, 192.0, 1889.0, 193.0, 1905.0, 191.0) 
Voter 6: ID 322; Choice (1356.0, 2183.0, 433.0, 1889.0, 193.0, 1347.0, 191.0) 
Voter 7: ID 144; Choice (2141.0, 2183.0, 192.0, 193.0, 2092.0, 191.0) 
Voter 8: ID 55; Choice (2141.0, 1356.0, 2183.0, 433.0, 1889.0, 1347.0, 1905.0) 
Voter 9: ID 222; Choice (1211.0, 2141.0, 2183.0, 192.0, 1889.0, 2092.0) 
Voter 10: ID 23; Choice (2183.0, 433.0, 192.0, 1889.0, 1347.0, 1905.0, 191.0) 
Voter 11: ID 12; Choice (2141.0, 1356.0, 2183.0, 433.0, 1889.0, 2121.0, 191.0) 
Voter 12: ID 27; Choice (2141.0, 433.0, 1889.0, 193.0, 1905.0, 2092.0, 2121.0, 191.0) 
Voter 13: ID 57; Choice (2141.0, 2183.0, 192.0, 193.0, 2092.0, 191.0) 
Voter 14: ID 393; Choice (2141.0, 2183.0, 433.0, 193.0, 1905.0, 2121.0, 191.0) 
Voter 15: ID 532; Choice (1211.0, 2141.0, 2183.0, 192.0, 1889.0, 2092.0) 
Voter 16: ID 346; Choice (2141.0, 433.0, 1889.0, 193.0, 1905.0, 2092.0, 2121.0, 191.0) 
Voter 17: ID 691; Choice (1356.0, 2183.0, 433.0, 192.0, 1889.0, 193.0) 
Voter 18: ID 487; Choice (2141.0, 1356.0, 1889.0, 1347.0, 1905.0, 2092.0, 2121.0, 191.0) 
Voter 19: ID 622; Choice (2141.0, 1356.0, 2183.0, 433.0, 192.0, 1347.0, 191.0) 
Voter 20: ID 563; Choice (1356.0, 2183.0, 433.0, 1889.0, 1905.0, 2092.0, 2121.0, 191.0) 
Voter 21: ID 371; Choice (1211.0, 1356.0, 2183.0, 192.0, 193.0, 1905.0, 2092.0, 191.0) 
Voter 22: ID 505; Choice (2141.0, 433.0, 192.0, 1889.0, 1347.0, 1905.0, 2092.0, 191.0) 
Voter 23: ID 395; Choice (2141.0, 2183.0, 433.0, 193.0, 1905.0, 2121.0, 191.0) 
Voter 24: ID 695; Choice (1356.0, 2183.0, 192.0, 193.0, 1347.0, 1905.0, 2092.0, 2121.0, 191.0) 
Voter 25: ID 521; Choice (1211.0, 1356.0, 192.0, 1889.0, 193.0, 1905.0) 
Voter 26: ID 625; Choice (1356.0, 2183.0, 192.0, 1889.0, 193.0, 1905.0, 2092.0, 191.0, 1347.0) 
Voter 27: ID 78; Choice (2141.0, 2183.0, 192.0, 193.0, 1347.0, 2092.0, 2121.0) 
Voter 28: ID 59; Choice (1356.0, 2183.0, 192.0, 1889.0, 193.0, 1905.0, 2092.0, 191.0, 1347.0) 
Voter 29: ID 462; Choice (1356.0, 2183.0, 192.0, 193.0, 1347.0, 1905.0, 2092.0, 2121.0, 191.0) 
Voter 30: ID 391; Choice (2141.0, 433.0, 192.0, 1889.0, 1347.0, 1905.0, 2092.0, 191.0) 
Voter 31: ID 687; Choice (2141.0, 433.0, 1889.0, 193.0, 1905.0, 2092.0, 2121.0, 191.0) 
Voter 32: ID 467; Choice (2141.0, 1356.0, 2183.0, 1889.0, 1905.0, 2092.0, 2121.0) 
Voter 33: ID 697; Choice (1211.0, 2183.0, 192.0, 1889.0, 193.0, 1905.0, 191.0) 
Voter 34: ID 227; Choice (2141.0, 1356.0, 433.0, 1889.0, 1347.0, 2121.0) 
Voter 35: ID 455; Choice (1356.0, 2183.0, 192.0, 1889.0, 193.0, 1905.0, 2092.0, 191.0, 1347.0) 
Voter 36: ID 141; Choice (2141.0, 1356.0, 2183.0, 433.0, 1889.0, 1347.0, 1905.0) 
Voter 37: ID 67; Choice (1356.0, 2183.0, 1889.0, 193.0, 1905.0, 2121.0, 191.0) 
Voter 38: ID 206; Choice (2141.0, 1356.0, 433.0, 1905.0, 2092.0, 191.0) 
Voter 39: ID 608; Choice (1211.0, 2141.0, 2183.0, 192.0, 1889.0, 2092.0) 
Voter 40: ID 324; Choice (2141.0, 1356.0, 192.0, 1889.0, 193.0, 1905.0, 191.0) 
Voter 41: ID 178; Choice (2141.0, 2183.0, 433.0, 193.0, 1905.0, 2121.0, 191.0) 
Voter 42: ID 606; Choice (1356.0, 2183.0, 192.0, 1889.0, 193.0, 1905.0, 2092.0, 191.0, 1347.0) 
Voter 43: ID 349; Choice (1211.0, 2141.0, 1356.0, 2183.0, 192.0, 193.0) 
Voter 44: ID 204; Choice (1211.0, 1356.0, 192.0, 1889.0, 193.0, 1905.0) 
Voter 45: ID 54; Choice (2183.0, 192.0, 1889.0, 193.0, 2092.0, 2121.0, 191.0) 
Voter 46: ID 694; Choice (1211.0, 1889.0, 193.0, 1905.0, 2121.0, 191.0) 
Voter 47: ID 479; Choice (1356.0, 2183.0, 192.0, 1889.0, 193.0, 1905.0, 2092.0, 191.0, 1347.0) 
Voter 48: ID 369; Choice (2141.0, 1356.0, 433.0, 1889.0, 1347.0, 2121.0) 
Voter 49: ID 484; Choice (1211.0, 2141.0, 1356.0, 2183.0, 192.0, 193.0) 
Voter 50: ID 14; Choice (2141.0, 1356.0, 192.0, 1889.0, 193.0, 1905.0, 191.0) 
---------------------------------------------------------------------------
After Iteration 1 :
Voter 1: ID 240; Choice (1356.0, 2183.0, 433.0, 192.0, 1889.0, 193.0) 
Voter 2: ID 225; Choice (1356.0, 2183.0, 433.0, 192.0, 193.0, 1347.0, 2092.0, 191.0) 
Voter 3: ID 219; Choice (1211.0, 2183.0, 192.0, 1889.0, 193.0, 1905.0, 191.0) 
Voter 4: ID 690; Choice (2141.0, 1356.0, 2183.0, 1889.0, 193.0, 1347.0, 1905.0, 2092.0) 
Voter 5: ID 311; Choice (1211.0, 1889.0, 193.0, 1905.0, 2121.0, 191.0) 
Voter 6: ID 322; Choice (2141.0, 1356.0, 1889.0, 1347.0, 1905.0, 2092.0, 2121.0, 191.0) 
Voter 7: ID 144; Choice (1211.0, 1889.0, 193.0, 1905.0, 2121.0, 191.0) 
Voter 8: ID 55; Choice (1356.0, 2183.0, 433.0, 192.0, 1889.0, 193.0) 
Voter 9: ID 222; Choice (1211.0, 1356.0, 2183.0, 192.0, 193.0, 1905.0, 2092.0, 191.0) 
Voter 10: ID 23; Choice (1211.0, 2183.0, 192.0, 1889.0, 193.0, 1905.0, 191.0) 
Voter 11: ID 12; Choice (1356.0, 2183.0, 433.0, 192.0, 1889.0, 1905.0, 2092.0, 191.0) 
Voter 12: ID 27; Choice (1356.0, 433.0, 193.0, 1347.0, 2092.0, 2121.0, 191.0) 
Voter 13: ID 57; Choice (2141.0, 2183.0, 1889.0, 193.0, 1347.0, 1905.0, 2092.0, 2121.0) 
Voter 14: ID 393; Choice (2141.0, 1356.0, 1889.0, 1347.0, 1905.0, 2092.0, 2121.0, 191.0) 
Voter 15: ID 532; Choice (2141.0, 1356.0, 2183.0, 1347.0, 1905.0, 2121.0) 
Voter 16: ID 346; Choice (2141.0, 1356.0, 1889.0, 1347.0, 1905.0, 2092.0, 2121.0, 191.0) 
Voter 17: ID 691; Choice (1356.0, 433.0, 192.0, 1889.0, 193.0, 2092.0, 191.0) 
Voter 18: ID 487; Choice (1211.0, 2141.0, 2183.0, 192.0, 1889.0, 2092.0) 
Voter 19: ID 622; Choice (1356.0, 2183.0, 433.0, 1889.0, 1905.0, 2092.0, 2121.0, 191.0) 
Voter 20: ID 563; Choice (1356.0, 2183.0, 433.0, 1889.0, 1905.0, 2092.0, 2121.0, 191.0) 
Voter 21: ID 371; Choice (2141.0, 2183.0, 192.0, 2092.0, 2121.0, 191.0) 
Voter 22: ID 505; Choice (2141.0, 1356.0, 2183.0, 433.0, 1889.0, 1347.0, 1905.0) 
Voter 23: ID 395; Choice (2141.0, 2183.0, 433.0, 193.0, 1905.0, 2121.0, 191.0) 
Voter 24: ID 695; Choice (1356.0, 433.0, 192.0, 193.0, 1347.0, 1905.0, 2121.0, 191.0) 
Voter 25: ID 521; Choice (1356.0, 433.0, 192.0, 193.0, 1347.0, 1905.0, 2121.0, 191.0) 
Voter 26: ID 625; Choice (1356.0, 433.0, 192.0, 193.0, 1347.0, 1905.0, 2121.0, 191.0) 
Voter 27: ID 78; Choice (1356.0, 2183.0, 433.0, 192.0, 1889.0, 193.0) 
Voter 28: ID 59; Choice (2141.0, 433.0, 192.0, 1889.0, 193.0, 2092.0, 2121.0) 
Voter 29: ID 462; Choice (1356.0, 433.0, 193.0, 1347.0, 2092.0, 2121.0, 191.0) 
Voter 30: ID 391; Choice (2141.0, 433.0, 1889.0, 193.0, 1905.0, 2092.0, 2121.0, 191.0) 
Voter 31: ID 687; Choice (2141.0, 1356.0, 2183.0, 1889.0, 193.0, 1347.0, 1905.0, 2092.0) 
Voter 32: ID 467; Choice (1356.0, 2183.0, 433.0, 192.0, 1889.0, 1905.0, 2092.0, 191.0) 
Voter 33: ID 697; Choice (2141.0, 2183.0, 433.0, 192.0, 1889.0, 193.0, 191.0) 
Voter 34: ID 227; Choice (1356.0, 433.0, 192.0, 193.0, 1347.0, 1905.0, 2121.0, 191.0) 
Voter 35: ID 455; Choice (1356.0, 2183.0, 433.0, 1889.0, 1905.0, 2092.0, 2121.0, 191.0) 
Voter 36: ID 141; Choice (2141.0, 2183.0, 1889.0, 193.0, 1347.0, 1905.0, 2092.0, 2121.0) 
Voter 37: ID 67; Choice (1356.0, 433.0, 192.0, 193.0, 1347.0, 1905.0, 2121.0, 191.0) 
Voter 38: ID 206; Choice (2141.0, 1356.0, 2183.0, 433.0, 1889.0, 2121.0, 191.0) 
Voter 39: ID 608; Choice (1356.0, 2183.0, 433.0, 192.0, 193.0, 1905.0, 2092.0) 
Voter 40: ID 324; Choice (2141.0, 2183.0, 433.0, 193.0, 1905.0, 2121.0, 191.0) 
Voter 41: ID 178; Choice (2141.0, 433.0, 1889.0, 193.0, 1905.0, 2092.0, 2121.0, 191.0) 
Voter 42: ID 606; Choice (2141.0, 433.0, 192.0, 1889.0, 1347.0, 1905.0, 2092.0, 191.0) 
Voter 43: ID 349; Choice (2141.0, 2183.0, 433.0, 193.0, 1905.0, 2121.0, 191.0) 
Voter 44: ID 204; Choice (2141.0, 1356.0, 2183.0, 433.0, 192.0, 1347.0, 191.0) 
Voter 45: ID 54; Choice (2141.0, 1356.0, 433.0, 1905.0, 2092.0, 191.0) 
Voter 46: ID 694; Choice (2141.0, 1356.0, 2183.0, 433.0, 1889.0, 1347.0, 1905.0) 
Voter 47: ID 479; Choice (2141.0, 1356.0, 433.0, 192.0, 1889.0, 1347.0, 1905.0, 191.0) 
Voter 48: ID 369; Choice (1211.0, 2141.0, 1356.0, 2183.0, 192.0, 193.0) 
Voter 49: ID 484; Choice (1211.0, 2183.0, 192.0, 1889.0, 193.0, 1905.0, 191.0) 
Voter 50: ID 14; Choice (1356.0, 2183.0, 433.0, 1889.0, 1905.0, 2092.0, 2121.0, 191.0) 
---------------------------------------------------------------------------
---------------------------------------------------------------------------
{(1356.0, 2183.0, 192.0, 1889.0, 193.0, 1905.0, 2092.0, 191.0, 1347.0): 0.22364029753939524, (1356.0, 2183.0, 192.0, 1889.0, 193.0, 1905.0, 2092.0, 191.0): 0, (1211.0, 2141.0, 1356.0, 2183.0, 192.0, 193.0): 0.06569192918175147, (1356.0, 2183.0, 192.0, 193.0, 1347.0, 1905.0, 2092.0, 2121.0, 191.0): 0, (1211.0, 1356.0, 2183.0, 192.0, 193.0, 1905.0, 2092.0, 191.0): 0.12966518733964408, (2141.0, 1356.0, 2183.0, 1889.0, 193.0, 1347.0, 1905.0, 2092.0): 0, (2141.0, 1356.0, 433.0, 192.0, 1889.0, 1347.0, 1905.0, 191.0): 0, (2141.0, 1356.0, 1889.0, 1347.0, 1905.0, 2092.0, 2121.0, 191.0): 0.12155105913756543, (2141.0, 2183.0, 1889.0, 193.0, 1347.0, 1905.0, 2092.0, 2121.0): 0, (2141.0, 433.0, 192.0, 1889.0, 1347.0, 1905.0, 2092.0, 191.0): 0, (2141.0, 433.0, 1889.0, 193.0, 1905.0, 2092.0, 2121.0, 191.0): 0, (1356.0, 2183.0, 433.0, 192.0, 1889.0, 1905.0, 2092.0, 191.0): 0, (1356.0, 2183.0, 433.0, 192.0, 193.0, 1347.0, 2092.0, 191.0): 0, (1356.0, 2183.0, 433.0, 1889.0, 1905.0, 2092.0, 2121.0, 191.0): 0, (1356.0, 433.0, 192.0, 193.0, 1347.0, 1905.0, 2121.0, 191.0): 0, (1211.0, 2183.0, 192.0, 1889.0, 193.0, 1905.0, 191.0): 0, (2141.0, 1356.0, 2183.0, 433.0, 192.0, 1347.0, 191.0): 0.09941477808301286, (2141.0, 1356.0, 2183.0, 433.0, 1889.0, 1347.0, 1905.0): 0, (2141.0, 1356.0, 2183.0, 433.0, 1889.0, 2121.0, 191.0): 0, (2141.0, 1356.0, 2183.0, 1889.0, 1905.0, 2092.0, 2121.0): 0.11514836858435268, (2141.0, 1356.0, 433.0, 1889.0, 193.0, 2092.0, 191.0): 0, (2141.0, 1356.0, 192.0, 1889.0, 193.0, 1905.0, 191.0): 0.1398256960084717, (2141.0, 2183.0, 433.0, 192.0, 1889.0, 193.0, 2121.0): 0, (2141.0, 2183.0, 433.0, 192.0, 1889.0, 193.0, 191.0): 0, (2141.0, 2183.0, 433.0, 193.0, 1905.0, 2121.0, 191.0): 0.047511585436068635, (2141.0, 2183.0, 192.0, 193.0, 1347.0, 2092.0, 2121.0): 0, (2141.0, 433.0, 192.0, 1889.0, 193.0, 2092.0, 2121.0): 0, (1356.0, 2183.0, 433.0, 192.0, 193.0, 1905.0, 2092.0): 0, (1356.0, 2183.0, 433.0, 1889.0, 193.0, 1347.0, 191.0): 0.13727878107954838, (1356.0, 2183.0, 1889.0, 193.0, 1905.0, 2121.0, 191.0): 0, (1356.0, 433.0, 192.0, 1889.0, 193.0, 2092.0, 191.0): 0, (1356.0, 433.0, 193.0, 1347.0, 2092.0, 2121.0, 191.0): 0.08361153450060879, (2183.0, 433.0, 192.0, 1889.0, 1347.0, 1905.0, 191.0): 0.11443299655784103, (2183.0, 192.0, 1889.0, 193.0, 2092.0, 2121.0, 191.0): 0, (1211.0, 2141.0, 2183.0, 192.0, 1889.0, 2092.0): 0, (1211.0, 1356.0, 192.0, 1889.0, 193.0, 1905.0): 0, (1211.0, 1889.0, 193.0, 1905.0, 2121.0, 191.0): 0, (2141.0, 1356.0, 2183.0, 1347.0, 1905.0, 2121.0): 0, (2141.0, 1356.0, 433.0, 1889.0, 1347.0, 2121.0): 0.036932183519054584, (2141.0, 1356.0, 433.0, 1905.0, 2092.0, 191.0): 0.0593151684729468, (2141.0, 2183.0, 433.0, 2092.0, 2121.0, 191.0): 0, (2141.0, 2183.0, 192.0, 193.0, 2092.0, 191.0): 0.12311167211104035, (2141.0, 2183.0, 192.0, 2092.0, 2121.0, 191.0): 0, (2141.0, 433.0, 192.0, 1905.0, 2092.0, 2121.0): 0, (1356.0, 2183.0, 433.0, 192.0, 1889.0, 193.0): 0}
After Iteration 2 :
Voter 1: ID 240; Choice (2141.0, 1356.0, 192.0, 1889.0, 193.0, 1905.0, 191.0) 
Voter 2: ID 225; Choice (1211.0, 1356.0, 192.0, 1889.0, 193.0, 1905.0) 
Voter 3: ID 219; Choice (2141.0, 2183.0, 192.0, 193.0, 2092.0, 191.0) 
Voter 4: ID 690; Choice (2141.0, 2183.0, 433.0, 192.0, 1889.0, 193.0, 2121.0) 
Voter 5: ID 311; Choice (2141.0, 1356.0, 433.0, 1889.0, 1347.0, 2121.0) 
Voter 6: ID 322; Choice (1211.0, 1356.0, 2183.0, 192.0, 193.0, 1905.0, 2092.0, 191.0) 
Voter 7: ID 144; Choice (1356.0, 2183.0, 433.0, 1889.0, 193.0, 1347.0, 191.0) 
Voter 8: ID 55; Choice (2141.0, 1356.0, 2183.0, 1889.0, 193.0, 1347.0, 1905.0, 2092.0) 
Voter 9: ID 222; Choice (2141.0, 2183.0, 192.0, 193.0, 2092.0, 191.0) 
Voter 10: ID 23; Choice (2141.0, 1356.0, 1889.0, 1347.0, 1905.0, 2092.0, 2121.0, 191.0) 
Voter 11: ID 12; Choice (1356.0, 2183.0, 192.0, 193.0, 1347.0, 1905.0, 2092.0, 2121.0, 191.0) 
Voter 12: ID 27; Choice (2141.0, 1356.0, 1889.0, 1347.0, 1905.0, 2092.0, 2121.0, 191.0) 
Voter 13: ID 57; Choice (1211.0, 2141.0, 1356.0, 2183.0, 192.0, 193.0) 
Voter 14: ID 393; Choice (2141.0, 433.0, 1889.0, 193.0, 1905.0, 2092.0, 2121.0, 191.0) 
Voter 15: ID 532; Choice (2141.0, 2183.0, 433.0, 2092.0, 2121.0, 191.0) 
Voter 16: ID 346; Choice (1356.0, 2183.0, 433.0, 1889.0, 193.0, 1347.0, 191.0) 
Voter 17: ID 691; Choice (1356.0, 2183.0, 433.0, 192.0, 1889.0, 1905.0, 2092.0, 191.0) 
Voter 18: ID 487; Choice (1356.0, 2183.0, 433.0, 192.0, 193.0, 1347.0, 2092.0, 191.0) 
Voter 19: ID 622; Choice (2141.0, 1356.0, 2183.0, 433.0, 1889.0, 2121.0, 191.0) 
Voter 20: ID 563; Choice (1356.0, 2183.0, 433.0, 192.0, 193.0, 1905.0, 2092.0) 
Voter 21: ID 371; Choice (2141.0, 1356.0, 433.0, 1889.0, 193.0, 2092.0, 191.0) 
Voter 22: ID 505; Choice (2141.0, 433.0, 192.0, 1905.0, 2092.0, 2121.0) 
Voter 23: ID 395; Choice (1356.0, 2183.0, 192.0, 193.0, 1347.0, 1905.0, 2092.0, 2121.0, 191.0) 
Voter 24: ID 695; Choice (2183.0, 433.0, 192.0, 1889.0, 1347.0, 1905.0, 191.0) 
Voter 25: ID 521; Choice (1356.0, 2183.0, 192.0, 193.0, 1347.0, 1905.0, 2092.0, 2121.0, 191.0) 
Voter 26: ID 625; Choice (1356.0, 2183.0, 1889.0, 193.0, 1905.0, 2121.0, 191.0) 
Voter 27: ID 78; Choice (2141.0, 433.0, 192.0, 1889.0, 1347.0, 1905.0, 2092.0, 191.0) 
Voter 28: ID 59; Choice (2141.0, 2183.0, 433.0, 2092.0, 2121.0, 191.0) 
Voter 29: ID 462; Choice (2141.0, 433.0, 1889.0, 193.0, 1905.0, 2092.0, 2121.0, 191.0) 
Voter 30: ID 391; Choice (2141.0, 2183.0, 433.0, 2092.0, 2121.0, 191.0) 
Voter 31: ID 687; Choice (2141.0, 433.0, 192.0, 1905.0, 2092.0, 2121.0) 
Voter 32: ID 467; Choice (2141.0, 433.0, 192.0, 1905.0, 2092.0, 2121.0) 
Voter 33: ID 697; Choice (2141.0, 2183.0, 433.0, 192.0, 1889.0, 193.0, 2121.0) 
Voter 34: ID 227; Choice (1356.0, 2183.0, 433.0, 192.0, 1889.0, 193.0) 
Voter 35: ID 455; Choice (2141.0, 1356.0, 2183.0, 1347.0, 1905.0, 2121.0) 
Voter 36: ID 141; Choice (2141.0, 2183.0, 433.0, 192.0, 1889.0, 193.0, 191.0) 
Voter 37: ID 67; Choice (1356.0, 2183.0, 192.0, 1889.0, 193.0, 1905.0, 2092.0, 191.0, 1347.0) 
Voter 38: ID 206; Choice (2141.0, 433.0, 192.0, 1889.0, 1347.0, 1905.0, 2092.0, 191.0) 
Voter 39: ID 608; Choice (1356.0, 433.0, 192.0, 193.0, 1347.0, 1905.0, 2121.0, 191.0) 
Voter 40: ID 324; Choice (2141.0, 1356.0, 433.0, 1889.0, 1347.0, 2121.0) 
Voter 41: ID 178; Choice (1356.0, 2183.0, 192.0, 1889.0, 193.0, 1905.0, 2092.0, 191.0, 1347.0) 
Voter 42: ID 606; Choice (1356.0, 2183.0, 433.0, 192.0, 1889.0, 193.0) 
Voter 43: ID 349; Choice (2141.0, 2183.0, 192.0, 2092.0, 2121.0, 191.0) 
Voter 44: ID 204; Choice (2141.0, 1356.0, 2183.0, 433.0, 1889.0, 1347.0, 1905.0) 
Voter 45: ID 54; Choice (2141.0, 2183.0, 433.0, 193.0, 1905.0, 2121.0, 191.0) 
Voter 46: ID 694; Choice (2141.0, 1356.0, 433.0, 1889.0, 193.0, 2092.0, 191.0) 
Voter 47: ID 479; Choice (1356.0, 2183.0, 1889.0, 193.0, 1905.0, 2121.0, 191.0) 
Voter 48: ID 369; Choice (1211.0, 1889.0, 193.0, 1905.0, 2121.0, 191.0) 
Voter 49: ID 484; Choice (2141.0, 2183.0, 1889.0, 193.0, 1347.0, 1905.0, 2092.0, 2121.0) 
Voter 50: ID 14; Choice (2141.0, 433.0, 1889.0, 193.0, 1905.0, 2092.0, 2121.0, 191.0) 
---------------------------------------------------------------------------
After Iteration 3 :
Voter 1: ID 240; Choice (2141.0, 1356.0, 2183.0, 433.0, 1889.0, 2121.0, 191.0) 
Voter 2: ID 225; Choice (1211.0, 2183.0, 192.0, 1889.0, 193.0, 1905.0, 191.0) 
Voter 3: ID 219; Choice (2141.0, 2183.0, 1889.0, 193.0, 1347.0, 1905.0, 2092.0, 2121.0) 
Voter 4: ID 690; Choice (2141.0, 1356.0, 433.0, 192.0, 1889.0, 1347.0, 1905.0, 191.0) 
Voter 5: ID 311; Choice (1211.0, 2141.0, 1356.0, 2183.0, 192.0, 193.0) 
Voter 6: ID 322; Choice (1356.0, 2183.0, 433.0, 192.0, 193.0, 1347.0, 2092.0, 191.0) 
Voter 7: ID 144; Choice (2141.0, 2183.0, 192.0, 193.0, 1347.0, 2092.0, 2121.0) 
Voter 8: ID 55; Choice (1356.0, 2183.0, 433.0, 1889.0, 193.0, 1347.0, 191.0) 
Voter 9: ID 222; Choice (2141.0, 433.0, 192.0, 1889.0, 1347.0, 1905.0, 2092.0, 191.0) 
Voter 10: ID 23; Choice (2141.0, 2183.0, 1889.0, 193.0, 1347.0, 1905.0, 2092.0, 2121.0) 
Voter 11: ID 12; Choice (1356.0, 2183.0, 192.0, 1889.0, 193.0, 1905.0, 2092.0, 191.0, 1347.0) 
Voter 12: ID 27; Choice (1356.0, 2183.0, 192.0, 193.0, 1347.0, 1905.0, 2092.0, 2121.0, 191.0) 
Voter 13: ID 57; Choice (2141.0, 1356.0, 2183.0, 1889.0, 1905.0, 2092.0, 2121.0) 
Voter 14: ID 393; Choice (1356.0, 2183.0, 433.0, 192.0, 1889.0, 1905.0, 2092.0, 191.0) 
Voter 15: ID 532; Choice (2141.0, 2183.0, 433.0, 192.0, 1889.0, 193.0, 2121.0) 
Voter 16: ID 346; Choice (2141.0, 2183.0, 433.0, 2092.0, 2121.0, 191.0) 
Voter 17: ID 691; Choice (2141.0, 1356.0, 433.0, 1889.0, 193.0, 2092.0, 191.0) 
Voter 18: ID 487; Choice (2183.0, 433.0, 192.0, 1889.0, 1347.0, 1905.0, 191.0) 
Voter 19: ID 622; Choice (2141.0, 1356.0, 433.0, 1889.0, 193.0, 2092.0, 191.0) 
Voter 20: ID 563; Choice (2141.0, 1356.0, 433.0, 1905.0, 2092.0, 191.0) 
Voter 21: ID 371; Choice (2141.0, 1356.0, 433.0, 1889.0, 1347.0, 2121.0) 
Voter 22: ID 505; Choice (1356.0, 2183.0, 192.0, 1889.0, 193.0, 1905.0, 2092.0, 191.0, 1347.0) 
Voter 23: ID 395; Choice (1211.0, 2141.0, 1356.0, 2183.0, 192.0, 193.0) 
Voter 24: ID 695; Choice (2141.0, 1356.0, 2183.0, 433.0, 1889.0, 2121.0, 191.0) 
Voter 25: ID 521; Choice (2141.0, 1356.0, 2183.0, 433.0, 192.0, 1347.0, 191.0) 
Voter 26: ID 625; Choice (1356.0, 2183.0, 192.0, 1889.0, 193.0, 1905.0, 2092.0, 191.0) 
Voter 27: ID 78; Choice (2141.0, 433.0, 192.0, 1905.0, 2092.0, 2121.0) 
Voter 28: ID 59; Choice (1211.0, 1356.0, 192.0, 1889.0, 193.0, 1905.0) 
Voter 29: ID 462; Choice (2141.0, 1356.0, 433.0, 192.0, 1889.0, 1347.0, 1905.0, 191.0) 
Voter 30: ID 391; Choice (2141.0, 1356.0, 192.0, 1889.0, 193.0, 1905.0, 191.0) 
Voter 31: ID 687; Choice (1211.0, 2141.0, 1356.0, 2183.0, 192.0, 193.0) 
Voter 32: ID 467; Choice (2141.0, 2183.0, 192.0, 193.0, 2092.0, 191.0) 
Voter 33: ID 697; Choice (2183.0, 192.0, 1889.0, 193.0, 2092.0, 2121.0, 191.0) 
Voter 34: ID 227; Choice (2141.0, 1356.0, 433.0, 1889.0, 1347.0, 2121.0) 
Voter 35: ID 455; Choice (1356.0, 2183.0, 192.0, 1889.0, 193.0, 1905.0, 2092.0, 191.0, 1347.0) 
Voter 36: ID 141; Choice (2141.0, 1356.0, 433.0, 1905.0, 2092.0, 191.0) 
Voter 37: ID 67; Choice (2141.0, 1356.0, 2183.0, 1889.0, 193.0, 1347.0, 1905.0, 2092.0) 
Voter 38: ID 206; Choice (2141.0, 1356.0, 2183.0, 433.0, 1889.0, 1347.0, 1905.0) 
Voter 39: ID 608; Choice (1356.0, 2183.0, 433.0, 192.0, 1889.0, 1905.0, 2092.0, 191.0) 
Voter 40: ID 324; Choice (1356.0, 2183.0, 433.0, 192.0, 1889.0, 1905.0, 2092.0, 191.0) 
Voter 41: ID 178; Choice (2141.0, 1356.0, 1889.0, 1347.0, 1905.0, 2092.0, 2121.0, 191.0) 
Voter 42: ID 606; Choice (1356.0, 2183.0, 433.0, 192.0, 193.0, 1905.0, 2092.0) 
Voter 43: ID 349; Choice (2141.0, 2183.0, 433.0, 2092.0, 2121.0, 191.0) 
Voter 44: ID 204; Choice (1211.0, 2141.0, 1356.0, 2183.0, 192.0, 193.0) 
Voter 45: ID 54; Choice (1211.0, 1889.0, 193.0, 1905.0, 2121.0, 191.0) 
Voter 46: ID 694; Choice (1356.0, 2183.0, 433.0, 192.0, 193.0, 1905.0, 2092.0) 
Voter 47: ID 479; Choice (1211.0, 2183.0, 192.0, 1889.0, 193.0, 1905.0, 191.0) 
Voter 48: ID 369; Choice (1211.0, 2141.0, 2183.0, 192.0, 1889.0, 2092.0) 
Voter 49: ID 484; Choice (1356.0, 2183.0, 433.0, 1889.0, 193.0, 1347.0, 191.0) 
Voter 50: ID 14; Choice (2141.0, 2183.0, 1889.0, 193.0, 1347.0, 1905.0, 2092.0, 2121.0) 
---------------------------------------------------------------------------
After Iteration 4 :
Voter 1: ID 240; Choice (1356.0, 2183.0, 192.0, 1889.0, 193.0, 1905.0, 2092.0, 191.0, 1347.0) 
Voter 2: ID 225; Choice (1356.0, 2183.0, 192.0, 1889.0, 193.0, 1905.0, 2092.0, 191.0, 1347.0) 
Voter 3: ID 219; Choice (1356.0, 2183.0, 192.0, 1889.0, 193.0, 1905.0, 2092.0, 191.0, 1347.0) 
Voter 4: ID 690; Choice (1356.0, 2183.0, 192.0, 1889.0, 193.0, 1905.0, 2092.0, 191.0, 1347.0) 
Voter 5: ID 311; Choice (1356.0, 2183.0, 192.0, 1889.0, 193.0, 1905.0, 2092.0, 191.0, 1347.0) 
Voter 6: ID 322; Choice (1356.0, 2183.0, 192.0, 1889.0, 193.0, 1905.0, 2092.0, 191.0, 1347.0) 
Voter 7: ID 144; Choice (1356.0, 2183.0, 192.0, 1889.0, 193.0, 1905.0, 2092.0, 191.0, 1347.0) 
Voter 8: ID 55; Choice (1356.0, 2183.0, 192.0, 1889.0, 193.0, 1905.0, 2092.0, 191.0, 1347.0) 
Voter 9: ID 222; Choice (2141.0, 2183.0, 192.0, 193.0, 2092.0, 191.0) 
Voter 10: ID 23; Choice (1356.0, 2183.0, 192.0, 1889.0, 193.0, 1905.0, 2092.0, 191.0, 1347.0) 
Voter 11: ID 12; Choice (1356.0, 2183.0, 192.0, 193.0, 1347.0, 1905.0, 2092.0, 2121.0, 191.0) 
Voter 12: ID 27; Choice (1356.0, 2183.0, 192.0, 1889.0, 193.0, 1905.0, 2092.0, 191.0, 1347.0) 
Voter 13: ID 57; Choice (1356.0, 2183.0, 192.0, 1889.0, 193.0, 1905.0, 2092.0, 191.0, 1347.0) 
Voter 14: ID 393; Choice (1211.0, 1356.0, 192.0, 1889.0, 193.0, 1905.0) 
Voter 15: ID 532; Choice (1356.0, 2183.0, 192.0, 1889.0, 193.0, 1905.0, 2092.0, 191.0, 1347.0) 
Voter 16: ID 346; Choice (1356.0, 2183.0, 192.0, 1889.0, 193.0, 1905.0, 2092.0, 191.0, 1347.0) 
Voter 17: ID 691; Choice (1356.0, 2183.0, 192.0, 1889.0, 193.0, 1905.0, 2092.0, 191.0, 1347.0) 
Voter 18: ID 487; Choice (1356.0, 2183.0, 192.0, 1889.0, 193.0, 1905.0, 2092.0, 191.0, 1347.0) 
Voter 19: ID 622; Choice (1356.0, 2183.0, 192.0, 1889.0, 193.0, 1905.0, 2092.0, 191.0, 1347.0) 
Voter 20: ID 563; Choice (1356.0, 2183.0, 192.0, 1889.0, 193.0, 1905.0, 2092.0, 191.0, 1347.0) 
Voter 21: ID 371; Choice (1356.0, 2183.0, 192.0, 1889.0, 193.0, 1905.0, 2092.0, 191.0, 1347.0) 
Voter 22: ID 505; Choice (1356.0, 2183.0, 192.0, 1889.0, 193.0, 1905.0, 2092.0, 191.0, 1347.0) 
Voter 23: ID 395; Choice (1356.0, 2183.0, 192.0, 193.0, 1347.0, 1905.0, 2092.0, 2121.0, 191.0) 
Voter 24: ID 695; Choice (1356.0, 2183.0, 192.0, 1889.0, 193.0, 1905.0, 2092.0, 191.0, 1347.0) 
Voter 25: ID 521; Choice (1356.0, 2183.0, 192.0, 1889.0, 193.0, 1905.0, 2092.0, 191.0, 1347.0) 
Voter 26: ID 625; Choice (1356.0, 2183.0, 1889.0, 193.0, 1905.0, 2121.0, 191.0) 
Voter 27: ID 78; Choice (1356.0, 2183.0, 192.0, 1889.0, 193.0, 1905.0, 2092.0, 191.0, 1347.0) 
Voter 28: ID 59; Choice (1356.0, 2183.0, 192.0, 1889.0, 193.0, 1905.0, 2092.0, 191.0, 1347.0) 
Voter 29: ID 462; Choice (1356.0, 2183.0, 192.0, 1889.0, 193.0, 1905.0, 2092.0, 191.0, 1347.0) 
Voter 30: ID 391; Choice (1356.0, 2183.0, 192.0, 1889.0, 193.0, 1905.0, 2092.0, 191.0, 1347.0) 
Voter 31: ID 687; Choice (1356.0, 2183.0, 192.0, 1889.0, 193.0, 1905.0, 2092.0, 191.0, 1347.0) 
Voter 32: ID 467; Choice (1356.0, 2183.0, 192.0, 1889.0, 193.0, 1905.0, 2092.0, 191.0, 1347.0) 
Voter 33: ID 697; Choice (1356.0, 2183.0, 192.0, 1889.0, 193.0, 1905.0, 2092.0, 191.0, 1347.0) 
Voter 34: ID 227; Choice (1356.0, 2183.0, 433.0, 192.0, 1889.0, 193.0) 
Voter 35: ID 455; Choice (1356.0, 2183.0, 192.0, 1889.0, 193.0, 1905.0, 2092.0, 191.0, 1347.0) 
Voter 36: ID 141; Choice (1356.0, 2183.0, 192.0, 1889.0, 193.0, 1905.0, 2092.0, 191.0, 1347.0) 
Voter 37: ID 67; Choice (1356.0, 2183.0, 192.0, 1889.0, 193.0, 1905.0, 2092.0, 191.0, 1347.0) 
Voter 38: ID 206; Choice (1356.0, 2183.0, 192.0, 1889.0, 193.0, 1905.0, 2092.0, 191.0, 1347.0) 
Voter 39: ID 608; Choice (1356.0, 2183.0, 192.0, 1889.0, 193.0, 1905.0, 2092.0, 191.0, 1347.0) 
Voter 40: ID 324; Choice (1356.0, 2183.0, 192.0, 1889.0, 193.0, 1905.0, 2092.0, 191.0, 1347.0) 
Voter 41: ID 178; Choice (1356.0, 2183.0, 192.0, 1889.0, 193.0, 1905.0, 2092.0, 191.0, 1347.0) 
Voter 42: ID 606; Choice (1356.0, 2183.0, 433.0, 192.0, 1889.0, 193.0) 
Voter 43: ID 349; Choice (1356.0, 2183.0, 192.0, 1889.0, 193.0, 1905.0, 2092.0, 191.0, 1347.0) 
Voter 44: ID 204; Choice (1356.0, 2183.0, 192.0, 1889.0, 193.0, 1905.0, 2092.0, 191.0, 1347.0) 
Voter 45: ID 54; Choice (1356.0, 2183.0, 192.0, 1889.0, 193.0, 1905.0, 2092.0, 191.0, 1347.0) 
Voter 46: ID 694; Choice (1356.0, 2183.0, 192.0, 1889.0, 193.0, 1905.0, 2092.0, 191.0, 1347.0) 
Voter 47: ID 479; Choice (1356.0, 2183.0, 192.0, 1889.0, 193.0, 1905.0, 2092.0, 191.0, 1347.0) 
Voter 48: ID 369; Choice (1356.0, 2183.0, 192.0, 1889.0, 193.0, 1905.0, 2092.0, 191.0, 1347.0) 
Voter 49: ID 484; Choice (1356.0, 2183.0, 192.0, 1889.0, 193.0, 1905.0, 2092.0, 191.0, 1347.0) 
Voter 50: ID 14; Choice (1356.0, 2183.0, 192.0, 1889.0, 193.0, 1905.0, 2092.0, 191.0, 1347.0) 
---------------------------------------------------------------------------
After Iteration 5 :
Voter 1: ID 240; Choice (1356.0, 2183.0, 192.0, 1889.0, 193.0, 1905.0, 2092.0, 191.0, 1347.0) 
Voter 2: ID 225; Choice (1356.0, 2183.0, 192.0, 1889.0, 193.0, 1905.0, 2092.0, 191.0, 1347.0) 
Voter 3: ID 219; Choice (1356.0, 2183.0, 192.0, 1889.0, 193.0, 1905.0, 2092.0, 191.0, 1347.0) 
Voter 4: ID 690; Choice (1356.0, 2183.0, 192.0, 1889.0, 193.0, 1905.0, 2092.0, 191.0, 1347.0) 
Voter 5: ID 311; Choice (1356.0, 2183.0, 192.0, 1889.0, 193.0, 1905.0, 2092.0, 191.0, 1347.0) 
Voter 6: ID 322; Choice (1356.0, 2183.0, 192.0, 1889.0, 193.0, 1905.0, 2092.0, 191.0, 1347.0) 
Voter 7: ID 144; Choice (1356.0, 2183.0, 192.0, 1889.0, 193.0, 1905.0, 2092.0, 191.0, 1347.0) 
Voter 8: ID 55; Choice (1356.0, 2183.0, 192.0, 1889.0, 193.0, 1905.0, 2092.0, 191.0, 1347.0) 
Voter 9: ID 222; Choice (2141.0, 2183.0, 192.0, 193.0, 2092.0, 191.0) 
Voter 10: ID 23; Choice (1356.0, 2183.0, 192.0, 1889.0, 193.0, 1905.0, 2092.0, 191.0, 1347.0) 
Voter 11: ID 12; Choice (1356.0, 2183.0, 192.0, 1889.0, 193.0, 1905.0, 2092.0, 191.0, 1347.0) 
Voter 12: ID 27; Choice (1356.0, 2183.0, 192.0, 1889.0, 193.0, 1905.0, 2092.0, 191.0, 1347.0) 
Voter 13: ID 57; Choice (1356.0, 2183.0, 192.0, 1889.0, 193.0, 1905.0, 2092.0, 191.0, 1347.0) 
Voter 14: ID 393; Choice (1356.0, 2183.0, 192.0, 1889.0, 193.0, 1905.0, 2092.0, 191.0, 1347.0) 
Voter 15: ID 532; Choice (1356.0, 2183.0, 192.0, 1889.0, 193.0, 1905.0, 2092.0, 191.0, 1347.0) 
Voter 16: ID 346; Choice (1356.0, 2183.0, 192.0, 1889.0, 193.0, 1905.0, 2092.0, 191.0, 1347.0) 
Voter 17: ID 691; Choice (1356.0, 2183.0, 192.0, 1889.0, 193.0, 1905.0, 2092.0, 191.0, 1347.0) 
Voter 18: ID 487; Choice (1356.0, 2183.0, 192.0, 1889.0, 193.0, 1905.0, 2092.0, 191.0, 1347.0) 
Voter 19: ID 622; Choice (1356.0, 2183.0, 192.0, 1889.0, 193.0, 1905.0, 2092.0, 191.0, 1347.0) 
Voter 20: ID 563; Choice (1356.0, 2183.0, 192.0, 1889.0, 193.0, 1905.0, 2092.0, 191.0, 1347.0) 
Voter 21: ID 371; Choice (1356.0, 2183.0, 192.0, 1889.0, 193.0, 1905.0, 2092.0, 191.0, 1347.0) 
Voter 22: ID 505; Choice (1356.0, 2183.0, 192.0, 1889.0, 193.0, 1905.0, 2092.0, 191.0, 1347.0) 
Voter 23: ID 395; Choice (1356.0, 2183.0, 192.0, 193.0, 1347.0, 1905.0, 2092.0, 2121.0, 191.0) 
Voter 24: ID 695; Choice (1356.0, 2183.0, 192.0, 1889.0, 193.0, 1905.0, 2092.0, 191.0, 1347.0) 
Voter 25: ID 521; Choice (1356.0, 2183.0, 192.0, 1889.0, 193.0, 1905.0, 2092.0, 191.0, 1347.0) 
Voter 26: ID 625; Choice (1356.0, 2183.0, 1889.0, 193.0, 1905.0, 2121.0, 191.0) 
Voter 27: ID 78; Choice (1356.0, 2183.0, 192.0, 1889.0, 193.0, 1905.0, 2092.0, 191.0, 1347.0) 
Voter 28: ID 59; Choice (1356.0, 2183.0, 192.0, 1889.0, 193.0, 1905.0, 2092.0, 191.0, 1347.0) 
Voter 29: ID 462; Choice (1356.0, 2183.0, 192.0, 1889.0, 193.0, 1905.0, 2092.0, 191.0, 1347.0) 
Voter 30: ID 391; Choice (2141.0, 1356.0, 192.0, 1889.0, 193.0, 1905.0, 191.0) 
Voter 31: ID 687; Choice (1356.0, 2183.0, 192.0, 1889.0, 193.0, 1905.0, 2092.0, 191.0, 1347.0) 
Voter 32: ID 467; Choice (1356.0, 2183.0, 192.0, 1889.0, 193.0, 1905.0, 2092.0, 191.0, 1347.0) 
Voter 33: ID 697; Choice (1356.0, 2183.0, 192.0, 1889.0, 193.0, 1905.0, 2092.0, 191.0, 1347.0) 
Voter 34: ID 227; Choice (1356.0, 2183.0, 192.0, 1889.0, 193.0, 1905.0, 2092.0, 191.0, 1347.0) 
Voter 35: ID 455; Choice (1356.0, 2183.0, 192.0, 1889.0, 193.0, 1905.0, 2092.0, 191.0, 1347.0) 
Voter 36: ID 141; Choice (1356.0, 2183.0, 192.0, 1889.0, 193.0, 1905.0, 2092.0, 191.0, 1347.0) 
Voter 37: ID 67; Choice (1356.0, 2183.0, 192.0, 1889.0, 193.0, 1905.0, 2092.0, 191.0, 1347.0) 
Voter 38: ID 206; Choice (1356.0, 2183.0, 192.0, 1889.0, 193.0, 1905.0, 2092.0, 191.0, 1347.0) 
Voter 39: ID 608; Choice (1356.0, 2183.0, 192.0, 1889.0, 193.0, 1905.0, 2092.0, 191.0, 1347.0) 
Voter 40: ID 324; Choice (1356.0, 2183.0, 192.0, 1889.0, 193.0, 1905.0, 2092.0, 191.0, 1347.0) 
Voter 41: ID 178; Choice (2141.0, 1356.0, 1889.0, 1347.0, 1905.0, 2092.0, 2121.0, 191.0) 
Voter 42: ID 606; Choice (1356.0, 2183.0, 192.0, 1889.0, 193.0, 1905.0, 2092.0, 191.0, 1347.0) 
Voter 43: ID 349; Choice (1356.0, 2183.0, 192.0, 1889.0, 193.0, 1905.0, 2092.0, 191.0, 1347.0) 
Voter 44: ID 204; Choice (1356.0, 2183.0, 192.0, 1889.0, 193.0, 1905.0, 2092.0, 191.0, 1347.0) 
Voter 45: ID 54; Choice (1356.0, 2183.0, 192.0, 1889.0, 193.0, 1905.0, 2092.0, 191.0, 1347.0) 
Voter 46: ID 694; Choice (1356.0, 2183.0, 192.0, 1889.0, 193.0, 1905.0, 2092.0, 191.0, 1347.0) 
Voter 47: ID 479; Choice (1356.0, 2183.0, 192.0, 1889.0, 193.0, 1905.0, 2092.0, 191.0, 1347.0) 
Voter 48: ID 369; Choice (1356.0, 2183.0, 192.0, 1889.0, 193.0, 1905.0, 2092.0, 191.0, 1347.0) 
Voter 49: ID 484; Choice (1356.0, 2183.0, 192.0, 1889.0, 193.0, 1905.0, 2092.0, 191.0, 1347.0) 
Voter 50: ID 14; Choice (1356.0, 2183.0, 192.0, 1889.0, 193.0, 1905.0, 2092.0, 191.0, 1347.0) 
---------------------------------------------------------------------------
After Iteration 6 :
Voter 1: ID 240; Choice (1356.0, 2183.0, 192.0, 1889.0, 193.0, 1905.0, 2092.0, 191.0, 1347.0) 
Voter 2: ID 225; Choice (1356.0, 2183.0, 192.0, 1889.0, 193.0, 1905.0, 2092.0, 191.0, 1347.0) 
Voter 3: ID 219; Choice (1356.0, 2183.0, 192.0, 1889.0, 193.0, 1905.0, 2092.0, 191.0, 1347.0) 
Voter 4: ID 690; Choice (1356.0, 2183.0, 192.0, 1889.0, 193.0, 1905.0, 2092.0, 191.0, 1347.0) 
Voter 5: ID 311; Choice (1356.0, 2183.0, 192.0, 1889.0, 193.0, 1905.0, 2092.0, 191.0, 1347.0) 
Voter 6: ID 322; Choice (1356.0, 2183.0, 192.0, 1889.0, 193.0, 1905.0, 2092.0, 191.0, 1347.0) 
Voter 7: ID 144; Choice (1356.0, 2183.0, 192.0, 1889.0, 193.0, 1905.0, 2092.0, 191.0, 1347.0) 
Voter 8: ID 55; Choice (1356.0, 2183.0, 192.0, 1889.0, 193.0, 1905.0, 2092.0, 191.0, 1347.0) 
Voter 9: ID 222; Choice (1356.0, 2183.0, 192.0, 1889.0, 193.0, 1905.0, 2092.0, 191.0, 1347.0) 
Voter 10: ID 23; Choice (1356.0, 2183.0, 192.0, 1889.0, 193.0, 1905.0, 2092.0, 191.0, 1347.0) 
Voter 11: ID 12; Choice (1356.0, 2183.0, 192.0, 193.0, 1347.0, 1905.0, 2092.0, 2121.0, 191.0) 
Voter 12: ID 27; Choice (1356.0, 2183.0, 192.0, 1889.0, 193.0, 1905.0, 2092.0, 191.0, 1347.0) 
Voter 13: ID 57; Choice (1356.0, 2183.0, 192.0, 1889.0, 193.0, 1905.0, 2092.0, 191.0, 1347.0) 
Voter 14: ID 393; Choice (1356.0, 2183.0, 192.0, 1889.0, 193.0, 1905.0, 2092.0, 191.0, 1347.0) 
Voter 15: ID 532; Choice (1356.0, 2183.0, 192.0, 1889.0, 193.0, 1905.0, 2092.0, 191.0, 1347.0) 
Voter 16: ID 346; Choice (1356.0, 2183.0, 192.0, 1889.0, 193.0, 1905.0, 2092.0, 191.0, 1347.0) 
Voter 17: ID 691; Choice (1356.0, 2183.0, 192.0, 1889.0, 193.0, 1905.0, 2092.0, 191.0, 1347.0) 
Voter 18: ID 487; Choice (1356.0, 2183.0, 192.0, 1889.0, 193.0, 1905.0, 2092.0, 191.0, 1347.0) 
Voter 19: ID 622; Choice (1356.0, 2183.0, 192.0, 1889.0, 193.0, 1905.0, 2092.0, 191.0, 1347.0) 
Voter 20: ID 563; Choice (1356.0, 2183.0, 192.0, 1889.0, 193.0, 1905.0, 2092.0, 191.0, 1347.0) 
Voter 21: ID 371; Choice (1356.0, 2183.0, 192.0, 1889.0, 193.0, 1905.0, 2092.0, 191.0, 1347.0) 
Voter 22: ID 505; Choice (1356.0, 2183.0, 192.0, 1889.0, 193.0, 1905.0, 2092.0, 191.0, 1347.0) 
Voter 23: ID 395; Choice (1356.0, 2183.0, 192.0, 1889.0, 193.0, 1905.0, 2092.0, 191.0, 1347.0) 
Voter 24: ID 695; Choice (1356.0, 2183.0, 192.0, 1889.0, 193.0, 1905.0, 2092.0, 191.0, 1347.0) 
Voter 25: ID 521; Choice (1356.0, 2183.0, 192.0, 1889.0, 193.0, 1905.0, 2092.0, 191.0, 1347.0) 
Voter 26: ID 625; Choice (1356.0, 2183.0, 1889.0, 193.0, 1905.0, 2121.0, 191.0) 
Voter 27: ID 78; Choice (1356.0, 2183.0, 192.0, 1889.0, 193.0, 1905.0, 2092.0, 191.0, 1347.0) 
Voter 28: ID 59; Choice (1356.0, 2183.0, 192.0, 1889.0, 193.0, 1905.0, 2092.0, 191.0, 1347.0) 
Voter 29: ID 462; Choice (1356.0, 2183.0, 192.0, 1889.0, 193.0, 1905.0, 2092.0, 191.0, 1347.0) 
Voter 30: ID 391; Choice (2141.0, 1356.0, 192.0, 1889.0, 193.0, 1905.0, 191.0) 
Voter 31: ID 687; Choice (1356.0, 2183.0, 192.0, 1889.0, 193.0, 1905.0, 2092.0, 191.0, 1347.0) 
Voter 32: ID 467; Choice (1356.0, 2183.0, 192.0, 1889.0, 193.0, 1905.0, 2092.0, 191.0, 1347.0) 
Voter 33: ID 697; Choice (1356.0, 2183.0, 192.0, 1889.0, 193.0, 1905.0, 2092.0, 191.0, 1347.0) 
Voter 34: ID 227; Choice (1356.0, 2183.0, 433.0, 192.0, 1889.0, 193.0) 
Voter 35: ID 455; Choice (1356.0, 2183.0, 192.0, 1889.0, 193.0, 1905.0, 2092.0, 191.0, 1347.0) 
Voter 36: ID 141; Choice (1356.0, 2183.0, 192.0, 1889.0, 193.0, 1905.0, 2092.0, 191.0, 1347.0) 
Voter 37: ID 67; Choice (1356.0, 2183.0, 192.0, 1889.0, 193.0, 1905.0, 2092.0, 191.0, 1347.0) 
Voter 38: ID 206; Choice (1356.0, 2183.0, 192.0, 1889.0, 193.0, 1905.0, 2092.0, 191.0, 1347.0) 
Voter 39: ID 608; Choice (1356.0, 2183.0, 192.0, 1889.0, 193.0, 1905.0, 2092.0, 191.0, 1347.0) 
Voter 40: ID 324; Choice (1356.0, 2183.0, 192.0, 1889.0, 193.0, 1905.0, 2092.0, 191.0, 1347.0) 
Voter 41: ID 178; Choice (2141.0, 1356.0, 1889.0, 1347.0, 1905.0, 2092.0, 2121.0, 191.0) 
Voter 42: ID 606; Choice (1356.0, 2183.0, 192.0, 1889.0, 193.0, 1905.0, 2092.0, 191.0, 1347.0) 
Voter 43: ID 349; Choice (1356.0, 2183.0, 192.0, 1889.0, 193.0, 1905.0, 2092.0, 191.0, 1347.0) 
Voter 44: ID 204; Choice (1356.0, 2183.0, 192.0, 1889.0, 193.0, 1905.0, 2092.0, 191.0, 1347.0) 
Voter 45: ID 54; Choice (1356.0, 2183.0, 192.0, 1889.0, 193.0, 1905.0, 2092.0, 191.0, 1347.0) 
Voter 46: ID 694; Choice (1356.0, 2183.0, 192.0, 1889.0, 193.0, 1905.0, 2092.0, 191.0, 1347.0) 
Voter 47: ID 479; Choice (1356.0, 2183.0, 192.0, 1889.0, 193.0, 1905.0, 2092.0, 191.0, 1347.0) 
Voter 48: ID 369; Choice (1356.0, 2183.0, 192.0, 1889.0, 193.0, 1905.0, 2092.0, 191.0, 1347.0) 
Voter 49: ID 484; Choice (1356.0, 2183.0, 192.0, 1889.0, 193.0, 1905.0, 2092.0, 191.0, 1347.0) 
Voter 50: ID 14; Choice (1356.0, 2183.0, 192.0, 1889.0, 193.0, 1905.0, 2092.0, 191.0, 1347.0) 
---------------------------------------------------------------------------
After Iteration 7 :
Voter 1: ID 240; Choice (1356.0, 2183.0, 192.0, 1889.0, 193.0, 1905.0, 2092.0, 191.0, 1347.0) 
Voter 2: ID 225; Choice (1356.0, 2183.0, 192.0, 1889.0, 193.0, 1905.0, 2092.0, 191.0, 1347.0) 
Voter 3: ID 219; Choice (1356.0, 2183.0, 192.0, 1889.0, 193.0, 1905.0, 2092.0, 191.0, 1347.0) 
Voter 4: ID 690; Choice (1356.0, 2183.0, 192.0, 1889.0, 193.0, 1905.0, 2092.0, 191.0, 1347.0) 
Voter 5: ID 311; Choice (1356.0, 2183.0, 192.0, 1889.0, 193.0, 1905.0, 2092.0, 191.0, 1347.0) 
Voter 6: ID 322; Choice (1356.0, 2183.0, 192.0, 1889.0, 193.0, 1905.0, 2092.0, 191.0, 1347.0) 
Voter 7: ID 144; Choice (1356.0, 2183.0, 192.0, 1889.0, 193.0, 1905.0, 2092.0, 191.0, 1347.0) 
Voter 8: ID 55; Choice (1356.0, 2183.0, 192.0, 1889.0, 193.0, 1905.0, 2092.0, 191.0, 1347.0) 
Voter 9: ID 222; Choice (2141.0, 2183.0, 192.0, 193.0, 2092.0, 191.0) 
Voter 10: ID 23; Choice (1356.0, 2183.0, 192.0, 1889.0, 193.0, 1905.0, 2092.0, 191.0, 1347.0) 
Voter 11: ID 12; Choice (1356.0, 2183.0, 192.0, 1889.0, 193.0, 1905.0, 2092.0, 191.0, 1347.0) 
Voter 12: ID 27; Choice (1356.0, 2183.0, 192.0, 1889.0, 193.0, 1905.0, 2092.0, 191.0, 1347.0) 
Voter 13: ID 57; Choice (1356.0, 2183.0, 192.0, 1889.0, 193.0, 1905.0, 2092.0, 191.0, 1347.0) 
Voter 14: ID 393; Choice (1356.0, 2183.0, 192.0, 1889.0, 193.0, 1905.0, 2092.0, 191.0, 1347.0) 
Voter 15: ID 532; Choice (1356.0, 2183.0, 192.0, 1889.0, 193.0, 1905.0, 2092.0, 191.0, 1347.0) 
Voter 16: ID 346; Choice (1356.0, 2183.0, 192.0, 1889.0, 193.0, 1905.0, 2092.0, 191.0, 1347.0) 
Voter 17: ID 691; Choice (1356.0, 2183.0, 192.0, 1889.0, 193.0, 1905.0, 2092.0, 191.0, 1347.0) 
Voter 18: ID 487; Choice (1356.0, 2183.0, 192.0, 1889.0, 193.0, 1905.0, 2092.0, 191.0, 1347.0) 
Voter 19: ID 622; Choice (1356.0, 2183.0, 192.0, 1889.0, 193.0, 1905.0, 2092.0, 191.0, 1347.0) 
Voter 20: ID 563; Choice (1356.0, 2183.0, 192.0, 1889.0, 193.0, 1905.0, 2092.0, 191.0, 1347.0) 
Voter 21: ID 371; Choice (1356.0, 2183.0, 192.0, 1889.0, 193.0, 1905.0, 2092.0, 191.0, 1347.0) 
Voter 22: ID 505; Choice (1356.0, 2183.0, 192.0, 1889.0, 193.0, 1905.0, 2092.0, 191.0, 1347.0) 
Voter 23: ID 395; Choice (1356.0, 2183.0, 192.0, 193.0, 1347.0, 1905.0, 2092.0, 2121.0, 191.0) 
Voter 24: ID 695; Choice (1356.0, 2183.0, 192.0, 1889.0, 193.0, 1905.0, 2092.0, 191.0, 1347.0) 
Voter 25: ID 521; Choice (1356.0, 2183.0, 192.0, 1889.0, 193.0, 1905.0, 2092.0, 191.0, 1347.0) 
Voter 26: ID 625; Choice (1356.0, 2183.0, 1889.0, 193.0, 1905.0, 2121.0, 191.0) 
Voter 27: ID 78; Choice (1356.0, 2183.0, 192.0, 1889.0, 193.0, 1905.0, 2092.0, 191.0, 1347.0) 
Voter 28: ID 59; Choice (1356.0, 2183.0, 192.0, 1889.0, 193.0, 1905.0, 2092.0, 191.0, 1347.0) 
Voter 29: ID 462; Choice (1356.0, 2183.0, 192.0, 1889.0, 193.0, 1905.0, 2092.0, 191.0, 1347.0) 
Voter 30: ID 391; Choice (2141.0, 1356.0, 192.0, 1889.0, 193.0, 1905.0, 191.0) 
Voter 31: ID 687; Choice (1356.0, 2183.0, 192.0, 1889.0, 193.0, 1905.0, 2092.0, 191.0, 1347.0) 
Voter 32: ID 467; Choice (1356.0, 2183.0, 192.0, 1889.0, 193.0, 1905.0, 2092.0, 191.0, 1347.0) 
Voter 33: ID 697; Choice (1356.0, 2183.0, 192.0, 1889.0, 193.0, 1905.0, 2092.0, 191.0, 1347.0) 
Voter 34: ID 227; Choice (1356.0, 2183.0, 192.0, 1889.0, 193.0, 1905.0, 2092.0, 191.0, 1347.0) 
Voter 35: ID 455; Choice (1356.0, 2183.0, 192.0, 1889.0, 193.0, 1905.0, 2092.0, 191.0, 1347.0) 
Voter 36: ID 141; Choice (1356.0, 2183.0, 192.0, 1889.0, 193.0, 1905.0, 2092.0, 191.0, 1347.0) 
Voter 37: ID 67; Choice (1356.0, 2183.0, 192.0, 1889.0, 193.0, 1905.0, 2092.0, 191.0, 1347.0) 
Voter 38: ID 206; Choice (1356.0, 2183.0, 192.0, 1889.0, 193.0, 1905.0, 2092.0, 191.0, 1347.0) 
Voter 39: ID 608; Choice (1356.0, 2183.0, 192.0, 1889.0, 193.0, 1905.0, 2092.0, 191.0, 1347.0) 
Voter 40: ID 324; Choice (1356.0, 2183.0, 192.0, 1889.0, 193.0, 1905.0, 2092.0, 191.0, 1347.0) 
Voter 41: ID 178; Choice (1356.0, 2183.0, 192.0, 1889.0, 193.0, 1905.0, 2092.0, 191.0, 1347.0) 
Voter 42: ID 606; Choice (1356.0, 2183.0, 192.0, 1889.0, 193.0, 1905.0, 2092.0, 191.0, 1347.0) 
Voter 43: ID 349; Choice (1356.0, 2183.0, 192.0, 1889.0, 193.0, 1905.0, 2092.0, 191.0, 1347.0) 
Voter 44: ID 204; Choice (1356.0, 2183.0, 192.0, 1889.0, 193.0, 1905.0, 2092.0, 191.0, 1347.0) 
Voter 45: ID 54; Choice (1356.0, 2183.0, 192.0, 1889.0, 193.0, 1905.0, 2092.0, 191.0, 1347.0) 
Voter 46: ID 694; Choice (1356.0, 2183.0, 192.0, 1889.0, 193.0, 1905.0, 2092.0, 191.0, 1347.0) 
Voter 47: ID 479; Choice (1356.0, 2183.0, 192.0, 1889.0, 193.0, 1905.0, 2092.0, 191.0, 1347.0) 
Voter 48: ID 369; Choice (1356.0, 2183.0, 192.0, 1889.0, 193.0, 1905.0, 2092.0, 191.0, 1347.0) 
Voter 49: ID 484; Choice (1356.0, 2183.0, 192.0, 1889.0, 193.0, 1905.0, 2092.0, 191.0, 1347.0) 
Voter 50: ID 14; Choice (1356.0, 2183.0, 192.0, 1889.0, 193.0, 1905.0, 2092.0, 191.0, 1347.0) 
---------------------------------------------------------------------------
After Iteration 8 :
Voter 1: ID 240; Choice (1356.0, 2183.0, 192.0, 1889.0, 193.0, 1905.0, 2092.0, 191.0, 1347.0) 
Voter 2: ID 225; Choice (1356.0, 2183.0, 192.0, 1889.0, 193.0, 1905.0, 2092.0, 191.0, 1347.0) 
Voter 3: ID 219; Choice (1356.0, 2183.0, 192.0, 1889.0, 193.0, 1905.0, 2092.0, 191.0, 1347.0) 
Voter 4: ID 690; Choice (1356.0, 2183.0, 192.0, 1889.0, 193.0, 1905.0, 2092.0, 191.0, 1347.0) 
Voter 5: ID 311; Choice (1356.0, 2183.0, 192.0, 1889.0, 193.0, 1905.0, 2092.0, 191.0, 1347.0) 
Voter 6: ID 322; Choice (1356.0, 2183.0, 192.0, 1889.0, 193.0, 1905.0, 2092.0, 191.0, 1347.0) 
Voter 7: ID 144; Choice (1356.0, 2183.0, 192.0, 1889.0, 193.0, 1905.0, 2092.0, 191.0, 1347.0) 
Voter 8: ID 55; Choice (1356.0, 2183.0, 192.0, 1889.0, 193.0, 1905.0, 2092.0, 191.0, 1347.0) 
Voter 9: ID 222; Choice (1356.0, 2183.0, 192.0, 1889.0, 193.0, 1905.0, 2092.0, 191.0, 1347.0) 
Voter 10: ID 23; Choice (1356.0, 2183.0, 192.0, 1889.0, 193.0, 1905.0, 2092.0, 191.0, 1347.0) 
Voter 11: ID 12; Choice (1356.0, 2183.0, 192.0, 1889.0, 193.0, 1905.0, 2092.0, 191.0, 1347.0) 
Voter 12: ID 27; Choice (1356.0, 2183.0, 192.0, 1889.0, 193.0, 1905.0, 2092.0, 191.0, 1347.0) 
Voter 13: ID 57; Choice (1356.0, 2183.0, 192.0, 1889.0, 193.0, 1905.0, 2092.0, 191.0, 1347.0) 
Voter 14: ID 393; Choice (1356.0, 2183.0, 192.0, 1889.0, 193.0, 1905.0, 2092.0, 191.0, 1347.0) 
Voter 15: ID 532; Choice (1356.0, 2183.0, 192.0, 1889.0, 193.0, 1905.0, 2092.0, 191.0, 1347.0) 
Voter 16: ID 346; Choice (1356.0, 2183.0, 192.0, 1889.0, 193.0, 1905.0, 2092.0, 191.0, 1347.0) 
Voter 17: ID 691; Choice (1356.0, 2183.0, 192.0, 1889.0, 193.0, 1905.0, 2092.0, 191.0, 1347.0) 
Voter 18: ID 487; Choice (1356.0, 2183.0, 192.0, 1889.0, 193.0, 1905.0, 2092.0, 191.0, 1347.0) 
Voter 19: ID 622; Choice (1356.0, 2183.0, 192.0, 1889.0, 193.0, 1905.0, 2092.0, 191.0, 1347.0) 
Voter 20: ID 563; Choice (1356.0, 2183.0, 192.0, 1889.0, 193.0, 1905.0, 2092.0, 191.0, 1347.0) 
Voter 21: ID 371; Choice (1356.0, 2183.0, 192.0, 1889.0, 193.0, 1905.0, 2092.0, 191.0, 1347.0) 
Voter 22: ID 505; Choice (1356.0, 2183.0, 192.0, 1889.0, 193.0, 1905.0, 2092.0, 191.0, 1347.0) 
Voter 23: ID 395; Choice (1356.0, 2183.0, 192.0, 1889.0, 193.0, 1905.0, 2092.0, 191.0, 1347.0) 
Voter 24: ID 695; Choice (1356.0, 2183.0, 192.0, 1889.0, 193.0, 1905.0, 2092.0, 191.0, 1347.0) 
Voter 25: ID 521; Choice (1356.0, 2183.0, 192.0, 1889.0, 193.0, 1905.0, 2092.0, 191.0, 1347.0) 
Voter 26: ID 625; Choice (1356.0, 2183.0, 192.0, 1889.0, 193.0, 1905.0, 2092.0, 191.0, 1347.0) 
Voter 27: ID 78; Choice (1356.0, 2183.0, 192.0, 1889.0, 193.0, 1905.0, 2092.0, 191.0, 1347.0) 
Voter 28: ID 59; Choice (1356.0, 2183.0, 192.0, 1889.0, 193.0, 1905.0, 2092.0, 191.0, 1347.0) 
Voter 29: ID 462; Choice (1356.0, 2183.0, 192.0, 1889.0, 193.0, 1905.0, 2092.0, 191.0, 1347.0) 
Voter 30: ID 391; Choice (1356.0, 2183.0, 192.0, 1889.0, 193.0, 1905.0, 2092.0, 191.0, 1347.0) 
Voter 31: ID 687; Choice (1356.0, 2183.0, 192.0, 1889.0, 193.0, 1905.0, 2092.0, 191.0, 1347.0) 
Voter 32: ID 467; Choice (1356.0, 2183.0, 192.0, 1889.0, 193.0, 1905.0, 2092.0, 191.0, 1347.0) 
Voter 33: ID 697; Choice (1356.0, 2183.0, 192.0, 1889.0, 193.0, 1905.0, 2092.0, 191.0, 1347.0) 
Voter 34: ID 227; Choice (1356.0, 2183.0, 192.0, 1889.0, 193.0, 1905.0, 2092.0, 191.0, 1347.0) 
Voter 35: ID 455; Choice (1356.0, 2183.0, 192.0, 1889.0, 193.0, 1905.0, 2092.0, 191.0, 1347.0) 
Voter 36: ID 141; Choice (1356.0, 2183.0, 192.0, 1889.0, 193.0, 1905.0, 2092.0, 191.0, 1347.0) 
Voter 37: ID 67; Choice (1356.0, 2183.0, 192.0, 1889.0, 193.0, 1905.0, 2092.0, 191.0, 1347.0) 
Voter 38: ID 206; Choice (1356.0, 2183.0, 192.0, 1889.0, 193.0, 1905.0, 2092.0, 191.0, 1347.0) 
Voter 39: ID 608; Choice (1356.0, 2183.0, 192.0, 1889.0, 193.0, 1905.0, 2092.0, 191.0, 1347.0) 
Voter 40: ID 324; Choice (1356.0, 2183.0, 192.0, 1889.0, 193.0, 1905.0, 2092.0, 191.0, 1347.0) 
Voter 41: ID 178; Choice (1356.0, 2183.0, 192.0, 1889.0, 193.0, 1905.0, 2092.0, 191.0, 1347.0) 
Voter 42: ID 606; Choice (1356.0, 2183.0, 192.0, 1889.0, 193.0, 1905.0, 2092.0, 191.0, 1347.0) 
Voter 43: ID 349; Choice (1356.0, 2183.0, 192.0, 1889.0, 193.0, 1905.0, 2092.0, 191.0, 1347.0) 
Voter 44: ID 204; Choice (1356.0, 2183.0, 192.0, 1889.0, 193.0, 1905.0, 2092.0, 191.0, 1347.0) 
Voter 45: ID 54; Choice (1356.0, 2183.0, 192.0, 1889.0, 193.0, 1905.0, 2092.0, 191.0, 1347.0) 
Voter 46: ID 694; Choice (1356.0, 2183.0, 192.0, 1889.0, 193.0, 1905.0, 2092.0, 191.0, 1347.0) 
Voter 47: ID 479; Choice (2141.0, 1356.0, 2183.0, 433.0, 192.0, 1347.0, 191.0) 
Voter 48: ID 369; Choice (1356.0, 2183.0, 192.0, 1889.0, 193.0, 1905.0, 2092.0, 191.0, 1347.0) 
Voter 49: ID 484; Choice (1356.0, 2183.0, 192.0, 1889.0, 193.0, 1905.0, 2092.0, 191.0, 1347.0) 
Voter 50: ID 14; Choice (1356.0, 2183.0, 192.0, 1889.0, 193.0, 1905.0, 2092.0, 191.0, 1347.0) 
---------------------------------------------------------------------------
After Iteration 9 :
Voter 1: ID 240; Choice (1356.0, 2183.0, 192.0, 1889.0, 193.0, 1905.0, 2092.0, 191.0, 1347.0) 
Voter 2: ID 225; Choice (1356.0, 2183.0, 192.0, 1889.0, 193.0, 1905.0, 2092.0, 191.0, 1347.0) 
Voter 3: ID 219; Choice (1356.0, 2183.0, 192.0, 1889.0, 193.0, 1905.0, 2092.0, 191.0, 1347.0) 
Voter 4: ID 690; Choice (1356.0, 2183.0, 192.0, 1889.0, 193.0, 1905.0, 2092.0, 191.0, 1347.0) 
Voter 5: ID 311; Choice (1356.0, 2183.0, 192.0, 1889.0, 193.0, 1905.0, 2092.0, 191.0, 1347.0) 
Voter 6: ID 322; Choice (1356.0, 2183.0, 192.0, 1889.0, 193.0, 1905.0, 2092.0, 191.0, 1347.0) 
Voter 7: ID 144; Choice (1356.0, 2183.0, 192.0, 1889.0, 193.0, 1905.0, 2092.0, 191.0, 1347.0) 
Voter 8: ID 55; Choice (1356.0, 2183.0, 192.0, 1889.0, 193.0, 1905.0, 2092.0, 191.0, 1347.0) 
Voter 9: ID 222; Choice (1356.0, 2183.0, 192.0, 1889.0, 193.0, 1905.0, 2092.0, 191.0, 1347.0) 
Voter 10: ID 23; Choice (1356.0, 2183.0, 192.0, 1889.0, 193.0, 1905.0, 2092.0, 191.0, 1347.0) 
Voter 11: ID 12; Choice (1356.0, 2183.0, 192.0, 1889.0, 193.0, 1905.0, 2092.0, 191.0, 1347.0) 
Voter 12: ID 27; Choice (1356.0, 2183.0, 192.0, 1889.0, 193.0, 1905.0, 2092.0, 191.0, 1347.0) 
Voter 13: ID 57; Choice (1356.0, 2183.0, 192.0, 1889.0, 193.0, 1905.0, 2092.0, 191.0, 1347.0) 
Voter 14: ID 393; Choice (1356.0, 2183.0, 192.0, 1889.0, 193.0, 1905.0, 2092.0, 191.0, 1347.0) 
Voter 15: ID 532; Choice (1356.0, 2183.0, 192.0, 1889.0, 193.0, 1905.0, 2092.0, 191.0, 1347.0) 
Voter 16: ID 346; Choice (1356.0, 2183.0, 192.0, 1889.0, 193.0, 1905.0, 2092.0, 191.0, 1347.0) 
Voter 17: ID 691; Choice (1356.0, 2183.0, 192.0, 1889.0, 193.0, 1905.0, 2092.0, 191.0, 1347.0) 
Voter 18: ID 487; Choice (1356.0, 2183.0, 192.0, 1889.0, 193.0, 1905.0, 2092.0, 191.0, 1347.0) 
Voter 19: ID 622; Choice (1356.0, 2183.0, 192.0, 1889.0, 193.0, 1905.0, 2092.0, 191.0, 1347.0) 
Voter 20: ID 563; Choice (1356.0, 2183.0, 192.0, 1889.0, 193.0, 1905.0, 2092.0, 191.0, 1347.0) 
Voter 21: ID 371; Choice (1356.0, 2183.0, 192.0, 1889.0, 193.0, 1905.0, 2092.0, 191.0, 1347.0) 
Voter 22: ID 505; Choice (1356.0, 2183.0, 192.0, 1889.0, 193.0, 1905.0, 2092.0, 191.0, 1347.0) 
Voter 23: ID 395; Choice (1356.0, 2183.0, 192.0, 1889.0, 193.0, 1905.0, 2092.0, 191.0, 1347.0) 
Voter 24: ID 695; Choice (1356.0, 2183.0, 192.0, 1889.0, 193.0, 1905.0, 2092.0, 191.0, 1347.0) 
Voter 25: ID 521; Choice (1356.0, 2183.0, 192.0, 1889.0, 193.0, 1905.0, 2092.0, 191.0, 1347.0) 
Voter 26: ID 625; Choice (1356.0, 2183.0, 192.0, 1889.0, 193.0, 1905.0, 2092.0, 191.0, 1347.0) 
Voter 27: ID 78; Choice (1356.0, 2183.0, 192.0, 1889.0, 193.0, 1905.0, 2092.0, 191.0, 1347.0) 
Voter 28: ID 59; Choice (1356.0, 2183.0, 192.0, 1889.0, 193.0, 1905.0, 2092.0, 191.0, 1347.0) 
Voter 29: ID 462; Choice (1356.0, 2183.0, 192.0, 1889.0, 193.0, 1905.0, 2092.0, 191.0, 1347.0) 
Voter 30: ID 391; Choice (1356.0, 2183.0, 192.0, 1889.0, 193.0, 1905.0, 2092.0, 191.0, 1347.0) 
Voter 31: ID 687; Choice (1356.0, 2183.0, 192.0, 1889.0, 193.0, 1905.0, 2092.0, 191.0, 1347.0) 
Voter 32: ID 467; Choice (1356.0, 2183.0, 192.0, 1889.0, 193.0, 1905.0, 2092.0, 191.0, 1347.0) 
Voter 33: ID 697; Choice (1356.0, 2183.0, 192.0, 1889.0, 193.0, 1905.0, 2092.0, 191.0, 1347.0) 
Voter 34: ID 227; Choice (1356.0, 2183.0, 192.0, 1889.0, 193.0, 1905.0, 2092.0, 191.0, 1347.0) 
Voter 35: ID 455; Choice (1356.0, 2183.0, 192.0, 1889.0, 193.0, 1905.0, 2092.0, 191.0, 1347.0) 
Voter 36: ID 141; Choice (1356.0, 2183.0, 192.0, 1889.0, 193.0, 1905.0, 2092.0, 191.0, 1347.0) 
Voter 37: ID 67; Choice (1356.0, 2183.0, 192.0, 1889.0, 193.0, 1905.0, 2092.0, 191.0, 1347.0) 
Voter 38: ID 206; Choice (1356.0, 2183.0, 192.0, 1889.0, 193.0, 1905.0, 2092.0, 191.0, 1347.0) 
Voter 39: ID 608; Choice (1356.0, 2183.0, 192.0, 1889.0, 193.0, 1905.0, 2092.0, 191.0, 1347.0) 
Voter 40: ID 324; Choice (1356.0, 2183.0, 192.0, 1889.0, 193.0, 1905.0, 2092.0, 191.0, 1347.0) 
Voter 41: ID 178; Choice (1356.0, 2183.0, 192.0, 1889.0, 193.0, 1905.0, 2092.0, 191.0, 1347.0) 
Voter 42: ID 606; Choice (1356.0, 2183.0, 192.0, 1889.0, 193.0, 1905.0, 2092.0, 191.0, 1347.0) 
Voter 43: ID 349; Choice (1356.0, 2183.0, 192.0, 1889.0, 193.0, 1905.0, 2092.0, 191.0, 1347.0) 
Voter 44: ID 204; Choice (1356.0, 2183.0, 192.0, 1889.0, 193.0, 1905.0, 2092.0, 191.0, 1347.0) 
Voter 45: ID 54; Choice (1356.0, 2183.0, 192.0, 1889.0, 193.0, 1905.0, 2092.0, 191.0, 1347.0) 
Voter 46: ID 694; Choice (1356.0, 2183.0, 192.0, 1889.0, 193.0, 1905.0, 2092.0, 191.0, 1347.0) 
Voter 47: ID 479; Choice (1356.0, 2183.0, 192.0, 1889.0, 193.0, 1905.0, 2092.0, 191.0, 1347.0) 
Voter 48: ID 369; Choice (1356.0, 2183.0, 192.0, 1889.0, 193.0, 1905.0, 2092.0, 191.0, 1347.0) 
Voter 49: ID 484; Choice (1356.0, 2183.0, 192.0, 1889.0, 193.0, 1905.0, 2092.0, 191.0, 1347.0) 
Voter 50: ID 14; Choice (1356.0, 2183.0, 192.0, 1889.0, 193.0, 1905.0, 2092.0, 191.0, 1347.0) 
---------------------------------------------------------------------------
Concensus reached after 9 iterations.
Max degree: 16 Number of valid combinations: 45 Using random find.
There are 1 opinions after all iterations.
(1356.0, 2183.0, 192.0, 1889.0, 193.0, 1905.0, 2092.0, 191.0, 1347.0) count: 50
