    project id    reward
0       1211.0 -0.444988
1       2141.0 -0.057202
2       1356.0  0.331482
3       2183.0  0.343395
4        433.0 -0.263659
5        192.0  0.232709
6       1889.0  0.302624
7        193.0  0.251523
8       1347.0  0.192139
9       1905.0  0.121838
10      2092.0  0.245409
11      2121.0 -0.136063
12       191.0  0.215283
Valid Combinations are:
(1356.0, 2183.0, 192.0, 1889.0, 193.0, 1905.0, 2092.0, 191.0, 1347.0)
(1356.0, 2183.0, 192.0, 1889.0, 193.0, 1905.0, 2092.0, 191.0)
(1211.0, 2141.0, 1356.0, 2183.0, 192.0, 193.0)
(2141.0, 1356.0, 2183.0, 192.0, 1889.0, 193.0, 1347.0, 2092.0, 2121.0, 191.0)
(2141.0, 1356.0, 2183.0, 433.0, 192.0, 1889.0, 193.0, 1905.0, 2092.0)
(1211.0, 1356.0, 2183.0, 192.0, 1889.0, 193.0, 1905.0, 191.0)
(2141.0, 1356.0, 2183.0, 433.0, 192.0, 193.0, 2092.0, 191.0)
(2141.0, 1356.0, 2183.0, 192.0, 1889.0, 1905.0, 2121.0, 191.0)
(2141.0, 1356.0, 2183.0, 1889.0, 193.0, 1347.0, 1905.0, 2121.0)
(2141.0, 2183.0, 433.0, 192.0, 1889.0, 1905.0, 2121.0, 191.0)
(2141.0, 2183.0, 433.0, 192.0, 193.0, 1905.0, 2092.0, 2121.0)
(2141.0, 2183.0, 433.0, 192.0, 1347.0, 1905.0, 2092.0, 2121.0)
(2141.0, 2183.0, 433.0, 1347.0, 1905.0, 2092.0, 2121.0, 191.0)
(2141.0, 2183.0, 1889.0, 193.0, 1905.0, 2092.0, 2121.0, 191.0)
(1356.0, 2183.0, 433.0, 192.0, 193.0, 1347.0, 1905.0, 191.0)
(1356.0, 2183.0, 1889.0, 1347.0, 1905.0, 2092.0, 2121.0, 191.0)
(1356.0, 433.0, 192.0, 1889.0, 1347.0, 1905.0, 2092.0, 2121.0)
(2183.0, 433.0, 192.0, 1889.0, 193.0, 1347.0, 1905.0, 2121.0)
(2183.0, 433.0, 193.0, 1347.0, 1905.0, 2092.0, 2121.0, 191.0)
(1211.0, 1356.0, 2183.0, 192.0, 1889.0, 1347.0, 191.0)
(1211.0, 1356.0, 2183.0, 1889.0, 193.0, 1347.0, 2092.0)
(1211.0, 1356.0, 1889.0, 193.0, 1347.0, 2092.0, 191.0)
(1211.0, 2183.0, 192.0, 193.0, 1347.0, 1905.0, 191.0)
(1211.0, 2183.0, 1889.0, 193.0, 1905.0, 2121.0, 191.0)
(2141.0, 1356.0, 2183.0, 433.0, 1889.0, 1347.0, 2092.0)
(2141.0, 1356.0, 2183.0, 433.0, 1347.0, 1905.0, 2092.0)
(2141.0, 1356.0, 433.0, 192.0, 1889.0, 1905.0, 191.0)
(2141.0, 1356.0, 192.0, 1889.0, 193.0, 1347.0, 1905.0)
(2141.0, 1356.0, 192.0, 1889.0, 193.0, 1905.0, 191.0)
(2141.0, 1356.0, 192.0, 1347.0, 1905.0, 2092.0, 191.0)
(2141.0, 2183.0, 433.0, 192.0, 1889.0, 193.0, 1347.0)
(2141.0, 2183.0, 433.0, 193.0, 1347.0, 2121.0, 191.0)
(2141.0, 2183.0, 192.0, 1889.0, 193.0, 1347.0, 1905.0)
(2141.0, 2183.0, 192.0, 193.0, 1347.0, 1905.0, 2092.0)
(2141.0, 433.0, 192.0, 1347.0, 1905.0, 2092.0, 191.0)
(2141.0, 192.0, 1889.0, 1347.0, 1905.0, 2092.0, 191.0)
(1356.0, 2183.0, 433.0, 192.0, 1889.0, 1905.0, 2121.0)
(1356.0, 2183.0, 433.0, 1347.0, 2092.0, 2121.0, 191.0)
(1356.0, 433.0, 192.0, 193.0, 1347.0, 1905.0, 2092.0)
(1356.0, 433.0, 192.0, 193.0, 1347.0, 1905.0, 2121.0)
(2183.0, 433.0, 192.0, 1347.0, 1905.0, 2121.0, 191.0)
(1211.0, 2141.0, 2183.0, 193.0, 1905.0, 191.0)
(1211.0, 1356.0, 192.0, 1889.0, 1347.0, 2092.0)
(1211.0, 2183.0, 1889.0, 193.0, 1347.0, 1905.0)
(2141.0, 1356.0, 2183.0, 433.0, 1889.0, 191.0)
(2141.0, 1356.0, 2183.0, 193.0, 1905.0, 191.0)
(2141.0, 433.0, 1889.0, 193.0, 2092.0, 191.0)
(2141.0, 192.0, 1889.0, 1905.0, 2092.0, 2121.0)
(1356.0, 2183.0, 433.0, 193.0, 2092.0, 2121.0)
(1356.0, 433.0, 192.0, 1347.0, 2092.0, 191.0)
(1356.0, 433.0, 1889.0, 1905.0, 2092.0, 191.0)
(2183.0, 433.0, 192.0, 1889.0, 2092.0, 191.0)
(2183.0, 433.0, 1889.0, 193.0, 2121.0, 191.0)
(2183.0, 433.0, 1889.0, 1905.0, 2092.0, 2121.0)
(2183.0, 192.0, 1889.0, 1905.0, 2092.0, 2121.0)
Initial Choices:
---------------------------------------------------------------------------
Voter 1: ID 277; Choice (1356.0, 2183.0, 433.0, 192.0, 193.0, 1347.0, 1905.0, 191.0) 
Voter 2: ID 362; Choice (2141.0, 1356.0, 192.0, 1889.0, 193.0, 1347.0, 1905.0) 
Voter 3: ID 249; Choice (2141.0, 1356.0, 2183.0, 433.0, 1889.0, 191.0) 
Voter 4: ID 480; Choice (1356.0, 2183.0, 192.0, 1889.0, 193.0, 1905.0, 2092.0, 191.0) 
Voter 5: ID 704; Choice (2141.0, 433.0, 1889.0, 193.0, 2092.0, 191.0) 
Voter 6: ID 201; Choice (2141.0, 1356.0, 2183.0, 433.0, 1889.0, 191.0) 
Voter 7: ID 377; Choice (2141.0, 2183.0, 433.0, 192.0, 1889.0, 1905.0, 2121.0, 191.0) 
Voter 8: ID 352; Choice (2183.0, 433.0, 1889.0, 1905.0, 2092.0, 2121.0) 
Voter 9: ID 416; Choice (2141.0, 1356.0, 2183.0, 192.0, 1889.0, 193.0, 1347.0, 2092.0, 2121.0, 191.0) 
Voter 10: ID 510; Choice (2141.0, 2183.0, 433.0, 192.0, 193.0, 1905.0, 2092.0, 2121.0) 
Voter 11: ID 495; Choice (1356.0, 433.0, 1889.0, 1905.0, 2092.0, 191.0) 
Voter 12: ID 120; Choice (1211.0, 1356.0, 192.0, 1889.0, 1347.0, 2092.0) 
Voter 13: ID 611; Choice (2183.0, 433.0, 192.0, 1889.0, 2092.0, 191.0) 
Voter 14: ID 394; Choice (2141.0, 1356.0, 2183.0, 433.0, 192.0, 193.0, 2092.0, 191.0) 
Voter 15: ID 279; Choice (2141.0, 2183.0, 192.0, 193.0, 1347.0, 1905.0, 2092.0) 
Voter 16: ID 552; Choice (1356.0, 2183.0, 433.0, 192.0, 193.0, 1347.0, 1905.0, 191.0) 
Voter 17: ID 243; Choice (1356.0, 433.0, 192.0, 193.0, 1347.0, 1905.0, 2092.0) 
Voter 18: ID 463; Choice (2141.0, 2183.0, 192.0, 193.0, 1347.0, 1905.0, 2092.0) 
Voter 19: ID 1; Choice (2141.0, 2183.0, 433.0, 1347.0, 1905.0, 2092.0, 2121.0, 191.0) 
Voter 20: ID 208; Choice (2141.0, 2183.0, 433.0, 192.0, 193.0, 1905.0, 2092.0, 2121.0) 
Voter 21: ID 446; Choice (2141.0, 2183.0, 1889.0, 193.0, 1905.0, 2092.0, 2121.0, 191.0) 
Voter 22: ID 529; Choice (2141.0, 2183.0, 1889.0, 193.0, 1905.0, 2092.0, 2121.0, 191.0) 
Voter 23: ID 66; Choice (2183.0, 433.0, 192.0, 1889.0, 193.0, 1347.0, 1905.0, 2121.0) 
Voter 24: ID 562; Choice (1211.0, 2183.0, 1889.0, 193.0, 1905.0, 2121.0, 191.0) 
Voter 25: ID 487; Choice (2183.0, 433.0, 1889.0, 193.0, 2121.0, 191.0) 
Voter 26: ID 542; Choice (2183.0, 433.0, 192.0, 1889.0, 193.0, 1347.0, 1905.0, 2121.0) 
Voter 27: ID 471; Choice (2141.0, 1356.0, 2183.0, 433.0, 192.0, 1889.0, 193.0, 1905.0, 2092.0) 
Voter 28: ID 572; Choice (2141.0, 1356.0, 433.0, 192.0, 1889.0, 1905.0, 191.0) 
Voter 29: ID 135; Choice (1356.0, 2183.0, 433.0, 193.0, 2092.0, 2121.0) 
Voter 30: ID 131; Choice (2183.0, 433.0, 193.0, 1347.0, 1905.0, 2092.0, 2121.0, 191.0) 
Voter 31: ID 238; Choice (2183.0, 433.0, 1889.0, 193.0, 2121.0, 191.0) 
Voter 32: ID 366; Choice (2141.0, 2183.0, 433.0, 1347.0, 1905.0, 2092.0, 2121.0, 191.0) 
Voter 33: ID 711; Choice (1356.0, 2183.0, 433.0, 192.0, 1889.0, 1905.0, 2121.0) 
Voter 34: ID 99; Choice (2141.0, 1356.0, 192.0, 1347.0, 1905.0, 2092.0, 191.0) 
Voter 35: ID 428; Choice (1211.0, 1356.0, 2183.0, 192.0, 1889.0, 193.0, 1905.0, 191.0) 
Voter 36: ID 444; Choice (2141.0, 2183.0, 433.0, 192.0, 1889.0, 193.0, 1347.0) 
Voter 37: ID 549; Choice (2141.0, 1356.0, 192.0, 1347.0, 1905.0, 2092.0, 191.0) 
Voter 38: ID 375; Choice (1356.0, 2183.0, 192.0, 1889.0, 193.0, 1905.0, 2092.0, 191.0) 
Voter 39: ID 712; Choice (1211.0, 2141.0, 2183.0, 193.0, 1905.0, 191.0) 
Voter 40: ID 264; Choice (2141.0, 2183.0, 433.0, 193.0, 1347.0, 2121.0, 191.0) 
Voter 41: ID 447; Choice (2141.0, 192.0, 1889.0, 1905.0, 2092.0, 2121.0) 
Voter 42: ID 224; Choice (1356.0, 2183.0, 433.0, 192.0, 1889.0, 1905.0, 2121.0) 
Voter 43: ID 241; Choice (1356.0, 433.0, 192.0, 1889.0, 1347.0, 1905.0, 2092.0, 2121.0) 
Voter 44: ID 363; Choice (1211.0, 2141.0, 2183.0, 193.0, 1905.0, 191.0) 
Voter 45: ID 256; Choice (1356.0, 2183.0, 192.0, 1889.0, 193.0, 1905.0, 2092.0, 191.0) 
Voter 46: ID 602; Choice (2141.0, 192.0, 1889.0, 1347.0, 1905.0, 2092.0, 191.0) 
Voter 47: ID 183; Choice (2141.0, 2183.0, 1889.0, 193.0, 1905.0, 2092.0, 2121.0, 191.0) 
Voter 48: ID 281; Choice (1356.0, 433.0, 1889.0, 1905.0, 2092.0, 191.0) 
Voter 49: ID 272; Choice (1356.0, 2183.0, 192.0, 1889.0, 193.0, 1905.0, 2092.0, 191.0, 1347.0) 
Voter 50: ID 252; Choice (2141.0, 1356.0, 192.0, 1889.0, 193.0, 1347.0, 1905.0) 
---------------------------------------------------------------------------
After Iteration 1 :
Voter 1: ID 277; Choice (2141.0, 1356.0, 192.0, 1347.0, 1905.0, 2092.0, 191.0) 
Voter 2: ID 362; Choice (2141.0, 2183.0, 433.0, 192.0, 193.0, 1905.0, 2092.0, 2121.0) 
Voter 3: ID 249; Choice (2141.0, 1356.0, 2183.0, 433.0, 192.0, 193.0, 2092.0, 191.0) 
Voter 4: ID 480; Choice (2141.0, 433.0, 1889.0, 193.0, 2092.0, 191.0) 
Voter 5: ID 704; Choice (1211.0, 2183.0, 192.0, 193.0, 1347.0, 1905.0, 191.0) 
Voter 6: ID 201; Choice (2183.0, 433.0, 192.0, 1347.0, 1905.0, 2121.0, 191.0) 
Voter 7: ID 377; Choice (1211.0, 2183.0, 192.0, 193.0, 1347.0, 1905.0, 191.0) 
Voter 8: ID 352; Choice (2141.0, 2183.0, 433.0, 192.0, 1889.0, 1905.0, 2121.0, 191.0) 
Voter 9: ID 416; Choice (2183.0, 433.0, 1889.0, 193.0, 2121.0, 191.0) 
Voter 10: ID 510; Choice (2141.0, 192.0, 1889.0, 1905.0, 2092.0, 2121.0) 
Voter 11: ID 495; Choice (2141.0, 2183.0, 192.0, 193.0, 1347.0, 1905.0, 2092.0) 
Voter 12: ID 120; Choice (1211.0, 1356.0, 192.0, 1889.0, 1347.0, 2092.0) 
Voter 13: ID 611; Choice (1356.0, 2183.0, 192.0, 1889.0, 193.0, 1905.0, 2092.0, 191.0) 
Voter 14: ID 394; Choice (2141.0, 2183.0, 433.0, 193.0, 1347.0, 2121.0, 191.0) 
Voter 15: ID 279; Choice (2141.0, 2183.0, 1889.0, 193.0, 1905.0, 2092.0, 2121.0, 191.0) 
Voter 16: ID 552; Choice (2141.0, 2183.0, 192.0, 193.0, 1347.0, 1905.0, 2092.0) 
Voter 17: ID 243; Choice (2141.0, 2183.0, 433.0, 192.0, 1889.0, 1905.0, 2121.0, 191.0) 
Voter 18: ID 463; Choice (2141.0, 433.0, 192.0, 1347.0, 1905.0, 2092.0, 191.0) 
Voter 19: ID 1; Choice (2141.0, 1356.0, 2183.0, 433.0, 192.0, 1889.0, 193.0, 1905.0, 2092.0) 
Voter 20: ID 208; Choice (1356.0, 2183.0, 192.0, 1889.0, 193.0, 1905.0, 2092.0, 191.0, 1347.0) 
Voter 21: ID 446; Choice (2141.0, 1356.0, 192.0, 1347.0, 1905.0, 2092.0, 191.0) 
Voter 22: ID 529; Choice (1211.0, 1356.0, 2183.0, 1889.0, 193.0, 1347.0, 2092.0) 
Voter 23: ID 66; Choice (2141.0, 1356.0, 2183.0, 433.0, 192.0, 1889.0, 193.0, 1905.0, 2092.0) 
Voter 24: ID 562; Choice (1356.0, 433.0, 192.0, 193.0, 1347.0, 1905.0, 2121.0) 
Voter 25: ID 487; Choice (1211.0, 2183.0, 1889.0, 193.0, 1347.0, 1905.0) 
Voter 26: ID 542; Choice (1356.0, 433.0, 192.0, 193.0, 1347.0, 1905.0, 2121.0) 
Voter 27: ID 471; Choice (2141.0, 1356.0, 2183.0, 433.0, 1889.0, 191.0) 
Voter 28: ID 572; Choice (1211.0, 1356.0, 1889.0, 193.0, 1347.0, 2092.0, 191.0) 
Voter 29: ID 135; Choice (1356.0, 433.0, 192.0, 193.0, 1347.0, 1905.0, 2092.0) 
Voter 30: ID 131; Choice (2141.0, 433.0, 1889.0, 193.0, 2092.0, 191.0) 
Voter 31: ID 238; Choice (1211.0, 2183.0, 1889.0, 193.0, 1347.0, 1905.0) 
Voter 32: ID 366; Choice (1356.0, 433.0, 192.0, 193.0, 1347.0, 1905.0, 2092.0) 
Voter 33: ID 711; Choice (1356.0, 2183.0, 433.0, 192.0, 1889.0, 1905.0, 2121.0) 
Voter 34: ID 99; Choice (2141.0, 1356.0, 192.0, 1889.0, 193.0, 1905.0, 191.0) 
Voter 35: ID 428; Choice (2141.0, 192.0, 1889.0, 1347.0, 1905.0, 2092.0, 191.0) 
Voter 36: ID 444; Choice (1356.0, 2183.0, 433.0, 192.0, 1889.0, 1905.0, 2121.0) 
Voter 37: ID 549; Choice (2141.0, 192.0, 1889.0, 1905.0, 2092.0, 2121.0) 
Voter 38: ID 375; Choice (2183.0, 192.0, 1889.0, 1905.0, 2092.0, 2121.0) 
Voter 39: ID 712; Choice (2141.0, 2183.0, 433.0, 193.0, 1347.0, 2121.0, 191.0) 
Voter 40: ID 264; Choice (2141.0, 1356.0, 2183.0, 433.0, 1889.0, 191.0) 
Voter 41: ID 447; Choice (2183.0, 433.0, 193.0, 1347.0, 1905.0, 2092.0, 2121.0, 191.0) 
Voter 42: ID 224; Choice (1356.0, 433.0, 1889.0, 1905.0, 2092.0, 191.0) 
Voter 43: ID 241; Choice (1356.0, 433.0, 192.0, 1347.0, 2092.0, 191.0) 
Voter 44: ID 363; Choice (2183.0, 192.0, 1889.0, 1905.0, 2092.0, 2121.0) 
Voter 45: ID 256; Choice (2141.0, 2183.0, 433.0, 192.0, 1347.0, 1905.0, 2092.0, 2121.0) 
Voter 46: ID 602; Choice (1356.0, 2183.0, 1889.0, 1347.0, 1905.0, 2092.0, 2121.0, 191.0) 
Voter 47: ID 183; Choice (1356.0, 2183.0, 192.0, 1889.0, 193.0, 1905.0, 2092.0, 191.0) 
Voter 48: ID 281; Choice (2141.0, 1356.0, 2183.0, 1889.0, 193.0, 1347.0, 1905.0, 2121.0) 
Voter 49: ID 272; Choice (1356.0, 433.0, 192.0, 1889.0, 1347.0, 1905.0, 2092.0, 2121.0) 
Voter 50: ID 252; Choice (1356.0, 2183.0, 192.0, 1889.0, 193.0, 1905.0, 2092.0, 191.0) 
---------------------------------------------------------------------------
---------------------------------------------------------------------------
{(1356.0, 2183.0, 192.0, 1889.0, 193.0, 1905.0, 2092.0, 191.0, 1347.0): 0, (1356.0, 2183.0, 192.0, 1889.0, 193.0, 1905.0, 2092.0, 191.0): 0, (1211.0, 2141.0, 1356.0, 2183.0, 192.0, 193.0): 0, (2141.0, 1356.0, 2183.0, 192.0, 1889.0, 193.0, 1347.0, 2092.0, 2121.0, 191.0): 0.19212994293318608, (2141.0, 1356.0, 2183.0, 433.0, 192.0, 1889.0, 193.0, 1905.0, 2092.0): 0, (1211.0, 1356.0, 2183.0, 192.0, 1889.0, 193.0, 1905.0, 191.0): 0, (2141.0, 1356.0, 2183.0, 433.0, 192.0, 193.0, 2092.0, 191.0): 0.12989405226856743, (2141.0, 1356.0, 2183.0, 192.0, 1889.0, 1905.0, 2121.0, 191.0): 0, (2141.0, 1356.0, 2183.0, 1889.0, 193.0, 1347.0, 1905.0, 2121.0): 0, (2141.0, 2183.0, 433.0, 192.0, 1889.0, 1905.0, 2121.0, 191.0): 0, (2141.0, 2183.0, 433.0, 192.0, 193.0, 1905.0, 2092.0, 2121.0): 0, (2141.0, 2183.0, 433.0, 192.0, 1347.0, 1905.0, 2092.0, 2121.0): 0, (2141.0, 2183.0, 433.0, 1347.0, 1905.0, 2092.0, 2121.0, 191.0): 0.06611412553787936, (2141.0, 2183.0, 1889.0, 193.0, 1905.0, 2092.0, 2121.0, 191.0): 0, (1356.0, 2183.0, 433.0, 192.0, 193.0, 1347.0, 1905.0, 191.0): 0.14247117174416699, (1356.0, 2183.0, 1889.0, 1347.0, 1905.0, 2092.0, 2121.0, 191.0): 0, (1356.0, 433.0, 192.0, 1889.0, 1347.0, 1905.0, 2092.0, 2121.0): 0, (2183.0, 433.0, 192.0, 1889.0, 193.0, 1347.0, 1905.0, 2121.0): 0, (2183.0, 433.0, 193.0, 1347.0, 1905.0, 2092.0, 2121.0, 191.0): 0, (1211.0, 1356.0, 2183.0, 192.0, 1889.0, 1347.0, 191.0): 0, (1211.0, 1356.0, 2183.0, 1889.0, 193.0, 1347.0, 2092.0): 0, (1211.0, 1356.0, 1889.0, 193.0, 1347.0, 2092.0, 191.0): 0, (1211.0, 2183.0, 192.0, 193.0, 1347.0, 1905.0, 191.0): 0, (1211.0, 2183.0, 1889.0, 193.0, 1905.0, 2121.0, 191.0): 0, (2141.0, 1356.0, 2183.0, 433.0, 1889.0, 1347.0, 2092.0): 0, (2141.0, 1356.0, 2183.0, 433.0, 1347.0, 1905.0, 2092.0): 0, (2141.0, 1356.0, 433.0, 192.0, 1889.0, 1905.0, 191.0): 0, (2141.0, 1356.0, 192.0, 1889.0, 193.0, 1347.0, 1905.0): 0.13751137161354396, (2141.0, 1356.0, 192.0, 1889.0, 193.0, 1905.0, 191.0): 0, (2141.0, 1356.0, 192.0, 1347.0, 1905.0, 2092.0, 191.0): 0, (2141.0, 2183.0, 433.0, 192.0, 1889.0, 193.0, 1347.0): 0, (2141.0, 2183.0, 433.0, 193.0, 1347.0, 2121.0, 191.0): 0.05454167748754917, (2141.0, 2183.0, 192.0, 1889.0, 193.0, 1347.0, 1905.0): 0, (2141.0, 2183.0, 192.0, 193.0, 1347.0, 1905.0, 2092.0): 0.13298119753939525, (2141.0, 433.0, 192.0, 1347.0, 1905.0, 2092.0, 191.0): 0, (2141.0, 192.0, 1889.0, 1347.0, 1905.0, 2092.0, 191.0): 0, (1356.0, 2183.0, 433.0, 192.0, 1889.0, 1905.0, 2121.0): 0, (1356.0, 2183.0, 433.0, 1347.0, 2092.0, 2121.0, 191.0): 0, (1356.0, 433.0, 192.0, 193.0, 1347.0, 1905.0, 2092.0): 0, (1356.0, 433.0, 192.0, 193.0, 1347.0, 1905.0, 2121.0): 0, (2183.0, 433.0, 192.0, 1347.0, 1905.0, 2121.0, 191.0): 0, (1211.0, 2141.0, 2183.0, 193.0, 1905.0, 191.0): 0, (1211.0, 1356.0, 192.0, 1889.0, 1347.0, 2092.0): 0, (1211.0, 2183.0, 1889.0, 193.0, 1347.0, 1905.0): 0, (2141.0, 1356.0, 2183.0, 433.0, 1889.0, 191.0): 0.0871922953669137, (2141.0, 1356.0, 2183.0, 193.0, 1905.0, 191.0): 0, (2141.0, 433.0, 1889.0, 193.0, 2092.0, 191.0): 0, (2141.0, 192.0, 1889.0, 1905.0, 2092.0, 2121.0): 0, (1356.0, 2183.0, 433.0, 193.0, 2092.0, 2121.0): 0, (1356.0, 433.0, 192.0, 1347.0, 2092.0, 191.0): 0, (1356.0, 433.0, 1889.0, 1905.0, 2092.0, 191.0): 0, (2183.0, 433.0, 192.0, 1889.0, 2092.0, 191.0): 0, (2183.0, 433.0, 1889.0, 193.0, 2121.0, 191.0): 0, (2183.0, 433.0, 1889.0, 1905.0, 2092.0, 2121.0): 0, (2183.0, 192.0, 1889.0, 1905.0, 2092.0, 2121.0): 0}
After Iteration 2 :
Voter 1: ID 277; Choice (1356.0, 2183.0, 433.0, 192.0, 1889.0, 1905.0, 2121.0) 
Voter 2: ID 362; Choice (2141.0, 1356.0, 2183.0, 433.0, 192.0, 193.0, 2092.0, 191.0) 
Voter 3: ID 249; Choice (1211.0, 2141.0, 1356.0, 2183.0, 192.0, 193.0) 
Voter 4: ID 480; Choice (2141.0, 2183.0, 433.0, 1347.0, 1905.0, 2092.0, 2121.0, 191.0) 
Voter 5: ID 704; Choice (2183.0, 433.0, 1889.0, 193.0, 2121.0, 191.0) 
Voter 6: ID 201; Choice (2141.0, 2183.0, 1889.0, 193.0, 1905.0, 2092.0, 2121.0, 191.0) 
Voter 7: ID 377; Choice (2141.0, 192.0, 1889.0, 1905.0, 2092.0, 2121.0) 
Voter 8: ID 352; Choice (1356.0, 433.0, 1889.0, 1905.0, 2092.0, 191.0) 
Voter 9: ID 416; Choice (1356.0, 433.0, 1889.0, 1905.0, 2092.0, 191.0) 
Voter 10: ID 510; Choice (2141.0, 433.0, 192.0, 1347.0, 1905.0, 2092.0, 191.0) 
Voter 11: ID 495; Choice (2141.0, 1356.0, 2183.0, 433.0, 1347.0, 1905.0, 2092.0) 
Voter 12: ID 120; Choice (1211.0, 1356.0, 2183.0, 192.0, 1889.0, 193.0, 1905.0, 191.0) 
Voter 13: ID 611; Choice (1356.0, 433.0, 192.0, 193.0, 1347.0, 1905.0, 2121.0) 
Voter 14: ID 394; Choice (2141.0, 192.0, 1889.0, 1347.0, 1905.0, 2092.0, 191.0) 
Voter 15: ID 279; Choice (2183.0, 192.0, 1889.0, 1905.0, 2092.0, 2121.0) 
Voter 16: ID 552; Choice (2141.0, 2183.0, 433.0, 1347.0, 1905.0, 2092.0, 2121.0, 191.0) 
Voter 17: ID 243; Choice (2141.0, 1356.0, 192.0, 1889.0, 193.0, 1347.0, 1905.0) 
Voter 18: ID 463; Choice (2141.0, 1356.0, 2183.0, 192.0, 1889.0, 1905.0, 2121.0, 191.0) 
Voter 19: ID 1; Choice (2183.0, 192.0, 1889.0, 1905.0, 2092.0, 2121.0) 
Voter 20: ID 208; Choice (2141.0, 1356.0, 2183.0, 192.0, 1889.0, 193.0, 1347.0, 2092.0, 2121.0, 191.0) 
Voter 21: ID 446; Choice (1211.0, 2141.0, 2183.0, 193.0, 1905.0, 191.0) 
Voter 22: ID 529; Choice (1356.0, 433.0, 192.0, 193.0, 1347.0, 1905.0, 2121.0) 
Voter 23: ID 66; Choice (2141.0, 1356.0, 192.0, 1889.0, 193.0, 1905.0, 191.0) 
Voter 24: ID 562; Choice (2183.0, 433.0, 1889.0, 193.0, 2121.0, 191.0) 
Voter 25: ID 487; Choice (2141.0, 2183.0, 433.0, 192.0, 193.0, 1905.0, 2092.0, 2121.0) 
Voter 26: ID 542; Choice (2141.0, 2183.0, 433.0, 192.0, 1889.0, 193.0, 1347.0) 
Voter 27: ID 471; Choice (1356.0, 2183.0, 433.0, 193.0, 2092.0, 2121.0) 
Voter 28: ID 572; Choice (2183.0, 433.0, 192.0, 1347.0, 1905.0, 2121.0, 191.0) 
Voter 29: ID 135; Choice (1211.0, 1356.0, 1889.0, 193.0, 1347.0, 2092.0, 191.0) 
Voter 30: ID 131; Choice (2183.0, 433.0, 193.0, 1347.0, 1905.0, 2092.0, 2121.0, 191.0) 
Voter 31: ID 238; Choice (2141.0, 1356.0, 2183.0, 192.0, 1889.0, 193.0, 1347.0, 2092.0, 2121.0, 191.0) 
Voter 32: ID 366; Choice (2141.0, 1356.0, 2183.0, 433.0, 1889.0, 1347.0, 2092.0) 
Voter 33: ID 711; Choice (2141.0, 433.0, 1889.0, 193.0, 2092.0, 191.0) 
Voter 34: ID 99; Choice (2141.0, 1356.0, 192.0, 1889.0, 193.0, 1905.0, 191.0) 
Voter 35: ID 428; Choice (1356.0, 433.0, 192.0, 193.0, 1347.0, 1905.0, 2092.0) 
Voter 36: ID 444; Choice (1211.0, 1356.0, 2183.0, 192.0, 1889.0, 193.0, 1905.0, 191.0) 
Voter 37: ID 549; Choice (2141.0, 1356.0, 192.0, 1347.0, 1905.0, 2092.0, 191.0) 
Voter 38: ID 375; Choice (1211.0, 1356.0, 2183.0, 1889.0, 193.0, 1347.0, 2092.0) 
Voter 39: ID 712; Choice (1211.0, 1356.0, 2183.0, 192.0, 1889.0, 1347.0, 191.0) 
Voter 40: ID 264; Choice (2183.0, 433.0, 1889.0, 193.0, 2121.0, 191.0) 
Voter 41: ID 447; Choice (2141.0, 1356.0, 2183.0, 433.0, 192.0, 193.0, 2092.0, 191.0) 
Voter 42: ID 224; Choice (2141.0, 2183.0, 433.0, 193.0, 1347.0, 2121.0, 191.0) 
Voter 43: ID 241; Choice (2141.0, 1356.0, 2183.0, 1889.0, 193.0, 1347.0, 1905.0, 2121.0) 
Voter 44: ID 363; Choice (1211.0, 2183.0, 1889.0, 193.0, 1347.0, 1905.0) 
Voter 45: ID 256; Choice (2141.0, 433.0, 1889.0, 193.0, 2092.0, 191.0) 
Voter 46: ID 602; Choice (2141.0, 1356.0, 2183.0, 192.0, 1889.0, 193.0, 1347.0, 2092.0, 2121.0, 191.0) 
Voter 47: ID 183; Choice (2141.0, 1356.0, 2183.0, 193.0, 1905.0, 191.0) 
Voter 48: ID 281; Choice (2183.0, 433.0, 192.0, 1889.0, 2092.0, 191.0) 
Voter 49: ID 272; Choice (2141.0, 433.0, 192.0, 1347.0, 1905.0, 2092.0, 191.0) 
Voter 50: ID 252; Choice (2141.0, 1356.0, 192.0, 1889.0, 193.0, 1347.0, 1905.0) 
---------------------------------------------------------------------------
After Iteration 3 :
Voter 1: ID 277; Choice (2183.0, 433.0, 192.0, 1889.0, 2092.0, 191.0) 
Voter 2: ID 362; Choice (2141.0, 2183.0, 433.0, 1347.0, 1905.0, 2092.0, 2121.0, 191.0) 
Voter 3: ID 249; Choice (2141.0, 1356.0, 192.0, 1347.0, 1905.0, 2092.0, 191.0) 
Voter 4: ID 480; Choice (1211.0, 2183.0, 1889.0, 193.0, 1347.0, 1905.0) 
Voter 5: ID 704; Choice (2183.0, 433.0, 192.0, 1889.0, 2092.0, 191.0) 
Voter 6: ID 201; Choice (2141.0, 1356.0, 2183.0, 433.0, 1347.0, 1905.0, 2092.0) 
Voter 7: ID 377; Choice (1211.0, 1356.0, 2183.0, 192.0, 1889.0, 1347.0, 191.0) 
Voter 8: ID 352; Choice (2141.0, 192.0, 1889.0, 1905.0, 2092.0, 2121.0) 
Voter 9: ID 416; Choice (1356.0, 433.0, 192.0, 193.0, 1347.0, 1905.0, 2092.0) 
Voter 10: ID 510; Choice (1356.0, 433.0, 192.0, 1347.0, 2092.0, 191.0) 
Voter 11: ID 495; Choice (2141.0, 1356.0, 2183.0, 1889.0, 193.0, 1347.0, 1905.0, 2121.0) 
Voter 12: ID 120; Choice (1211.0, 2141.0, 1356.0, 2183.0, 192.0, 193.0) 
Voter 13: ID 611; Choice (2141.0, 2183.0, 433.0, 193.0, 1347.0, 2121.0, 191.0) 
Voter 14: ID 394; Choice (1211.0, 2141.0, 1356.0, 2183.0, 192.0, 193.0) 
Voter 15: ID 279; Choice (2183.0, 433.0, 192.0, 1889.0, 193.0, 1347.0, 1905.0, 2121.0) 
Voter 16: ID 552; Choice (2141.0, 192.0, 1889.0, 1347.0, 1905.0, 2092.0, 191.0) 
Voter 17: ID 243; Choice (2141.0, 1356.0, 2183.0, 433.0, 192.0, 193.0, 2092.0, 191.0) 
Voter 18: ID 463; Choice (2141.0, 1356.0, 2183.0, 433.0, 1347.0, 1905.0, 2092.0) 
Voter 19: ID 1; Choice (1211.0, 1356.0, 2183.0, 1889.0, 193.0, 1347.0, 2092.0) 
Voter 20: ID 208; Choice (2141.0, 1356.0, 433.0, 192.0, 1889.0, 1905.0, 191.0) 
Voter 21: ID 446; Choice (1211.0, 2183.0, 1889.0, 193.0, 1905.0, 2121.0, 191.0) 
Voter 22: ID 529; Choice (2141.0, 433.0, 1889.0, 193.0, 2092.0, 191.0) 
Voter 23: ID 66; Choice (2183.0, 433.0, 1889.0, 1905.0, 2092.0, 2121.0) 
Voter 24: ID 562; Choice (1356.0, 2183.0, 1889.0, 1347.0, 1905.0, 2092.0, 2121.0, 191.0) 
Voter 25: ID 487; Choice (2141.0, 2183.0, 433.0, 192.0, 1347.0, 1905.0, 2092.0, 2121.0) 
Voter 26: ID 542; Choice (2141.0, 1356.0, 2183.0, 193.0, 1905.0, 191.0) 
Voter 27: ID 471; Choice (1211.0, 2141.0, 2183.0, 193.0, 1905.0, 191.0) 
Voter 28: ID 572; Choice (1211.0, 2141.0, 2183.0, 193.0, 1905.0, 191.0) 
Voter 29: ID 135; Choice (2141.0, 2183.0, 433.0, 192.0, 1347.0, 1905.0, 2092.0, 2121.0) 
Voter 30: ID 131; Choice (2183.0, 433.0, 192.0, 1347.0, 1905.0, 2121.0, 191.0) 
Voter 31: ID 238; Choice (2141.0, 1356.0, 2183.0, 1889.0, 193.0, 1347.0, 1905.0, 2121.0) 
Voter 32: ID 366; Choice (2141.0, 192.0, 1889.0, 1347.0, 1905.0, 2092.0, 191.0) 
Voter 33: ID 711; Choice (2141.0, 1356.0, 2183.0, 192.0, 1889.0, 193.0, 1347.0, 2092.0, 2121.0, 191.0) 
Voter 34: ID 99; Choice (2141.0, 1356.0, 2183.0, 193.0, 1905.0, 191.0) 
Voter 35: ID 428; Choice (1356.0, 2183.0, 1889.0, 1347.0, 1905.0, 2092.0, 2121.0, 191.0) 
Voter 36: ID 444; Choice (2141.0, 2183.0, 433.0, 192.0, 1889.0, 193.0, 1347.0) 
Voter 37: ID 549; Choice (2141.0, 2183.0, 1889.0, 193.0, 1905.0, 2092.0, 2121.0, 191.0) 
Voter 38: ID 375; Choice (2141.0, 2183.0, 433.0, 192.0, 193.0, 1905.0, 2092.0, 2121.0) 
Voter 39: ID 712; Choice (2183.0, 433.0, 1889.0, 1905.0, 2092.0, 2121.0) 
Voter 40: ID 264; Choice (2183.0, 433.0, 193.0, 1347.0, 1905.0, 2092.0, 2121.0, 191.0) 
Voter 41: ID 447; Choice (2141.0, 1356.0, 2183.0, 192.0, 1889.0, 193.0, 1347.0, 2092.0, 2121.0, 191.0) 
Voter 42: ID 224; Choice (2141.0, 433.0, 1889.0, 193.0, 2092.0, 191.0) 
Voter 43: ID 241; Choice (2183.0, 433.0, 193.0, 1347.0, 1905.0, 2092.0, 2121.0, 191.0) 
Voter 44: ID 363; Choice (1211.0, 1356.0, 2183.0, 192.0, 1889.0, 1347.0, 191.0) 
Voter 45: ID 256; Choice (2141.0, 433.0, 192.0, 1347.0, 1905.0, 2092.0, 191.0) 
Voter 46: ID 602; Choice (1356.0, 2183.0, 433.0, 192.0, 1889.0, 1905.0, 2121.0) 
Voter 47: ID 183; Choice (1356.0, 433.0, 192.0, 193.0, 1347.0, 1905.0, 2092.0) 
Voter 48: ID 281; Choice (2141.0, 2183.0, 433.0, 1347.0, 1905.0, 2092.0, 2121.0, 191.0) 
Voter 49: ID 272; Choice (1356.0, 2183.0, 433.0, 192.0, 193.0, 1347.0, 1905.0, 191.0) 
Voter 50: ID 252; Choice (2141.0, 1356.0, 2183.0, 433.0, 1889.0, 191.0) 
---------------------------------------------------------------------------
After Iteration 4 :
Voter 1: ID 277; Choice (1356.0, 2183.0, 192.0, 1889.0, 193.0, 1905.0, 2092.0, 191.0, 1347.0) 
Voter 2: ID 362; Choice (2141.0, 1356.0, 2183.0, 433.0, 192.0, 193.0, 2092.0, 191.0) 
Voter 3: ID 249; Choice (2141.0, 1356.0, 2183.0, 433.0, 192.0, 193.0, 2092.0, 191.0) 
Voter 4: ID 480; Choice (1356.0, 2183.0, 192.0, 1889.0, 193.0, 1905.0, 2092.0, 191.0, 1347.0) 
Voter 5: ID 704; Choice (1356.0, 2183.0, 192.0, 1889.0, 193.0, 1905.0, 2092.0, 191.0, 1347.0) 
Voter 6: ID 201; Choice (1356.0, 2183.0, 192.0, 1889.0, 193.0, 1905.0, 2092.0, 191.0, 1347.0) 
Voter 7: ID 377; Choice (1356.0, 2183.0, 192.0, 1889.0, 193.0, 1905.0, 2092.0, 191.0, 1347.0) 
Voter 8: ID 352; Choice (1356.0, 2183.0, 192.0, 1889.0, 193.0, 1905.0, 2092.0, 191.0) 
Voter 9: ID 416; Choice (2141.0, 1356.0, 2183.0, 192.0, 1889.0, 193.0, 1347.0, 2092.0, 2121.0, 191.0) 
Voter 10: ID 510; Choice (1356.0, 2183.0, 192.0, 1889.0, 193.0, 1905.0, 2092.0, 191.0) 
Voter 11: ID 495; Choice (1356.0, 2183.0, 192.0, 1889.0, 193.0, 1905.0, 2092.0, 191.0, 1347.0) 
Voter 12: ID 120; Choice (1211.0, 1356.0, 2183.0, 192.0, 1889.0, 193.0, 1905.0, 191.0) 
Voter 13: ID 611; Choice (1356.0, 2183.0, 192.0, 1889.0, 193.0, 1905.0, 2092.0, 191.0, 1347.0) 
Voter 14: ID 394; Choice (1356.0, 2183.0, 192.0, 1889.0, 193.0, 1905.0, 2092.0, 191.0, 1347.0) 
Voter 15: ID 279; Choice (1356.0, 2183.0, 192.0, 1889.0, 193.0, 1905.0, 2092.0, 191.0) 
Voter 16: ID 552; Choice (1356.0, 2183.0, 192.0, 1889.0, 193.0, 1905.0, 2092.0, 191.0, 1347.0) 
Voter 17: ID 243; Choice (1356.0, 2183.0, 192.0, 1889.0, 193.0, 1905.0, 2092.0, 191.0, 1347.0) 
Voter 18: ID 463; Choice (1356.0, 2183.0, 192.0, 1889.0, 193.0, 1905.0, 2092.0, 191.0, 1347.0) 
Voter 19: ID 1; Choice (1356.0, 2183.0, 192.0, 1889.0, 193.0, 1905.0, 2092.0, 191.0, 1347.0) 
Voter 20: ID 208; Choice (1356.0, 2183.0, 192.0, 1889.0, 193.0, 1905.0, 2092.0, 191.0, 1347.0) 
Voter 21: ID 446; Choice (2141.0, 1356.0, 192.0, 1347.0, 1905.0, 2092.0, 191.0) 
Voter 22: ID 529; Choice (1356.0, 2183.0, 192.0, 1889.0, 193.0, 1905.0, 2092.0, 191.0) 
Voter 23: ID 66; Choice (1356.0, 2183.0, 192.0, 1889.0, 193.0, 1905.0, 2092.0, 191.0) 
Voter 24: ID 562; Choice (1356.0, 2183.0, 192.0, 1889.0, 193.0, 1905.0, 2092.0, 191.0, 1347.0) 
Voter 25: ID 487; Choice (1356.0, 2183.0, 192.0, 1889.0, 193.0, 1905.0, 2092.0, 191.0, 1347.0) 
Voter 26: ID 542; Choice (1356.0, 2183.0, 192.0, 1889.0, 193.0, 1905.0, 2092.0, 191.0, 1347.0) 
Voter 27: ID 471; Choice (1356.0, 2183.0, 192.0, 1889.0, 193.0, 1905.0, 2092.0, 191.0, 1347.0) 
Voter 28: ID 572; Choice (1356.0, 2183.0, 192.0, 1889.0, 193.0, 1905.0, 2092.0, 191.0, 1347.0) 
Voter 29: ID 135; Choice (1211.0, 1356.0, 1889.0, 193.0, 1347.0, 2092.0, 191.0) 
Voter 30: ID 131; Choice (1356.0, 2183.0, 192.0, 1889.0, 193.0, 1905.0, 2092.0, 191.0, 1347.0) 
Voter 31: ID 238; Choice (1356.0, 2183.0, 192.0, 1889.0, 193.0, 1905.0, 2092.0, 191.0, 1347.0) 
Voter 32: ID 366; Choice (1356.0, 2183.0, 192.0, 1889.0, 193.0, 1905.0, 2092.0, 191.0, 1347.0) 
Voter 33: ID 711; Choice (1356.0, 2183.0, 192.0, 1889.0, 193.0, 1905.0, 2092.0, 191.0, 1347.0) 
Voter 34: ID 99; Choice (2141.0, 1356.0, 192.0, 1889.0, 193.0, 1905.0, 191.0) 
Voter 35: ID 428; Choice (1356.0, 2183.0, 192.0, 1889.0, 193.0, 1905.0, 2092.0, 191.0, 1347.0) 
Voter 36: ID 444; Choice (1356.0, 2183.0, 192.0, 1889.0, 193.0, 1905.0, 2092.0, 191.0) 
Voter 37: ID 549; Choice (2141.0, 1356.0, 192.0, 1347.0, 1905.0, 2092.0, 191.0) 
Voter 38: ID 375; Choice (1356.0, 2183.0, 192.0, 1889.0, 193.0, 1905.0, 2092.0, 191.0) 
Voter 39: ID 712; Choice (1356.0, 2183.0, 192.0, 1889.0, 193.0, 1905.0, 2092.0, 191.0) 
Voter 40: ID 264; Choice (1356.0, 2183.0, 192.0, 1889.0, 193.0, 1905.0, 2092.0, 191.0, 1347.0) 
Voter 41: ID 447; Choice (1356.0, 2183.0, 192.0, 1889.0, 193.0, 1905.0, 2092.0, 191.0, 1347.0) 
Voter 42: ID 224; Choice (1356.0, 2183.0, 192.0, 1889.0, 193.0, 1905.0, 2092.0, 191.0) 
Voter 43: ID 241; Choice (1356.0, 2183.0, 192.0, 1889.0, 193.0, 1905.0, 2092.0, 191.0) 
Voter 44: ID 363; Choice (2141.0, 1356.0, 2183.0, 192.0, 1889.0, 193.0, 1347.0, 2092.0, 2121.0, 191.0) 
Voter 45: ID 256; Choice (1356.0, 2183.0, 192.0, 1889.0, 193.0, 1905.0, 2092.0, 191.0, 1347.0) 
Voter 46: ID 602; Choice (1356.0, 2183.0, 192.0, 1889.0, 193.0, 1905.0, 2092.0, 191.0, 1347.0) 
Voter 47: ID 183; Choice (1356.0, 2183.0, 192.0, 1889.0, 193.0, 1905.0, 2092.0, 191.0, 1347.0) 
Voter 48: ID 281; Choice (1356.0, 2183.0, 192.0, 1889.0, 193.0, 1905.0, 2092.0, 191.0, 1347.0) 
Voter 49: ID 272; Choice (1356.0, 2183.0, 192.0, 1889.0, 193.0, 1905.0, 2092.0, 191.0, 1347.0) 
Voter 50: ID 252; Choice (2141.0, 1356.0, 192.0, 1889.0, 193.0, 1347.0, 1905.0) 
---------------------------------------------------------------------------
After Iteration 5 :
Voter 1: ID 277; Choice (1356.0, 2183.0, 192.0, 1889.0, 193.0, 1905.0, 2092.0, 191.0, 1347.0) 
Voter 2: ID 362; Choice (2141.0, 1356.0, 192.0, 1347.0, 1905.0, 2092.0, 191.0) 
Voter 3: ID 249; Choice (2141.0, 1356.0, 2183.0, 433.0, 192.0, 193.0, 2092.0, 191.0) 
Voter 4: ID 480; Choice (1356.0, 2183.0, 192.0, 1889.0, 193.0, 1905.0, 2092.0, 191.0, 1347.0) 
Voter 5: ID 704; Choice (1356.0, 2183.0, 192.0, 1889.0, 193.0, 1905.0, 2092.0, 191.0, 1347.0) 
Voter 6: ID 201; Choice (1356.0, 2183.0, 192.0, 1889.0, 193.0, 1905.0, 2092.0, 191.0, 1347.0) 
Voter 7: ID 377; Choice (1356.0, 2183.0, 192.0, 1889.0, 193.0, 1905.0, 2092.0, 191.0, 1347.0) 
Voter 8: ID 352; Choice (2141.0, 2183.0, 433.0, 192.0, 1889.0, 1905.0, 2121.0, 191.0) 
Voter 9: ID 416; Choice (1356.0, 2183.0, 192.0, 1889.0, 193.0, 1905.0, 2092.0, 191.0) 
Voter 10: ID 510; Choice (1356.0, 2183.0, 192.0, 1889.0, 193.0, 1905.0, 2092.0, 191.0) 
Voter 11: ID 495; Choice (1356.0, 2183.0, 192.0, 1889.0, 193.0, 1905.0, 2092.0, 191.0, 1347.0) 
Voter 12: ID 120; Choice (1356.0, 2183.0, 192.0, 1889.0, 193.0, 1905.0, 2092.0, 191.0, 1347.0) 
Voter 13: ID 611; Choice (1356.0, 2183.0, 192.0, 1889.0, 193.0, 1905.0, 2092.0, 191.0, 1347.0) 
Voter 14: ID 394; Choice (1356.0, 2183.0, 192.0, 1889.0, 193.0, 1905.0, 2092.0, 191.0, 1347.0) 
Voter 15: ID 279; Choice (1356.0, 2183.0, 192.0, 1889.0, 193.0, 1905.0, 2092.0, 191.0, 1347.0) 
Voter 16: ID 552; Choice (2141.0, 192.0, 1889.0, 1347.0, 1905.0, 2092.0, 191.0) 
Voter 17: ID 243; Choice (2141.0, 1356.0, 192.0, 1347.0, 1905.0, 2092.0, 191.0) 
Voter 18: ID 463; Choice (1356.0, 2183.0, 192.0, 1889.0, 193.0, 1905.0, 2092.0, 191.0, 1347.0) 
Voter 19: ID 1; Choice (2141.0, 1356.0, 192.0, 1347.0, 1905.0, 2092.0, 191.0) 
Voter 20: ID 208; Choice (1356.0, 2183.0, 192.0, 1889.0, 193.0, 1905.0, 2092.0, 191.0, 1347.0) 
Voter 21: ID 446; Choice (2141.0, 1356.0, 192.0, 1347.0, 1905.0, 2092.0, 191.0) 
Voter 22: ID 529; Choice (2141.0, 1356.0, 192.0, 1347.0, 1905.0, 2092.0, 191.0) 
Voter 23: ID 66; Choice (1356.0, 2183.0, 192.0, 1889.0, 193.0, 1905.0, 2092.0, 191.0, 1347.0) 
Voter 24: ID 562; Choice (1356.0, 2183.0, 192.0, 1889.0, 193.0, 1905.0, 2092.0, 191.0, 1347.0) 
Voter 25: ID 487; Choice (2141.0, 1356.0, 192.0, 1347.0, 1905.0, 2092.0, 191.0) 
Voter 26: ID 542; Choice (1356.0, 2183.0, 192.0, 1889.0, 193.0, 1905.0, 2092.0, 191.0, 1347.0) 
Voter 27: ID 471; Choice (2141.0, 1356.0, 192.0, 1347.0, 1905.0, 2092.0, 191.0) 
Voter 28: ID 572; Choice (1356.0, 2183.0, 192.0, 1889.0, 193.0, 1905.0, 2092.0, 191.0, 1347.0) 
Voter 29: ID 135; Choice (1211.0, 1356.0, 1889.0, 193.0, 1347.0, 2092.0, 191.0) 
Voter 30: ID 131; Choice (1356.0, 2183.0, 192.0, 1889.0, 193.0, 1905.0, 2092.0, 191.0, 1347.0) 
Voter 31: ID 238; Choice (1356.0, 2183.0, 192.0, 1889.0, 193.0, 1905.0, 2092.0, 191.0, 1347.0) 
Voter 32: ID 366; Choice (2141.0, 192.0, 1889.0, 1347.0, 1905.0, 2092.0, 191.0) 
Voter 33: ID 711; Choice (1356.0, 2183.0, 192.0, 1889.0, 193.0, 1905.0, 2092.0, 191.0, 1347.0) 
Voter 34: ID 99; Choice (2141.0, 1356.0, 192.0, 1889.0, 193.0, 1905.0, 191.0) 
Voter 35: ID 428; Choice (2141.0, 1356.0, 192.0, 1347.0, 1905.0, 2092.0, 191.0) 
Voter 36: ID 444; Choice (2141.0, 1356.0, 192.0, 1347.0, 1905.0, 2092.0, 191.0) 
Voter 37: ID 549; Choice (2141.0, 2183.0, 1889.0, 193.0, 1905.0, 2092.0, 2121.0, 191.0) 
Voter 38: ID 375; Choice (1356.0, 2183.0, 192.0, 1889.0, 193.0, 1905.0, 2092.0, 191.0) 
Voter 39: ID 712; Choice (2141.0, 1356.0, 192.0, 1347.0, 1905.0, 2092.0, 191.0) 
Voter 40: ID 264; Choice (1356.0, 2183.0, 192.0, 1889.0, 193.0, 1905.0, 2092.0, 191.0, 1347.0) 
Voter 41: ID 447; Choice (1356.0, 2183.0, 192.0, 1889.0, 193.0, 1905.0, 2092.0, 191.0, 1347.0) 
Voter 42: ID 224; Choice (1356.0, 2183.0, 192.0, 1889.0, 193.0, 1905.0, 2092.0, 191.0, 1347.0) 
Voter 43: ID 241; Choice (1356.0, 2183.0, 192.0, 1889.0, 193.0, 1905.0, 2092.0, 191.0, 1347.0) 
Voter 44: ID 363; Choice (2183.0, 433.0, 192.0, 1889.0, 193.0, 1347.0, 1905.0, 2121.0) 
Voter 45: ID 256; Choice (1356.0, 2183.0, 192.0, 1889.0, 193.0, 1905.0, 2092.0, 191.0, 1347.0) 
Voter 46: ID 602; Choice (1356.0, 2183.0, 192.0, 1889.0, 193.0, 1905.0, 2092.0, 191.0, 1347.0) 
Voter 47: ID 183; Choice (1356.0, 2183.0, 192.0, 1889.0, 193.0, 1905.0, 2092.0, 191.0, 1347.0) 
Voter 48: ID 281; Choice (1356.0, 2183.0, 192.0, 1889.0, 193.0, 1905.0, 2092.0, 191.0, 1347.0) 
Voter 49: ID 272; Choice (1356.0, 2183.0, 433.0, 192.0, 193.0, 1347.0, 1905.0, 191.0) 
Voter 50: ID 252; Choice (2141.0, 1356.0, 192.0, 1889.0, 193.0, 1347.0, 1905.0) 
---------------------------------------------------------------------------
After Iteration 6 :
Voter 1: ID 277; Choice (1356.0, 2183.0, 192.0, 1889.0, 193.0, 1905.0, 2092.0, 191.0, 1347.0) 
Voter 2: ID 362; Choice (1356.0, 2183.0, 192.0, 1889.0, 193.0, 1905.0, 2092.0, 191.0, 1347.0) 
Voter 3: ID 249; Choice (2141.0, 1356.0, 2183.0, 433.0, 192.0, 193.0, 2092.0, 191.0) 
Voter 4: ID 480; Choice (1356.0, 2183.0, 192.0, 1889.0, 193.0, 1905.0, 2092.0, 191.0, 1347.0) 
Voter 5: ID 704; Choice (1356.0, 2183.0, 192.0, 1889.0, 193.0, 1905.0, 2092.0, 191.0, 1347.0) 
Voter 6: ID 201; Choice (1356.0, 2183.0, 192.0, 1889.0, 193.0, 1905.0, 2092.0, 191.0, 1347.0) 
Voter 7: ID 377; Choice (1356.0, 2183.0, 192.0, 1889.0, 193.0, 1905.0, 2092.0, 191.0, 1347.0) 
Voter 8: ID 352; Choice (1356.0, 2183.0, 192.0, 1889.0, 193.0, 1905.0, 2092.0, 191.0) 
Voter 9: ID 416; Choice (1356.0, 2183.0, 192.0, 1889.0, 193.0, 1905.0, 2092.0, 191.0, 1347.0) 
Voter 10: ID 510; Choice (1356.0, 2183.0, 192.0, 1889.0, 193.0, 1905.0, 2092.0, 191.0) 
Voter 11: ID 495; Choice (1356.0, 2183.0, 192.0, 1889.0, 193.0, 1905.0, 2092.0, 191.0, 1347.0) 
Voter 12: ID 120; Choice (1211.0, 1356.0, 2183.0, 192.0, 1889.0, 193.0, 1905.0, 191.0) 
Voter 13: ID 611; Choice (1356.0, 2183.0, 192.0, 1889.0, 193.0, 1905.0, 2092.0, 191.0, 1347.0) 
Voter 14: ID 394; Choice (1356.0, 2183.0, 192.0, 1889.0, 193.0, 1905.0, 2092.0, 191.0, 1347.0) 
Voter 15: ID 279; Choice (1356.0, 2183.0, 192.0, 1889.0, 193.0, 1905.0, 2092.0, 191.0, 1347.0) 
Voter 16: ID 552; Choice (1356.0, 2183.0, 192.0, 1889.0, 193.0, 1905.0, 2092.0, 191.0, 1347.0) 
Voter 17: ID 243; Choice (2141.0, 1356.0, 192.0, 1347.0, 1905.0, 2092.0, 191.0) 
Voter 18: ID 463; Choice (1356.0, 2183.0, 192.0, 1889.0, 193.0, 1905.0, 2092.0, 191.0, 1347.0) 
Voter 19: ID 1; Choice (1356.0, 2183.0, 192.0, 1889.0, 193.0, 1905.0, 2092.0, 191.0, 1347.0) 
Voter 20: ID 208; Choice (1356.0, 2183.0, 192.0, 1889.0, 193.0, 1905.0, 2092.0, 191.0, 1347.0) 
Voter 21: ID 446; Choice (1356.0, 2183.0, 192.0, 1889.0, 193.0, 1905.0, 2092.0, 191.0, 1347.0) 
Voter 22: ID 529; Choice (1356.0, 2183.0, 192.0, 1889.0, 193.0, 1905.0, 2092.0, 191.0, 1347.0) 
Voter 23: ID 66; Choice (1356.0, 2183.0, 192.0, 1889.0, 193.0, 1905.0, 2092.0, 191.0, 1347.0) 
Voter 24: ID 562; Choice (1356.0, 2183.0, 192.0, 1889.0, 193.0, 1905.0, 2092.0, 191.0, 1347.0) 
Voter 25: ID 487; Choice (1356.0, 2183.0, 192.0, 1889.0, 193.0, 1905.0, 2092.0, 191.0, 1347.0) 
Voter 26: ID 542; Choice (1356.0, 2183.0, 192.0, 1889.0, 193.0, 1905.0, 2092.0, 191.0, 1347.0) 
Voter 27: ID 471; Choice (1356.0, 2183.0, 192.0, 1889.0, 193.0, 1905.0, 2092.0, 191.0, 1347.0) 
Voter 28: ID 572; Choice (1356.0, 2183.0, 192.0, 1889.0, 193.0, 1905.0, 2092.0, 191.0, 1347.0) 
Voter 29: ID 135; Choice (1356.0, 2183.0, 192.0, 1889.0, 193.0, 1905.0, 2092.0, 191.0, 1347.0) 
Voter 30: ID 131; Choice (1356.0, 2183.0, 192.0, 1889.0, 193.0, 1905.0, 2092.0, 191.0, 1347.0) 
Voter 31: ID 238; Choice (1356.0, 2183.0, 192.0, 1889.0, 193.0, 1905.0, 2092.0, 191.0, 1347.0) 
Voter 32: ID 366; Choice (1356.0, 2183.0, 192.0, 1889.0, 193.0, 1905.0, 2092.0, 191.0, 1347.0) 
Voter 33: ID 711; Choice (1356.0, 2183.0, 192.0, 1889.0, 193.0, 1905.0, 2092.0, 191.0, 1347.0) 
Voter 34: ID 99; Choice (2141.0, 1356.0, 192.0, 1889.0, 193.0, 1905.0, 191.0) 
Voter 35: ID 428; Choice (1356.0, 2183.0, 192.0, 1889.0, 193.0, 1905.0, 2092.0, 191.0, 1347.0) 
Voter 36: ID 444; Choice (2141.0, 2183.0, 433.0, 1347.0, 1905.0, 2092.0, 2121.0, 191.0) 
Voter 37: ID 549; Choice (2141.0, 2183.0, 1889.0, 193.0, 1905.0, 2092.0, 2121.0, 191.0) 
Voter 38: ID 375; Choice (1356.0, 2183.0, 192.0, 1889.0, 193.0, 1905.0, 2092.0, 191.0) 
Voter 39: ID 712; Choice (1356.0, 2183.0, 192.0, 1889.0, 193.0, 1905.0, 2092.0, 191.0, 1347.0) 
Voter 40: ID 264; Choice (1356.0, 2183.0, 192.0, 1889.0, 193.0, 1905.0, 2092.0, 191.0, 1347.0) 
Voter 41: ID 447; Choice (1356.0, 2183.0, 192.0, 1889.0, 193.0, 1905.0, 2092.0, 191.0, 1347.0) 
Voter 42: ID 224; Choice (1356.0, 2183.0, 192.0, 1889.0, 193.0, 1905.0, 2092.0, 191.0, 1347.0) 
Voter 43: ID 241; Choice (1356.0, 2183.0, 192.0, 1889.0, 193.0, 1905.0, 2092.0, 191.0) 
Voter 44: ID 363; Choice (1356.0, 2183.0, 192.0, 1889.0, 193.0, 1905.0, 2092.0, 191.0, 1347.0) 
Voter 45: ID 256; Choice (1356.0, 2183.0, 192.0, 1889.0, 193.0, 1905.0, 2092.0, 191.0, 1347.0) 
Voter 46: ID 602; Choice (1356.0, 2183.0, 192.0, 1889.0, 193.0, 1905.0, 2092.0, 191.0, 1347.0) 
Voter 47: ID 183; Choice (1356.0, 2183.0, 192.0, 1889.0, 193.0, 1905.0, 2092.0, 191.0, 1347.0) 
Voter 48: ID 281; Choice (1356.0, 2183.0, 192.0, 1889.0, 193.0, 1905.0, 2092.0, 191.0, 1347.0) 
Voter 49: ID 272; Choice (1356.0, 2183.0, 192.0, 1889.0, 193.0, 1905.0, 2092.0, 191.0, 1347.0) 
Voter 50: ID 252; Choice (2141.0, 1356.0, 192.0, 1889.0, 193.0, 1347.0, 1905.0) 
---------------------------------------------------------------------------
After Iteration 7 :
Voter 1: ID 277; Choice (1356.0, 2183.0, 192.0, 1889.0, 193.0, 1905.0, 2092.0, 191.0, 1347.0) 
Voter 2: ID 362; Choice (1356.0, 2183.0, 192.0, 1889.0, 193.0, 1905.0, 2092.0, 191.0, 1347.0) 
Voter 3: ID 249; Choice (2141.0, 1356.0, 2183.0, 433.0, 192.0, 193.0, 2092.0, 191.0) 
Voter 4: ID 480; Choice (1356.0, 2183.0, 192.0, 1889.0, 193.0, 1905.0, 2092.0, 191.0, 1347.0) 
Voter 5: ID 704; Choice (1356.0, 2183.0, 192.0, 1889.0, 193.0, 1905.0, 2092.0, 191.0, 1347.0) 
Voter 6: ID 201; Choice (1356.0, 2183.0, 192.0, 1889.0, 193.0, 1905.0, 2092.0, 191.0, 1347.0) 
Voter 7: ID 377; Choice (1356.0, 2183.0, 192.0, 1889.0, 193.0, 1905.0, 2092.0, 191.0, 1347.0) 
Voter 8: ID 352; Choice (1356.0, 2183.0, 192.0, 1889.0, 193.0, 1905.0, 2092.0, 191.0) 
Voter 9: ID 416; Choice (1356.0, 2183.0, 192.0, 1889.0, 193.0, 1905.0, 2092.0, 191.0, 1347.0) 
Voter 10: ID 510; Choice (1356.0, 2183.0, 192.0, 1889.0, 193.0, 1905.0, 2092.0, 191.0) 
Voter 11: ID 495; Choice (1356.0, 2183.0, 192.0, 1889.0, 193.0, 1905.0, 2092.0, 191.0, 1347.0) 
Voter 12: ID 120; Choice (1356.0, 2183.0, 192.0, 1889.0, 193.0, 1905.0, 2092.0, 191.0, 1347.0) 
Voter 13: ID 611; Choice (1356.0, 2183.0, 192.0, 1889.0, 193.0, 1905.0, 2092.0, 191.0, 1347.0) 
Voter 14: ID 394; Choice (1356.0, 2183.0, 192.0, 1889.0, 193.0, 1905.0, 2092.0, 191.0, 1347.0) 
Voter 15: ID 279; Choice (1356.0, 2183.0, 192.0, 1889.0, 193.0, 1905.0, 2092.0, 191.0, 1347.0) 
Voter 16: ID 552; Choice (1356.0, 2183.0, 192.0, 1889.0, 193.0, 1905.0, 2092.0, 191.0, 1347.0) 
Voter 17: ID 243; Choice (2141.0, 1356.0, 192.0, 1347.0, 1905.0, 2092.0, 191.0) 
Voter 18: ID 463; Choice (1356.0, 2183.0, 192.0, 1889.0, 193.0, 1905.0, 2092.0, 191.0, 1347.0) 
Voter 19: ID 1; Choice (1356.0, 2183.0, 192.0, 1889.0, 193.0, 1905.0, 2092.0, 191.0, 1347.0) 
Voter 20: ID 208; Choice (1356.0, 2183.0, 192.0, 1889.0, 193.0, 1905.0, 2092.0, 191.0, 1347.0) 
Voter 21: ID 446; Choice (2141.0, 1356.0, 192.0, 1347.0, 1905.0, 2092.0, 191.0) 
Voter 22: ID 529; Choice (1356.0, 2183.0, 192.0, 1889.0, 193.0, 1905.0, 2092.0, 191.0, 1347.0) 
Voter 23: ID 66; Choice (1356.0, 2183.0, 192.0, 1889.0, 193.0, 1905.0, 2092.0, 191.0, 1347.0) 
Voter 24: ID 562; Choice (1356.0, 2183.0, 192.0, 1889.0, 193.0, 1905.0, 2092.0, 191.0, 1347.0) 
Voter 25: ID 487; Choice (1356.0, 2183.0, 192.0, 1889.0, 193.0, 1905.0, 2092.0, 191.0, 1347.0) 
Voter 26: ID 542; Choice (1356.0, 2183.0, 192.0, 1889.0, 193.0, 1905.0, 2092.0, 191.0, 1347.0) 
Voter 27: ID 471; Choice (1356.0, 2183.0, 192.0, 1889.0, 193.0, 1905.0, 2092.0, 191.0, 1347.0) 
Voter 28: ID 572; Choice (1356.0, 2183.0, 192.0, 1889.0, 193.0, 1905.0, 2092.0, 191.0, 1347.0) 
Voter 29: ID 135; Choice (1356.0, 2183.0, 192.0, 1889.0, 193.0, 1905.0, 2092.0, 191.0, 1347.0) 
Voter 30: ID 131; Choice (1356.0, 2183.0, 192.0, 1889.0, 193.0, 1905.0, 2092.0, 191.0, 1347.0) 
Voter 31: ID 238; Choice (1356.0, 2183.0, 192.0, 1889.0, 193.0, 1905.0, 2092.0, 191.0, 1347.0) 
Voter 32: ID 366; Choice (1356.0, 2183.0, 192.0, 1889.0, 193.0, 1905.0, 2092.0, 191.0, 1347.0) 
Voter 33: ID 711; Choice (1356.0, 2183.0, 192.0, 1889.0, 193.0, 1905.0, 2092.0, 191.0, 1347.0) 
Voter 34: ID 99; Choice (2141.0, 1356.0, 192.0, 1889.0, 193.0, 1905.0, 191.0) 
Voter 35: ID 428; Choice (1356.0, 2183.0, 192.0, 1889.0, 193.0, 1905.0, 2092.0, 191.0, 1347.0) 
Voter 36: ID 444; Choice (1356.0, 2183.0, 192.0, 1889.0, 193.0, 1905.0, 2092.0, 191.0, 1347.0) 
Voter 37: ID 549; Choice (1356.0, 2183.0, 192.0, 1889.0, 193.0, 1905.0, 2092.0, 191.0, 1347.0) 
Voter 38: ID 375; Choice (1356.0, 2183.0, 192.0, 1889.0, 193.0, 1905.0, 2092.0, 191.0) 
Voter 39: ID 712; Choice (1356.0, 2183.0, 192.0, 1889.0, 193.0, 1905.0, 2092.0, 191.0, 1347.0) 
Voter 40: ID 264; Choice (1356.0, 2183.0, 192.0, 1889.0, 193.0, 1905.0, 2092.0, 191.0, 1347.0) 
Voter 41: ID 447; Choice (1356.0, 2183.0, 192.0, 1889.0, 193.0, 1905.0, 2092.0, 191.0, 1347.0) 
Voter 42: ID 224; Choice (1356.0, 2183.0, 192.0, 1889.0, 193.0, 1905.0, 2092.0, 191.0, 1347.0) 
Voter 43: ID 241; Choice (1356.0, 2183.0, 192.0, 1889.0, 193.0, 1905.0, 2092.0, 191.0, 1347.0) 
Voter 44: ID 363; Choice (2141.0, 192.0, 1889.0, 1347.0, 1905.0, 2092.0, 191.0) 
Voter 45: ID 256; Choice (1356.0, 2183.0, 192.0, 1889.0, 193.0, 1905.0, 2092.0, 191.0, 1347.0) 
Voter 46: ID 602; Choice (1356.0, 2183.0, 192.0, 1889.0, 193.0, 1905.0, 2092.0, 191.0, 1347.0) 
Voter 47: ID 183; Choice (1356.0, 2183.0, 192.0, 1889.0, 193.0, 1905.0, 2092.0, 191.0, 1347.0) 
Voter 48: ID 281; Choice (1356.0, 2183.0, 192.0, 1889.0, 193.0, 1905.0, 2092.0, 191.0, 1347.0) 
Voter 49: ID 272; Choice (1356.0, 2183.0, 192.0, 1889.0, 193.0, 1905.0, 2092.0, 191.0, 1347.0) 
Voter 50: ID 252; Choice (2141.0, 192.0, 1889.0, 1347.0, 1905.0, 2092.0, 191.0) 
---------------------------------------------------------------------------
After Iteration 8 :
Voter 1: ID 277; Choice (1356.0, 2183.0, 192.0, 1889.0, 193.0, 1905.0, 2092.0, 191.0, 1347.0) 
Voter 2: ID 362; Choice (1356.0, 2183.0, 192.0, 1889.0, 193.0, 1905.0, 2092.0, 191.0, 1347.0) 
Voter 3: ID 249; Choice (2141.0, 1356.0, 2183.0, 433.0, 192.0, 193.0, 2092.0, 191.0) 
Voter 4: ID 480; Choice (1356.0, 2183.0, 192.0, 1889.0, 193.0, 1905.0, 2092.0, 191.0, 1347.0) 
Voter 5: ID 704; Choice (1356.0, 2183.0, 192.0, 1889.0, 193.0, 1905.0, 2092.0, 191.0, 1347.0) 
Voter 6: ID 201; Choice (1356.0, 2183.0, 192.0, 1889.0, 193.0, 1905.0, 2092.0, 191.0, 1347.0) 
Voter 7: ID 377; Choice (1356.0, 2183.0, 192.0, 1889.0, 193.0, 1905.0, 2092.0, 191.0, 1347.0) 
Voter 8: ID 352; Choice (2141.0, 192.0, 1889.0, 1347.0, 1905.0, 2092.0, 191.0) 
Voter 9: ID 416; Choice (1356.0, 2183.0, 192.0, 1889.0, 193.0, 1905.0, 2092.0, 191.0, 1347.0) 
Voter 10: ID 510; Choice (2141.0, 192.0, 1889.0, 1347.0, 1905.0, 2092.0, 191.0) 
Voter 11: ID 495; Choice (1356.0, 2183.0, 192.0, 1889.0, 193.0, 1905.0, 2092.0, 191.0, 1347.0) 
Voter 12: ID 120; Choice (1356.0, 2183.0, 192.0, 1889.0, 193.0, 1905.0, 2092.0, 191.0, 1347.0) 
Voter 13: ID 611; Choice (1356.0, 2183.0, 192.0, 1889.0, 193.0, 1905.0, 2092.0, 191.0, 1347.0) 
Voter 14: ID 394; Choice (1356.0, 2183.0, 192.0, 1889.0, 193.0, 1905.0, 2092.0, 191.0, 1347.0) 
Voter 15: ID 279; Choice (1356.0, 2183.0, 192.0, 1889.0, 193.0, 1905.0, 2092.0, 191.0, 1347.0) 
Voter 16: ID 552; Choice (1356.0, 2183.0, 192.0, 1889.0, 193.0, 1905.0, 2092.0, 191.0, 1347.0) 
Voter 17: ID 243; Choice (2141.0, 1356.0, 192.0, 1347.0, 1905.0, 2092.0, 191.0) 
Voter 18: ID 463; Choice (1356.0, 2183.0, 192.0, 1889.0, 193.0, 1905.0, 2092.0, 191.0, 1347.0) 
Voter 19: ID 1; Choice (1356.0, 2183.0, 192.0, 1889.0, 193.0, 1905.0, 2092.0, 191.0, 1347.0) 
Voter 20: ID 208; Choice (1356.0, 2183.0, 192.0, 1889.0, 193.0, 1905.0, 2092.0, 191.0, 1347.0) 
Voter 21: ID 446; Choice (1356.0, 2183.0, 192.0, 1889.0, 193.0, 1905.0, 2092.0, 191.0, 1347.0) 
Voter 22: ID 529; Choice (1356.0, 2183.0, 192.0, 1889.0, 193.0, 1905.0, 2092.0, 191.0, 1347.0) 
Voter 23: ID 66; Choice (1356.0, 2183.0, 192.0, 1889.0, 193.0, 1905.0, 2092.0, 191.0, 1347.0) 
Voter 24: ID 562; Choice (1356.0, 2183.0, 192.0, 1889.0, 193.0, 1905.0, 2092.0, 191.0, 1347.0) 
Voter 25: ID 487; Choice (1356.0, 2183.0, 192.0, 1889.0, 193.0, 1905.0, 2092.0, 191.0, 1347.0) 
Voter 26: ID 542; Choice (1356.0, 2183.0, 192.0, 1889.0, 193.0, 1905.0, 2092.0, 191.0, 1347.0) 
Voter 27: ID 471; Choice (1356.0, 2183.0, 192.0, 1889.0, 193.0, 1905.0, 2092.0, 191.0, 1347.0) 
Voter 28: ID 572; Choice (1356.0, 2183.0, 192.0, 1889.0, 193.0, 1905.0, 2092.0, 191.0, 1347.0) 
Voter 29: ID 135; Choice (1356.0, 2183.0, 192.0, 1889.0, 193.0, 1905.0, 2092.0, 191.0, 1347.0) 
Voter 30: ID 131; Choice (1356.0, 2183.0, 192.0, 1889.0, 193.0, 1905.0, 2092.0, 191.0, 1347.0) 
Voter 31: ID 238; Choice (1356.0, 2183.0, 192.0, 1889.0, 193.0, 1905.0, 2092.0, 191.0, 1347.0) 
Voter 32: ID 366; Choice (1356.0, 2183.0, 192.0, 1889.0, 193.0, 1905.0, 2092.0, 191.0, 1347.0) 
Voter 33: ID 711; Choice (1356.0, 2183.0, 192.0, 1889.0, 193.0, 1905.0, 2092.0, 191.0, 1347.0) 
Voter 34: ID 99; Choice (2141.0, 1356.0, 192.0, 1889.0, 193.0, 1905.0, 191.0) 
Voter 35: ID 428; Choice (1356.0, 2183.0, 192.0, 1889.0, 193.0, 1905.0, 2092.0, 191.0, 1347.0) 
Voter 36: ID 444; Choice (1356.0, 2183.0, 192.0, 1889.0, 193.0, 1905.0, 2092.0, 191.0, 1347.0) 
Voter 37: ID 549; Choice (2141.0, 2183.0, 1889.0, 193.0, 1905.0, 2092.0, 2121.0, 191.0) 
Voter 38: ID 375; Choice (1356.0, 2183.0, 192.0, 1889.0, 193.0, 1905.0, 2092.0, 191.0) 
Voter 39: ID 712; Choice (1356.0, 2183.0, 192.0, 1889.0, 193.0, 1905.0, 2092.0, 191.0, 1347.0) 
Voter 40: ID 264; Choice (1356.0, 2183.0, 192.0, 1889.0, 193.0, 1905.0, 2092.0, 191.0, 1347.0) 
Voter 41: ID 447; Choice (1356.0, 2183.0, 192.0, 1889.0, 193.0, 1905.0, 2092.0, 191.0, 1347.0) 
Voter 42: ID 224; Choice (1356.0, 2183.0, 192.0, 1889.0, 193.0, 1905.0, 2092.0, 191.0, 1347.0) 
Voter 43: ID 241; Choice (1356.0, 2183.0, 192.0, 1889.0, 193.0, 1905.0, 2092.0, 191.0) 
Voter 44: ID 363; Choice (1356.0, 2183.0, 192.0, 1889.0, 193.0, 1905.0, 2092.0, 191.0, 1347.0) 
Voter 45: ID 256; Choice (1356.0, 2183.0, 192.0, 1889.0, 193.0, 1905.0, 2092.0, 191.0, 1347.0) 
Voter 46: ID 602; Choice (1356.0, 2183.0, 192.0, 1889.0, 193.0, 1905.0, 2092.0, 191.0, 1347.0) 
Voter 47: ID 183; Choice (1356.0, 2183.0, 192.0, 1889.0, 193.0, 1905.0, 2092.0, 191.0, 1347.0) 
Voter 48: ID 281; Choice (1356.0, 2183.0, 192.0, 1889.0, 193.0, 1905.0, 2092.0, 191.0, 1347.0) 
Voter 49: ID 272; Choice (1356.0, 2183.0, 192.0, 1889.0, 193.0, 1905.0, 2092.0, 191.0, 1347.0) 
Voter 50: ID 252; Choice (2141.0, 192.0, 1889.0, 1347.0, 1905.0, 2092.0, 191.0) 
---------------------------------------------------------------------------
After Iteration 9 :
Voter 1: ID 277; Choice (1356.0, 2183.0, 192.0, 1889.0, 193.0, 1905.0, 2092.0, 191.0, 1347.0) 
Voter 2: ID 362; Choice (1356.0, 2183.0, 192.0, 1889.0, 193.0, 1905.0, 2092.0, 191.0, 1347.0) 
Voter 3: ID 249; Choice (2141.0, 1356.0, 2183.0, 433.0, 192.0, 193.0, 2092.0, 191.0) 
Voter 4: ID 480; Choice (1356.0, 2183.0, 192.0, 1889.0, 193.0, 1905.0, 2092.0, 191.0, 1347.0) 
Voter 5: ID 704; Choice (2141.0, 1356.0, 192.0, 1347.0, 1905.0, 2092.0, 191.0) 
Voter 6: ID 201; Choice (1356.0, 2183.0, 192.0, 1889.0, 193.0, 1905.0, 2092.0, 191.0, 1347.0) 
Voter 7: ID 377; Choice (2141.0, 1356.0, 192.0, 1347.0, 1905.0, 2092.0, 191.0) 
Voter 8: ID 352; Choice (2141.0, 192.0, 1889.0, 1347.0, 1905.0, 2092.0, 191.0) 
Voter 9: ID 416; Choice (1356.0, 2183.0, 192.0, 1889.0, 193.0, 1905.0, 2092.0, 191.0, 1347.0) 
Voter 10: ID 510; Choice (1356.0, 2183.0, 192.0, 1889.0, 193.0, 1905.0, 2092.0, 191.0, 1347.0) 
Voter 11: ID 495; Choice (1356.0, 2183.0, 192.0, 1889.0, 193.0, 1905.0, 2092.0, 191.0, 1347.0) 
Voter 12: ID 120; Choice (1356.0, 2183.0, 192.0, 1889.0, 193.0, 1905.0, 2092.0, 191.0, 1347.0) 
Voter 13: ID 611; Choice (1356.0, 2183.0, 192.0, 1889.0, 193.0, 1905.0, 2092.0, 191.0, 1347.0) 
Voter 14: ID 394; Choice (1356.0, 2183.0, 192.0, 1889.0, 193.0, 1905.0, 2092.0, 191.0, 1347.0) 
Voter 15: ID 279; Choice (1356.0, 2183.0, 192.0, 1889.0, 193.0, 1905.0, 2092.0, 191.0, 1347.0) 
Voter 16: ID 552; Choice (1356.0, 2183.0, 192.0, 1889.0, 193.0, 1905.0, 2092.0, 191.0, 1347.0) 
Voter 17: ID 243; Choice (2141.0, 1356.0, 192.0, 1347.0, 1905.0, 2092.0, 191.0) 
Voter 18: ID 463; Choice (1356.0, 2183.0, 192.0, 1889.0, 193.0, 1905.0, 2092.0, 191.0, 1347.0) 
Voter 19: ID 1; Choice (1356.0, 2183.0, 192.0, 1889.0, 193.0, 1905.0, 2092.0, 191.0, 1347.0) 
Voter 20: ID 208; Choice (1356.0, 2183.0, 192.0, 1889.0, 193.0, 1905.0, 2092.0, 191.0, 1347.0) 
Voter 21: ID 446; Choice (1356.0, 2183.0, 192.0, 1889.0, 193.0, 1905.0, 2092.0, 191.0, 1347.0) 
Voter 22: ID 529; Choice (1356.0, 2183.0, 192.0, 1889.0, 193.0, 1905.0, 2092.0, 191.0, 1347.0) 
Voter 23: ID 66; Choice (1356.0, 2183.0, 192.0, 1889.0, 193.0, 1905.0, 2092.0, 191.0, 1347.0) 
Voter 24: ID 562; Choice (1356.0, 2183.0, 192.0, 1889.0, 193.0, 1905.0, 2092.0, 191.0, 1347.0) 
Voter 25: ID 487; Choice (1356.0, 2183.0, 192.0, 1889.0, 193.0, 1905.0, 2092.0, 191.0, 1347.0) 
Voter 26: ID 542; Choice (1356.0, 2183.0, 192.0, 1889.0, 193.0, 1905.0, 2092.0, 191.0, 1347.0) 
Voter 27: ID 471; Choice (1356.0, 2183.0, 192.0, 1889.0, 193.0, 1905.0, 2092.0, 191.0, 1347.0) 
Voter 28: ID 572; Choice (1356.0, 2183.0, 192.0, 1889.0, 193.0, 1905.0, 2092.0, 191.0, 1347.0) 
Voter 29: ID 135; Choice (1356.0, 2183.0, 192.0, 1889.0, 193.0, 1905.0, 2092.0, 191.0, 1347.0) 
Voter 30: ID 131; Choice (1356.0, 2183.0, 192.0, 1889.0, 193.0, 1905.0, 2092.0, 191.0, 1347.0) 
Voter 31: ID 238; Choice (1356.0, 2183.0, 192.0, 1889.0, 193.0, 1905.0, 2092.0, 191.0, 1347.0) 
Voter 32: ID 366; Choice (2141.0, 1356.0, 192.0, 1347.0, 1905.0, 2092.0, 191.0) 
Voter 33: ID 711; Choice (1356.0, 2183.0, 192.0, 1889.0, 193.0, 1905.0, 2092.0, 191.0, 1347.0) 
Voter 34: ID 99; Choice (2141.0, 1356.0, 192.0, 1889.0, 193.0, 1905.0, 191.0) 
Voter 35: ID 428; Choice (1356.0, 2183.0, 192.0, 1889.0, 193.0, 1905.0, 2092.0, 191.0, 1347.0) 
Voter 36: ID 444; Choice (1356.0, 2183.0, 192.0, 1889.0, 193.0, 1905.0, 2092.0, 191.0, 1347.0) 
Voter 37: ID 549; Choice (1356.0, 2183.0, 192.0, 1889.0, 193.0, 1905.0, 2092.0, 191.0, 1347.0) 
Voter 38: ID 375; Choice (1356.0, 2183.0, 192.0, 1889.0, 193.0, 1905.0, 2092.0, 191.0) 
Voter 39: ID 712; Choice (1356.0, 2183.0, 192.0, 1889.0, 193.0, 1905.0, 2092.0, 191.0, 1347.0) 
Voter 40: ID 264; Choice (1356.0, 2183.0, 192.0, 1889.0, 193.0, 1905.0, 2092.0, 191.0, 1347.0) 
Voter 41: ID 447; Choice (1356.0, 2183.0, 192.0, 1889.0, 193.0, 1905.0, 2092.0, 191.0, 1347.0) 
Voter 42: ID 224; Choice (1356.0, 2183.0, 192.0, 1889.0, 193.0, 1905.0, 2092.0, 191.0, 1347.0) 
Voter 43: ID 241; Choice (1356.0, 2183.0, 192.0, 1889.0, 193.0, 1905.0, 2092.0, 191.0, 1347.0) 
Voter 44: ID 363; Choice (2141.0, 192.0, 1889.0, 1347.0, 1905.0, 2092.0, 191.0) 
Voter 45: ID 256; Choice (1356.0, 2183.0, 192.0, 1889.0, 193.0, 1905.0, 2092.0, 191.0, 1347.0) 
Voter 46: ID 602; Choice (1356.0, 2183.0, 192.0, 1889.0, 193.0, 1905.0, 2092.0, 191.0, 1347.0) 
Voter 47: ID 183; Choice (1356.0, 2183.0, 192.0, 1889.0, 193.0, 1905.0, 2092.0, 191.0, 1347.0) 
Voter 48: ID 281; Choice (1356.0, 2183.0, 192.0, 1889.0, 193.0, 1905.0, 2092.0, 191.0, 1347.0) 
Voter 49: ID 272; Choice (1356.0, 2183.0, 192.0, 1889.0, 193.0, 1905.0, 2092.0, 191.0, 1347.0) 
Voter 50: ID 252; Choice (2141.0, 1356.0, 2183.0, 433.0, 192.0, 193.0, 2092.0, 191.0) 
---------------------------------------------------------------------------
After Iteration 10 :
Voter 1: ID 277; Choice (1356.0, 2183.0, 192.0, 1889.0, 193.0, 1905.0, 2092.0, 191.0, 1347.0) 
Voter 2: ID 362; Choice (1356.0, 2183.0, 192.0, 1889.0, 193.0, 1905.0, 2092.0, 191.0, 1347.0) 
Voter 3: ID 249; Choice (2141.0, 1356.0, 2183.0, 433.0, 192.0, 193.0, 2092.0, 191.0) 
Voter 4: ID 480; Choice (2141.0, 1356.0, 192.0, 1347.0, 1905.0, 2092.0, 191.0) 
Voter 5: ID 704; Choice (2141.0, 1356.0, 192.0, 1347.0, 1905.0, 2092.0, 191.0) 
Voter 6: ID 201; Choice (1356.0, 2183.0, 192.0, 1889.0, 193.0, 1905.0, 2092.0, 191.0, 1347.0) 
Voter 7: ID 377; Choice (1356.0, 2183.0, 192.0, 1889.0, 193.0, 1905.0, 2092.0, 191.0, 1347.0) 
Voter 8: ID 352; Choice (2141.0, 192.0, 1889.0, 1347.0, 1905.0, 2092.0, 191.0) 
Voter 9: ID 416; Choice (1356.0, 2183.0, 192.0, 1889.0, 193.0, 1905.0, 2092.0, 191.0, 1347.0) 
Voter 10: ID 510; Choice (1356.0, 2183.0, 192.0, 1889.0, 193.0, 1905.0, 2092.0, 191.0, 1347.0) 
Voter 11: ID 495; Choice (1356.0, 2183.0, 192.0, 1889.0, 193.0, 1905.0, 2092.0, 191.0, 1347.0) 
Voter 12: ID 120; Choice (1356.0, 2183.0, 192.0, 1889.0, 193.0, 1905.0, 2092.0, 191.0, 1347.0) 
Voter 13: ID 611; Choice (1356.0, 2183.0, 192.0, 1889.0, 193.0, 1905.0, 2092.0, 191.0, 1347.0) 
Voter 14: ID 394; Choice (2141.0, 192.0, 1889.0, 1347.0, 1905.0, 2092.0, 191.0) 
Voter 15: ID 279; Choice (2141.0, 1356.0, 192.0, 1347.0, 1905.0, 2092.0, 191.0) 
Voter 16: ID 552; Choice (1356.0, 2183.0, 192.0, 1889.0, 193.0, 1905.0, 2092.0, 191.0, 1347.0) 
Voter 17: ID 243; Choice (1356.0, 2183.0, 192.0, 1889.0, 193.0, 1905.0, 2092.0, 191.0, 1347.0) 
Voter 18: ID 463; Choice (1356.0, 2183.0, 192.0, 1889.0, 193.0, 1905.0, 2092.0, 191.0, 1347.0) 
Voter 19: ID 1; Choice (1356.0, 2183.0, 192.0, 1889.0, 193.0, 1905.0, 2092.0, 191.0, 1347.0) 
Voter 20: ID 208; Choice (1356.0, 2183.0, 192.0, 1889.0, 193.0, 1905.0, 2092.0, 191.0, 1347.0) 
Voter 21: ID 446; Choice (2183.0, 433.0, 1889.0, 193.0, 2121.0, 191.0) 
Voter 22: ID 529; Choice (1356.0, 2183.0, 192.0, 1889.0, 193.0, 1905.0, 2092.0, 191.0, 1347.0) 
Voter 23: ID 66; Choice (2141.0, 1356.0, 192.0, 1347.0, 1905.0, 2092.0, 191.0) 
Voter 24: ID 562; Choice (1356.0, 2183.0, 192.0, 1889.0, 193.0, 1905.0, 2092.0, 191.0, 1347.0) 
Voter 25: ID 487; Choice (1356.0, 2183.0, 192.0, 1889.0, 193.0, 1905.0, 2092.0, 191.0, 1347.0) 
Voter 26: ID 542; Choice (1356.0, 2183.0, 192.0, 1889.0, 193.0, 1905.0, 2092.0, 191.0, 1347.0) 
Voter 27: ID 471; Choice (2141.0, 1356.0, 192.0, 1347.0, 1905.0, 2092.0, 191.0) 
Voter 28: ID 572; Choice (1356.0, 2183.0, 192.0, 1889.0, 193.0, 1905.0, 2092.0, 191.0, 1347.0) 
Voter 29: ID 135; Choice (2141.0, 1356.0, 2183.0, 433.0, 192.0, 193.0, 2092.0, 191.0) 
Voter 30: ID 131; Choice (2141.0, 1356.0, 2183.0, 433.0, 192.0, 193.0, 2092.0, 191.0) 
Voter 31: ID 238; Choice (1356.0, 2183.0, 192.0, 1889.0, 193.0, 1905.0, 2092.0, 191.0, 1347.0) 
Voter 32: ID 366; Choice (2141.0, 1356.0, 192.0, 1347.0, 1905.0, 2092.0, 191.0) 
Voter 33: ID 711; Choice (2141.0, 1356.0, 2183.0, 433.0, 192.0, 193.0, 2092.0, 191.0) 
Voter 34: ID 99; Choice (2141.0, 1356.0, 192.0, 1889.0, 193.0, 1905.0, 191.0) 
Voter 35: ID 428; Choice (1356.0, 2183.0, 192.0, 1889.0, 193.0, 1905.0, 2092.0, 191.0, 1347.0) 
Voter 36: ID 444; Choice (1356.0, 2183.0, 192.0, 1889.0, 193.0, 1905.0, 2092.0, 191.0, 1347.0) 
Voter 37: ID 549; Choice (2141.0, 192.0, 1889.0, 1347.0, 1905.0, 2092.0, 191.0) 
Voter 38: ID 375; Choice (1356.0, 2183.0, 192.0, 1889.0, 193.0, 1905.0, 2092.0, 191.0) 
Voter 39: ID 712; Choice (1356.0, 2183.0, 192.0, 1889.0, 193.0, 1905.0, 2092.0, 191.0) 
Voter 40: ID 264; Choice (1356.0, 2183.0, 192.0, 1889.0, 193.0, 1905.0, 2092.0, 191.0, 1347.0) 
Voter 41: ID 447; Choice (2141.0, 1356.0, 2183.0, 433.0, 192.0, 193.0, 2092.0, 191.0) 
Voter 42: ID 224; Choice (1356.0, 2183.0, 192.0, 1889.0, 193.0, 1905.0, 2092.0, 191.0, 1347.0) 
Voter 43: ID 241; Choice (1356.0, 2183.0, 192.0, 1889.0, 193.0, 1905.0, 2092.0, 191.0) 
Voter 44: ID 363; Choice (1356.0, 2183.0, 192.0, 1889.0, 193.0, 1905.0, 2092.0, 191.0, 1347.0) 
Voter 45: ID 256; Choice (1356.0, 2183.0, 192.0, 1889.0, 193.0, 1905.0, 2092.0, 191.0, 1347.0) 
Voter 46: ID 602; Choice (1356.0, 2183.0, 192.0, 1889.0, 193.0, 1905.0, 2092.0, 191.0, 1347.0) 
Voter 47: ID 183; Choice (2141.0, 1356.0, 192.0, 1347.0, 1905.0, 2092.0, 191.0) 
Voter 48: ID 281; Choice (1356.0, 2183.0, 192.0, 1889.0, 193.0, 1905.0, 2092.0, 191.0, 1347.0) 
Voter 49: ID 272; Choice (1356.0, 2183.0, 192.0, 1889.0, 193.0, 1905.0, 2092.0, 191.0, 1347.0) 
Voter 50: ID 252; Choice (1356.0, 2183.0, 192.0, 1889.0, 193.0, 1905.0, 2092.0, 191.0, 1347.0) 
---------------------------------------------------------------------------
After Iteration 11 :
Voter 1: ID 277; Choice (1356.0, 2183.0, 192.0, 1889.0, 193.0, 1905.0, 2092.0, 191.0, 1347.0) 
Voter 2: ID 362; Choice (1356.0, 2183.0, 192.0, 1889.0, 193.0, 1905.0, 2092.0, 191.0, 1347.0) 
Voter 3: ID 249; Choice (2141.0, 1356.0, 2183.0, 433.0, 192.0, 193.0, 2092.0, 191.0) 
Voter 4: ID 480; Choice (2141.0, 1356.0, 192.0, 1347.0, 1905.0, 2092.0, 191.0) 
Voter 5: ID 704; Choice (2141.0, 1356.0, 192.0, 1347.0, 1905.0, 2092.0, 191.0) 
Voter 6: ID 201; Choice (1356.0, 2183.0, 192.0, 1889.0, 193.0, 1905.0, 2092.0, 191.0, 1347.0) 
Voter 7: ID 377; Choice (1356.0, 2183.0, 192.0, 1889.0, 193.0, 1905.0, 2092.0, 191.0, 1347.0) 
Voter 8: ID 352; Choice (2141.0, 192.0, 1889.0, 1347.0, 1905.0, 2092.0, 191.0) 
Voter 9: ID 416; Choice (1356.0, 2183.0, 192.0, 1889.0, 193.0, 1905.0, 2092.0, 191.0, 1347.0) 
Voter 10: ID 510; Choice (1356.0, 2183.0, 192.0, 1889.0, 193.0, 1905.0, 2092.0, 191.0, 1347.0) 
Voter 11: ID 495; Choice (1356.0, 2183.0, 192.0, 1889.0, 193.0, 1905.0, 2092.0, 191.0, 1347.0) 
Voter 12: ID 120; Choice (1356.0, 2183.0, 192.0, 1889.0, 193.0, 1905.0, 2092.0, 191.0, 1347.0) 
Voter 13: ID 611; Choice (1356.0, 2183.0, 192.0, 1889.0, 193.0, 1905.0, 2092.0, 191.0, 1347.0) 
Voter 14: ID 394; Choice (2141.0, 1356.0, 192.0, 1889.0, 193.0, 1905.0, 191.0) 
Voter 15: ID 279; Choice (2141.0, 1356.0, 192.0, 1347.0, 1905.0, 2092.0, 191.0) 
Voter 16: ID 552; Choice (1356.0, 2183.0, 192.0, 1889.0, 193.0, 1905.0, 2092.0, 191.0, 1347.0) 
Voter 17: ID 243; Choice (1356.0, 2183.0, 192.0, 1889.0, 193.0, 1905.0, 2092.0, 191.0, 1347.0) 
Voter 18: ID 463; Choice (1356.0, 2183.0, 192.0, 1889.0, 193.0, 1905.0, 2092.0, 191.0, 1347.0) 
Voter 19: ID 1; Choice (1356.0, 2183.0, 192.0, 1889.0, 193.0, 1905.0, 2092.0, 191.0, 1347.0) 
Voter 20: ID 208; Choice (1356.0, 2183.0, 192.0, 1889.0, 193.0, 1905.0, 2092.0, 191.0, 1347.0) 
Voter 21: ID 446; Choice (1356.0, 2183.0, 192.0, 1889.0, 193.0, 1905.0, 2092.0, 191.0, 1347.0) 
Voter 22: ID 529; Choice (1356.0, 2183.0, 192.0, 1889.0, 193.0, 1905.0, 2092.0, 191.0, 1347.0) 
Voter 23: ID 66; Choice (2141.0, 1356.0, 192.0, 1347.0, 1905.0, 2092.0, 191.0) 
Voter 24: ID 562; Choice (1356.0, 2183.0, 192.0, 1889.0, 193.0, 1905.0, 2092.0, 191.0, 1347.0) 
Voter 25: ID 487; Choice (1356.0, 2183.0, 192.0, 1889.0, 193.0, 1905.0, 2092.0, 191.0, 1347.0) 
Voter 26: ID 542; Choice (1356.0, 2183.0, 192.0, 1889.0, 193.0, 1905.0, 2092.0, 191.0, 1347.0) 
Voter 27: ID 471; Choice (2141.0, 1356.0, 192.0, 1347.0, 1905.0, 2092.0, 191.0) 
Voter 28: ID 572; Choice (1356.0, 2183.0, 192.0, 1889.0, 193.0, 1905.0, 2092.0, 191.0, 1347.0) 
Voter 29: ID 135; Choice (1356.0, 2183.0, 192.0, 1889.0, 193.0, 1905.0, 2092.0, 191.0, 1347.0) 
Voter 30: ID 131; Choice (2141.0, 1356.0, 2183.0, 433.0, 192.0, 193.0, 2092.0, 191.0) 
Voter 31: ID 238; Choice (1356.0, 2183.0, 192.0, 1889.0, 193.0, 1905.0, 2092.0, 191.0, 1347.0) 
Voter 32: ID 366; Choice (2141.0, 1356.0, 192.0, 1347.0, 1905.0, 2092.0, 191.0) 
Voter 33: ID 711; Choice (2141.0, 1356.0, 2183.0, 433.0, 192.0, 193.0, 2092.0, 191.0) 
Voter 34: ID 99; Choice (2141.0, 1356.0, 192.0, 1889.0, 193.0, 1905.0, 191.0) 
Voter 35: ID 428; Choice (1356.0, 2183.0, 192.0, 1889.0, 193.0, 1905.0, 2092.0, 191.0, 1347.0) 
Voter 36: ID 444; Choice (1356.0, 2183.0, 192.0, 1889.0, 193.0, 1905.0, 2092.0, 191.0, 1347.0) 
Voter 37: ID 549; Choice (1356.0, 2183.0, 192.0, 1889.0, 193.0, 1905.0, 2092.0, 191.0, 1347.0) 
Voter 38: ID 375; Choice (1356.0, 2183.0, 192.0, 1889.0, 193.0, 1905.0, 2092.0, 191.0) 
Voter 39: ID 712; Choice (1356.0, 2183.0, 192.0, 1889.0, 193.0, 1905.0, 2092.0, 191.0, 1347.0) 
Voter 40: ID 264; Choice (1356.0, 2183.0, 192.0, 1889.0, 193.0, 1905.0, 2092.0, 191.0, 1347.0) 
Voter 41: ID 447; Choice (2141.0, 1356.0, 192.0, 1347.0, 1905.0, 2092.0, 191.0) 
Voter 42: ID 224; Choice (1356.0, 2183.0, 192.0, 1889.0, 193.0, 1905.0, 2092.0, 191.0, 1347.0) 
Voter 43: ID 241; Choice (1356.0, 2183.0, 192.0, 1889.0, 193.0, 1905.0, 2092.0, 191.0) 
Voter 44: ID 363; Choice (1356.0, 2183.0, 192.0, 1889.0, 193.0, 1905.0, 2092.0, 191.0, 1347.0) 
Voter 45: ID 256; Choice (1356.0, 2183.0, 192.0, 1889.0, 193.0, 1905.0, 2092.0, 191.0, 1347.0) 
Voter 46: ID 602; Choice (1356.0, 2183.0, 192.0, 1889.0, 193.0, 1905.0, 2092.0, 191.0, 1347.0) 
Voter 47: ID 183; Choice (2141.0, 1356.0, 192.0, 1347.0, 1905.0, 2092.0, 191.0) 
Voter 48: ID 281; Choice (1356.0, 2183.0, 192.0, 1889.0, 193.0, 1905.0, 2092.0, 191.0, 1347.0) 
Voter 49: ID 272; Choice (1356.0, 2183.0, 192.0, 1889.0, 193.0, 1905.0, 2092.0, 191.0, 1347.0) 
Voter 50: ID 252; Choice (1356.0, 2183.0, 192.0, 1889.0, 193.0, 1905.0, 2092.0, 191.0, 1347.0) 
---------------------------------------------------------------------------
After Iteration 12 :
Voter 1: ID 277; Choice (1356.0, 2183.0, 192.0, 1889.0, 193.0, 1905.0, 2092.0, 191.0, 1347.0) 
Voter 2: ID 362; Choice (1356.0, 2183.0, 192.0, 1889.0, 193.0, 1905.0, 2092.0, 191.0, 1347.0) 
Voter 3: ID 249; Choice (2141.0, 1356.0, 2183.0, 433.0, 192.0, 193.0, 2092.0, 191.0) 
Voter 4: ID 480; Choice (2141.0, 1356.0, 192.0, 1347.0, 1905.0, 2092.0, 191.0) 
Voter 5: ID 704; Choice (2141.0, 1356.0, 192.0, 1347.0, 1905.0, 2092.0, 191.0) 
Voter 6: ID 201; Choice (1356.0, 2183.0, 192.0, 1889.0, 193.0, 1905.0, 2092.0, 191.0, 1347.0) 
Voter 7: ID 377; Choice (1356.0, 2183.0, 192.0, 1889.0, 193.0, 1905.0, 2092.0, 191.0, 1347.0) 
Voter 8: ID 352; Choice (2141.0, 192.0, 1889.0, 1347.0, 1905.0, 2092.0, 191.0) 
Voter 9: ID 416; Choice (1356.0, 2183.0, 192.0, 1889.0, 193.0, 1905.0, 2092.0, 191.0, 1347.0) 
Voter 10: ID 510; Choice (1356.0, 2183.0, 192.0, 1889.0, 193.0, 1905.0, 2092.0, 191.0, 1347.0) 
Voter 11: ID 495; Choice (1356.0, 2183.0, 192.0, 1889.0, 193.0, 1905.0, 2092.0, 191.0, 1347.0) 
Voter 12: ID 120; Choice (1356.0, 2183.0, 192.0, 1889.0, 193.0, 1905.0, 2092.0, 191.0, 1347.0) 
Voter 13: ID 611; Choice (1356.0, 2183.0, 192.0, 1889.0, 193.0, 1905.0, 2092.0, 191.0, 1347.0) 
Voter 14: ID 394; Choice (2141.0, 1356.0, 192.0, 1889.0, 193.0, 1905.0, 191.0) 
Voter 15: ID 279; Choice (2141.0, 1356.0, 192.0, 1347.0, 1905.0, 2092.0, 191.0) 
Voter 16: ID 552; Choice (1356.0, 2183.0, 192.0, 1889.0, 193.0, 1905.0, 2092.0, 191.0, 1347.0) 
Voter 17: ID 243; Choice (1356.0, 2183.0, 192.0, 1889.0, 193.0, 1905.0, 2092.0, 191.0, 1347.0) 
Voter 18: ID 463; Choice (1356.0, 2183.0, 192.0, 1889.0, 193.0, 1905.0, 2092.0, 191.0, 1347.0) 
Voter 19: ID 1; Choice (1356.0, 2183.0, 192.0, 1889.0, 193.0, 1905.0, 2092.0, 191.0, 1347.0) 
Voter 20: ID 208; Choice (1356.0, 2183.0, 192.0, 1889.0, 193.0, 1905.0, 2092.0, 191.0, 1347.0) 
Voter 21: ID 446; Choice (1356.0, 2183.0, 192.0, 1889.0, 193.0, 1905.0, 2092.0, 191.0, 1347.0) 
Voter 22: ID 529; Choice (1356.0, 2183.0, 192.0, 1889.0, 193.0, 1905.0, 2092.0, 191.0, 1347.0) 
Voter 23: ID 66; Choice (2141.0, 1356.0, 192.0, 1347.0, 1905.0, 2092.0, 191.0) 
Voter 24: ID 562; Choice (1356.0, 2183.0, 192.0, 1889.0, 193.0, 1905.0, 2092.0, 191.0, 1347.0) 
Voter 25: ID 487; Choice (1356.0, 2183.0, 192.0, 1889.0, 193.0, 1905.0, 2092.0, 191.0, 1347.0) 
Voter 26: ID 542; Choice (1356.0, 2183.0, 192.0, 1889.0, 193.0, 1905.0, 2092.0, 191.0, 1347.0) 
Voter 27: ID 471; Choice (2141.0, 1356.0, 192.0, 1347.0, 1905.0, 2092.0, 191.0) 
Voter 28: ID 572; Choice (1356.0, 2183.0, 192.0, 1889.0, 193.0, 1905.0, 2092.0, 191.0, 1347.0) 
Voter 29: ID 135; Choice (1356.0, 2183.0, 192.0, 1889.0, 193.0, 1905.0, 2092.0, 191.0, 1347.0) 
Voter 30: ID 131; Choice (2141.0, 1356.0, 2183.0, 433.0, 192.0, 193.0, 2092.0, 191.0) 
Voter 31: ID 238; Choice (1356.0, 2183.0, 192.0, 1889.0, 193.0, 1905.0, 2092.0, 191.0, 1347.0) 
Voter 32: ID 366; Choice (2141.0, 1356.0, 192.0, 1347.0, 1905.0, 2092.0, 191.0) 
Voter 33: ID 711; Choice (2141.0, 1356.0, 2183.0, 433.0, 192.0, 193.0, 2092.0, 191.0) 
Voter 34: ID 99; Choice (2141.0, 1356.0, 192.0, 1889.0, 193.0, 1905.0, 191.0) 
Voter 35: ID 428; Choice (1356.0, 2183.0, 192.0, 1889.0, 193.0, 1905.0, 2092.0, 191.0, 1347.0) 
Voter 36: ID 444; Choice (1356.0, 2183.0, 192.0, 1889.0, 193.0, 1905.0, 2092.0, 191.0, 1347.0) 
Voter 37: ID 549; Choice (2141.0, 2183.0, 433.0, 1347.0, 1905.0, 2092.0, 2121.0, 191.0) 
Voter 38: ID 375; Choice (1356.0, 2183.0, 192.0, 1889.0, 193.0, 1905.0, 2092.0, 191.0) 
Voter 39: ID 712; Choice (1356.0, 2183.0, 192.0, 1889.0, 193.0, 1905.0, 2092.0, 191.0, 1347.0) 
Voter 40: ID 264; Choice (1356.0, 2183.0, 192.0, 1889.0, 193.0, 1905.0, 2092.0, 191.0, 1347.0) 
Voter 41: ID 447; Choice (2141.0, 1356.0, 192.0, 1347.0, 1905.0, 2092.0, 191.0) 
Voter 42: ID 224; Choice (1356.0, 2183.0, 192.0, 1889.0, 193.0, 1905.0, 2092.0, 191.0, 1347.0) 
Voter 43: ID 241; Choice (1356.0, 2183.0, 192.0, 1889.0, 193.0, 1905.0, 2092.0, 191.0) 
Voter 44: ID 363; Choice (1356.0, 2183.0, 192.0, 1889.0, 193.0, 1905.0, 2092.0, 191.0, 1347.0) 
Voter 45: ID 256; Choice (1356.0, 2183.0, 192.0, 1889.0, 193.0, 1905.0, 2092.0, 191.0, 1347.0) 
Voter 46: ID 602; Choice (1356.0, 2183.0, 192.0, 1889.0, 193.0, 1905.0, 2092.0, 191.0, 1347.0) 
Voter 47: ID 183; Choice (2141.0, 1356.0, 192.0, 1347.0, 1905.0, 2092.0, 191.0) 
Voter 48: ID 281; Choice (1356.0, 2183.0, 192.0, 1889.0, 193.0, 1905.0, 2092.0, 191.0, 1347.0) 
Voter 49: ID 272; Choice (1356.0, 2183.0, 192.0, 1889.0, 193.0, 1905.0, 2092.0, 191.0, 1347.0) 
Voter 50: ID 252; Choice (1356.0, 2183.0, 192.0, 1889.0, 193.0, 1905.0, 2092.0, 191.0, 1347.0) 
---------------------------------------------------------------------------
After Iteration 13 :
Voter 1: ID 277; Choice (1356.0, 2183.0, 192.0, 1889.0, 193.0, 1905.0, 2092.0, 191.0, 1347.0) 
Voter 2: ID 362; Choice (1356.0, 2183.0, 192.0, 1889.0, 193.0, 1905.0, 2092.0, 191.0, 1347.0) 
Voter 3: ID 249; Choice (2141.0, 1356.0, 2183.0, 433.0, 192.0, 193.0, 2092.0, 191.0) 
Voter 4: ID 480; Choice (1356.0, 2183.0, 192.0, 1889.0, 193.0, 1905.0, 2092.0, 191.0, 1347.0) 
Voter 5: ID 704; Choice (1356.0, 2183.0, 192.0, 1889.0, 193.0, 1905.0, 2092.0, 191.0, 1347.0) 
Voter 6: ID 201; Choice (1356.0, 2183.0, 192.0, 1889.0, 193.0, 1905.0, 2092.0, 191.0, 1347.0) 
Voter 7: ID 377; Choice (1356.0, 2183.0, 192.0, 1889.0, 193.0, 1905.0, 2092.0, 191.0, 1347.0) 
Voter 8: ID 352; Choice (2141.0, 192.0, 1889.0, 1347.0, 1905.0, 2092.0, 191.0) 
Voter 9: ID 416; Choice (1356.0, 2183.0, 192.0, 1889.0, 193.0, 1905.0, 2092.0, 191.0, 1347.0) 
Voter 10: ID 510; Choice (1356.0, 2183.0, 192.0, 1889.0, 193.0, 1905.0, 2092.0, 191.0, 1347.0) 
Voter 11: ID 495; Choice (1356.0, 2183.0, 192.0, 1889.0, 193.0, 1905.0, 2092.0, 191.0, 1347.0) 
Voter 12: ID 120; Choice (1356.0, 2183.0, 192.0, 1889.0, 193.0, 1905.0, 2092.0, 191.0, 1347.0) 
Voter 13: ID 611; Choice (1356.0, 2183.0, 192.0, 1889.0, 193.0, 1905.0, 2092.0, 191.0, 1347.0) 
Voter 14: ID 394; Choice (2141.0, 1356.0, 192.0, 1889.0, 193.0, 1905.0, 191.0) 
Voter 15: ID 279; Choice (1356.0, 2183.0, 192.0, 1889.0, 193.0, 1905.0, 2092.0, 191.0, 1347.0) 
Voter 16: ID 552; Choice (1356.0, 2183.0, 192.0, 1889.0, 193.0, 1905.0, 2092.0, 191.0, 1347.0) 
Voter 17: ID 243; Choice (1356.0, 2183.0, 192.0, 1889.0, 193.0, 1905.0, 2092.0, 191.0, 1347.0) 
Voter 18: ID 463; Choice (1356.0, 2183.0, 192.0, 1889.0, 193.0, 1905.0, 2092.0, 191.0, 1347.0) 
Voter 19: ID 1; Choice (1356.0, 2183.0, 192.0, 1889.0, 193.0, 1905.0, 2092.0, 191.0, 1347.0) 
Voter 20: ID 208; Choice (1356.0, 2183.0, 192.0, 1889.0, 193.0, 1905.0, 2092.0, 191.0, 1347.0) 
Voter 21: ID 446; Choice (1356.0, 2183.0, 192.0, 1889.0, 193.0, 1905.0, 2092.0, 191.0, 1347.0) 
Voter 22: ID 529; Choice (1356.0, 2183.0, 192.0, 1889.0, 193.0, 1905.0, 2092.0, 191.0, 1347.0) 
Voter 23: ID 66; Choice (1356.0, 2183.0, 192.0, 1889.0, 193.0, 1905.0, 2092.0, 191.0, 1347.0) 
Voter 24: ID 562; Choice (1356.0, 2183.0, 192.0, 1889.0, 193.0, 1905.0, 2092.0, 191.0, 1347.0) 
Voter 25: ID 487; Choice (1356.0, 2183.0, 192.0, 1889.0, 193.0, 1905.0, 2092.0, 191.0, 1347.0) 
Voter 26: ID 542; Choice (1356.0, 2183.0, 192.0, 1889.0, 193.0, 1905.0, 2092.0, 191.0, 1347.0) 
Voter 27: ID 471; Choice (2141.0, 1356.0, 192.0, 1347.0, 1905.0, 2092.0, 191.0) 
Voter 28: ID 572; Choice (1356.0, 2183.0, 192.0, 1889.0, 193.0, 1905.0, 2092.0, 191.0, 1347.0) 
Voter 29: ID 135; Choice (1356.0, 2183.0, 192.0, 1889.0, 193.0, 1905.0, 2092.0, 191.0, 1347.0) 
Voter 30: ID 131; Choice (1356.0, 2183.0, 192.0, 1889.0, 193.0, 1905.0, 2092.0, 191.0, 1347.0) 
Voter 31: ID 238; Choice (1356.0, 2183.0, 192.0, 1889.0, 193.0, 1905.0, 2092.0, 191.0, 1347.0) 
Voter 32: ID 366; Choice (1356.0, 2183.0, 192.0, 1889.0, 193.0, 1905.0, 2092.0, 191.0, 1347.0) 
Voter 33: ID 711; Choice (1356.0, 2183.0, 192.0, 1889.0, 193.0, 1905.0, 2092.0, 191.0, 1347.0) 
Voter 34: ID 99; Choice (2141.0, 1356.0, 192.0, 1889.0, 193.0, 1905.0, 191.0) 
Voter 35: ID 428; Choice (1356.0, 2183.0, 192.0, 1889.0, 193.0, 1905.0, 2092.0, 191.0, 1347.0) 
Voter 36: ID 444; Choice (1356.0, 2183.0, 192.0, 1889.0, 193.0, 1905.0, 2092.0, 191.0, 1347.0) 
Voter 37: ID 549; Choice (1356.0, 2183.0, 192.0, 1889.0, 193.0, 1905.0, 2092.0, 191.0, 1347.0) 
Voter 38: ID 375; Choice (1356.0, 2183.0, 192.0, 1889.0, 193.0, 1905.0, 2092.0, 191.0) 
Voter 39: ID 712; Choice (1356.0, 2183.0, 192.0, 1889.0, 193.0, 1905.0, 2092.0, 191.0, 1347.0) 
Voter 40: ID 264; Choice (1356.0, 2183.0, 192.0, 1889.0, 193.0, 1905.0, 2092.0, 191.0, 1347.0) 
Voter 41: ID 447; Choice (2141.0, 1356.0, 192.0, 1347.0, 1905.0, 2092.0, 191.0) 
Voter 42: ID 224; Choice (1356.0, 2183.0, 192.0, 1889.0, 193.0, 1905.0, 2092.0, 191.0, 1347.0) 
Voter 43: ID 241; Choice (1356.0, 2183.0, 192.0, 1889.0, 193.0, 1905.0, 2092.0, 191.0, 1347.0) 
Voter 44: ID 363; Choice (1356.0, 2183.0, 192.0, 1889.0, 193.0, 1905.0, 2092.0, 191.0, 1347.0) 
Voter 45: ID 256; Choice (1356.0, 2183.0, 192.0, 1889.0, 193.0, 1905.0, 2092.0, 191.0, 1347.0) 
Voter 46: ID 602; Choice (1356.0, 2183.0, 192.0, 1889.0, 193.0, 1905.0, 2092.0, 191.0, 1347.0) 
Voter 47: ID 183; Choice (2141.0, 1356.0, 192.0, 1347.0, 1905.0, 2092.0, 191.0) 
Voter 48: ID 281; Choice (1356.0, 2183.0, 192.0, 1889.0, 193.0, 1905.0, 2092.0, 191.0, 1347.0) 
Voter 49: ID 272; Choice (1356.0, 2183.0, 192.0, 1889.0, 193.0, 1905.0, 2092.0, 191.0, 1347.0) 
Voter 50: ID 252; Choice (1356.0, 2183.0, 192.0, 1889.0, 193.0, 1905.0, 2092.0, 191.0, 1347.0) 
---------------------------------------------------------------------------
After Iteration 14 :
Voter 1: ID 277; Choice (1356.0, 2183.0, 192.0, 1889.0, 193.0, 1905.0, 2092.0, 191.0, 1347.0) 
Voter 2: ID 362; Choice (1356.0, 2183.0, 192.0, 1889.0, 193.0, 1905.0, 2092.0, 191.0, 1347.0) 
Voter 3: ID 249; Choice (2141.0, 1356.0, 2183.0, 433.0, 192.0, 193.0, 2092.0, 191.0) 
Voter 4: ID 480; Choice (1356.0, 2183.0, 192.0, 1889.0, 193.0, 1905.0, 2092.0, 191.0, 1347.0) 
Voter 5: ID 704; Choice (1356.0, 2183.0, 192.0, 1889.0, 193.0, 1905.0, 2092.0, 191.0, 1347.0) 
Voter 6: ID 201; Choice (1356.0, 2183.0, 192.0, 1889.0, 193.0, 1905.0, 2092.0, 191.0, 1347.0) 
Voter 7: ID 377; Choice (1356.0, 2183.0, 192.0, 1889.0, 193.0, 1905.0, 2092.0, 191.0, 1347.0) 
Voter 8: ID 352; Choice (2141.0, 192.0, 1889.0, 1347.0, 1905.0, 2092.0, 191.0) 
Voter 9: ID 416; Choice (1356.0, 2183.0, 192.0, 1889.0, 193.0, 1905.0, 2092.0, 191.0, 1347.0) 
Voter 10: ID 510; Choice (1356.0, 2183.0, 192.0, 1889.0, 193.0, 1905.0, 2092.0, 191.0, 1347.0) 
Voter 11: ID 495; Choice (1356.0, 2183.0, 192.0, 1889.0, 193.0, 1905.0, 2092.0, 191.0, 1347.0) 
Voter 12: ID 120; Choice (1211.0, 2183.0, 1889.0, 193.0, 1347.0, 1905.0) 
Voter 13: ID 611; Choice (1356.0, 2183.0, 192.0, 1889.0, 193.0, 1905.0, 2092.0, 191.0, 1347.0) 
Voter 14: ID 394; Choice (2141.0, 1356.0, 192.0, 1889.0, 193.0, 1905.0, 191.0) 
Voter 15: ID 279; Choice (1356.0, 2183.0, 192.0, 1889.0, 193.0, 1905.0, 2092.0, 191.0, 1347.0) 
Voter 16: ID 552; Choice (1356.0, 2183.0, 192.0, 1889.0, 193.0, 1905.0, 2092.0, 191.0, 1347.0) 
Voter 17: ID 243; Choice (1356.0, 2183.0, 192.0, 1889.0, 193.0, 1905.0, 2092.0, 191.0, 1347.0) 
Voter 18: ID 463; Choice (1356.0, 2183.0, 192.0, 1889.0, 193.0, 1905.0, 2092.0, 191.0, 1347.0) 
Voter 19: ID 1; Choice (1356.0, 2183.0, 192.0, 1889.0, 193.0, 1905.0, 2092.0, 191.0, 1347.0) 
Voter 20: ID 208; Choice (1356.0, 2183.0, 192.0, 1889.0, 193.0, 1905.0, 2092.0, 191.0, 1347.0) 
Voter 21: ID 446; Choice (1356.0, 2183.0, 192.0, 1889.0, 193.0, 1905.0, 2092.0, 191.0, 1347.0) 
Voter 22: ID 529; Choice (1356.0, 2183.0, 192.0, 1889.0, 193.0, 1905.0, 2092.0, 191.0, 1347.0) 
Voter 23: ID 66; Choice (1356.0, 2183.0, 192.0, 1889.0, 193.0, 1905.0, 2092.0, 191.0, 1347.0) 
Voter 24: ID 562; Choice (1356.0, 2183.0, 192.0, 1889.0, 193.0, 1905.0, 2092.0, 191.0, 1347.0) 
Voter 25: ID 487; Choice (1356.0, 2183.0, 192.0, 1889.0, 193.0, 1905.0, 2092.0, 191.0, 1347.0) 
Voter 26: ID 542; Choice (1356.0, 2183.0, 192.0, 1889.0, 193.0, 1905.0, 2092.0, 191.0, 1347.0) 
Voter 27: ID 471; Choice (2141.0, 1356.0, 192.0, 1347.0, 1905.0, 2092.0, 191.0) 
Voter 28: ID 572; Choice (1356.0, 2183.0, 192.0, 1889.0, 193.0, 1905.0, 2092.0, 191.0, 1347.0) 
Voter 29: ID 135; Choice (1356.0, 2183.0, 192.0, 1889.0, 193.0, 1905.0, 2092.0, 191.0, 1347.0) 
Voter 30: ID 131; Choice (1356.0, 2183.0, 192.0, 1889.0, 193.0, 1905.0, 2092.0, 191.0, 1347.0) 
Voter 31: ID 238; Choice (1356.0, 2183.0, 192.0, 1889.0, 193.0, 1905.0, 2092.0, 191.0, 1347.0) 
Voter 32: ID 366; Choice (1356.0, 2183.0, 192.0, 1889.0, 193.0, 1905.0, 2092.0, 191.0, 1347.0) 
Voter 33: ID 711; Choice (1356.0, 2183.0, 192.0, 1889.0, 193.0, 1905.0, 2092.0, 191.0, 1347.0) 
Voter 34: ID 99; Choice (2141.0, 1356.0, 192.0, 1889.0, 193.0, 1905.0, 191.0) 
Voter 35: ID 428; Choice (1356.0, 2183.0, 192.0, 1889.0, 193.0, 1905.0, 2092.0, 191.0, 1347.0) 
Voter 36: ID 444; Choice (1356.0, 2183.0, 192.0, 1889.0, 193.0, 1905.0, 2092.0, 191.0, 1347.0) 
Voter 37: ID 549; Choice (1356.0, 2183.0, 192.0, 1889.0, 193.0, 1905.0, 2092.0, 191.0, 1347.0) 
Voter 38: ID 375; Choice (1356.0, 2183.0, 192.0, 1889.0, 193.0, 1905.0, 2092.0, 191.0) 
Voter 39: ID 712; Choice (1356.0, 2183.0, 192.0, 1889.0, 193.0, 1905.0, 2092.0, 191.0, 1347.0) 
Voter 40: ID 264; Choice (1356.0, 2183.0, 192.0, 1889.0, 193.0, 1905.0, 2092.0, 191.0, 1347.0) 
Voter 41: ID 447; Choice (2141.0, 1356.0, 192.0, 1347.0, 1905.0, 2092.0, 191.0) 
Voter 42: ID 224; Choice (1356.0, 2183.0, 192.0, 1889.0, 193.0, 1905.0, 2092.0, 191.0, 1347.0) 
Voter 43: ID 241; Choice (2141.0, 1356.0, 2183.0, 192.0, 1889.0, 193.0, 1347.0, 2092.0, 2121.0, 191.0) 
Voter 44: ID 363; Choice (1356.0, 2183.0, 192.0, 1889.0, 193.0, 1905.0, 2092.0, 191.0, 1347.0) 
Voter 45: ID 256; Choice (1356.0, 2183.0, 192.0, 1889.0, 193.0, 1905.0, 2092.0, 191.0, 1347.0) 
Voter 46: ID 602; Choice (1356.0, 2183.0, 192.0, 1889.0, 193.0, 1905.0, 2092.0, 191.0, 1347.0) 
Voter 47: ID 183; Choice (2141.0, 1356.0, 192.0, 1347.0, 1905.0, 2092.0, 191.0) 
Voter 48: ID 281; Choice (1356.0, 2183.0, 192.0, 1889.0, 193.0, 1905.0, 2092.0, 191.0, 1347.0) 
Voter 49: ID 272; Choice (1356.0, 2183.0, 192.0, 1889.0, 193.0, 1905.0, 2092.0, 191.0, 1347.0) 
Voter 50: ID 252; Choice (1356.0, 2183.0, 192.0, 1889.0, 193.0, 1905.0, 2092.0, 191.0, 1347.0) 
---------------------------------------------------------------------------
After Iteration 15 :
Voter 1: ID 277; Choice (1356.0, 2183.0, 192.0, 1889.0, 193.0, 1905.0, 2092.0, 191.0, 1347.0) 
Voter 2: ID 362; Choice (1356.0, 2183.0, 192.0, 1889.0, 193.0, 1905.0, 2092.0, 191.0, 1347.0) 
Voter 3: ID 249; Choice (1356.0, 2183.0, 192.0, 1889.0, 193.0, 1905.0, 2092.0, 191.0, 1347.0) 
Voter 4: ID 480; Choice (1356.0, 2183.0, 192.0, 1889.0, 193.0, 1905.0, 2092.0, 191.0, 1347.0) 
Voter 5: ID 704; Choice (1356.0, 2183.0, 192.0, 1889.0, 193.0, 1905.0, 2092.0, 191.0, 1347.0) 
Voter 6: ID 201; Choice (1356.0, 2183.0, 192.0, 1889.0, 193.0, 1905.0, 2092.0, 191.0, 1347.0) 
Voter 7: ID 377; Choice (1356.0, 2183.0, 192.0, 1889.0, 193.0, 1905.0, 2092.0, 191.0, 1347.0) 
Voter 8: ID 352; Choice (2141.0, 192.0, 1889.0, 1347.0, 1905.0, 2092.0, 191.0) 
Voter 9: ID 416; Choice (1356.0, 2183.0, 192.0, 1889.0, 193.0, 1905.0, 2092.0, 191.0, 1347.0) 
Voter 10: ID 510; Choice (1356.0, 2183.0, 192.0, 1889.0, 193.0, 1905.0, 2092.0, 191.0, 1347.0) 
Voter 11: ID 495; Choice (1356.0, 2183.0, 192.0, 1889.0, 193.0, 1905.0, 2092.0, 191.0, 1347.0) 
Voter 12: ID 120; Choice (1356.0, 2183.0, 192.0, 1889.0, 193.0, 1905.0, 2092.0, 191.0, 1347.0) 
Voter 13: ID 611; Choice (1356.0, 2183.0, 192.0, 1889.0, 193.0, 1905.0, 2092.0, 191.0, 1347.0) 
Voter 14: ID 394; Choice (2141.0, 1356.0, 192.0, 1889.0, 193.0, 1905.0, 191.0) 
Voter 15: ID 279; Choice (1356.0, 2183.0, 192.0, 1889.0, 193.0, 1905.0, 2092.0, 191.0, 1347.0) 
Voter 16: ID 552; Choice (1356.0, 2183.0, 192.0, 1889.0, 193.0, 1905.0, 2092.0, 191.0, 1347.0) 
Voter 17: ID 243; Choice (1356.0, 2183.0, 192.0, 1889.0, 193.0, 1905.0, 2092.0, 191.0, 1347.0) 
Voter 18: ID 463; Choice (1356.0, 2183.0, 192.0, 1889.0, 193.0, 1905.0, 2092.0, 191.0, 1347.0) 
Voter 19: ID 1; Choice (1356.0, 2183.0, 192.0, 1889.0, 193.0, 1905.0, 2092.0, 191.0, 1347.0) 
Voter 20: ID 208; Choice (1356.0, 2183.0, 192.0, 1889.0, 193.0, 1905.0, 2092.0, 191.0, 1347.0) 
Voter 21: ID 446; Choice (1356.0, 2183.0, 192.0, 1889.0, 193.0, 1905.0, 2092.0, 191.0, 1347.0) 
Voter 22: ID 529; Choice (1356.0, 2183.0, 192.0, 1889.0, 193.0, 1905.0, 2092.0, 191.0, 1347.0) 
Voter 23: ID 66; Choice (1356.0, 2183.0, 192.0, 1889.0, 193.0, 1905.0, 2092.0, 191.0, 1347.0) 
Voter 24: ID 562; Choice (1356.0, 2183.0, 192.0, 1889.0, 193.0, 1905.0, 2092.0, 191.0, 1347.0) 
Voter 25: ID 487; Choice (1356.0, 2183.0, 192.0, 1889.0, 193.0, 1905.0, 2092.0, 191.0, 1347.0) 
Voter 26: ID 542; Choice (1356.0, 2183.0, 192.0, 1889.0, 193.0, 1905.0, 2092.0, 191.0, 1347.0) 
Voter 27: ID 471; Choice (2141.0, 1356.0, 192.0, 1347.0, 1905.0, 2092.0, 191.0) 
Voter 28: ID 572; Choice (1356.0, 2183.0, 192.0, 1889.0, 193.0, 1905.0, 2092.0, 191.0, 1347.0) 
Voter 29: ID 135; Choice (1356.0, 2183.0, 192.0, 1889.0, 193.0, 1905.0, 2092.0, 191.0, 1347.0) 
Voter 30: ID 131; Choice (1356.0, 2183.0, 192.0, 1889.0, 193.0, 1905.0, 2092.0, 191.0, 1347.0) 
Voter 31: ID 238; Choice (1356.0, 2183.0, 192.0, 1889.0, 193.0, 1905.0, 2092.0, 191.0, 1347.0) 
Voter 32: ID 366; Choice (1356.0, 2183.0, 192.0, 1889.0, 193.0, 1905.0, 2092.0, 191.0, 1347.0) 
Voter 33: ID 711; Choice (1356.0, 2183.0, 192.0, 1889.0, 193.0, 1905.0, 2092.0, 191.0, 1347.0) 
Voter 34: ID 99; Choice (1356.0, 2183.0, 192.0, 1889.0, 193.0, 1905.0, 2092.0, 191.0, 1347.0) 
Voter 35: ID 428; Choice (1356.0, 2183.0, 192.0, 1889.0, 193.0, 1905.0, 2092.0, 191.0, 1347.0) 
Voter 36: ID 444; Choice (1356.0, 2183.0, 192.0, 1889.0, 193.0, 1905.0, 2092.0, 191.0, 1347.0) 
Voter 37: ID 549; Choice (1356.0, 2183.0, 192.0, 1889.0, 193.0, 1905.0, 2092.0, 191.0, 1347.0) 
Voter 38: ID 375; Choice (2141.0, 1356.0, 192.0, 1347.0, 1905.0, 2092.0, 191.0) 
Voter 39: ID 712; Choice (1356.0, 2183.0, 192.0, 1889.0, 193.0, 1905.0, 2092.0, 191.0, 1347.0) 
Voter 40: ID 264; Choice (1356.0, 2183.0, 192.0, 1889.0, 193.0, 1905.0, 2092.0, 191.0, 1347.0) 
Voter 41: ID 447; Choice (1356.0, 2183.0, 192.0, 1889.0, 193.0, 1905.0, 2092.0, 191.0, 1347.0) 
Voter 42: ID 224; Choice (2141.0, 1356.0, 2183.0, 433.0, 192.0, 193.0, 2092.0, 191.0) 
Voter 43: ID 241; Choice (1356.0, 2183.0, 192.0, 1889.0, 193.0, 1905.0, 2092.0, 191.0, 1347.0) 
Voter 44: ID 363; Choice (1356.0, 2183.0, 192.0, 1889.0, 193.0, 1905.0, 2092.0, 191.0, 1347.0) 
Voter 45: ID 256; Choice (1356.0, 2183.0, 192.0, 1889.0, 193.0, 1905.0, 2092.0, 191.0, 1347.0) 
Voter 46: ID 602; Choice (1356.0, 2183.0, 192.0, 1889.0, 193.0, 1905.0, 2092.0, 191.0, 1347.0) 
Voter 47: ID 183; Choice (1356.0, 2183.0, 192.0, 1889.0, 193.0, 1905.0, 2092.0, 191.0, 1347.0) 
Voter 48: ID 281; Choice (1356.0, 2183.0, 192.0, 1889.0, 193.0, 1905.0, 2092.0, 191.0, 1347.0) 
Voter 49: ID 272; Choice (1356.0, 2183.0, 192.0, 1889.0, 193.0, 1905.0, 2092.0, 191.0, 1347.0) 
Voter 50: ID 252; Choice (1356.0, 2183.0, 192.0, 1889.0, 193.0, 1905.0, 2092.0, 191.0, 1347.0) 
---------------------------------------------------------------------------
After Iteration 16 :
Voter 1: ID 277; Choice (1356.0, 2183.0, 192.0, 1889.0, 193.0, 1905.0, 2092.0, 191.0, 1347.0) 
Voter 2: ID 362; Choice (1356.0, 2183.0, 192.0, 1889.0, 193.0, 1905.0, 2092.0, 191.0, 1347.0) 
Voter 3: ID 249; Choice (1356.0, 2183.0, 192.0, 1889.0, 193.0, 1905.0, 2092.0, 191.0, 1347.0) 
Voter 4: ID 480; Choice (1356.0, 2183.0, 192.0, 1889.0, 193.0, 1905.0, 2092.0, 191.0, 1347.0) 
Voter 5: ID 704; Choice (1356.0, 2183.0, 192.0, 1889.0, 193.0, 1905.0, 2092.0, 191.0, 1347.0) 
Voter 6: ID 201; Choice (1356.0, 2183.0, 192.0, 1889.0, 193.0, 1905.0, 2092.0, 191.0, 1347.0) 
Voter 7: ID 377; Choice (2141.0, 1356.0, 192.0, 1347.0, 1905.0, 2092.0, 191.0) 
Voter 8: ID 352; Choice (1356.0, 2183.0, 192.0, 1889.0, 193.0, 1905.0, 2092.0, 191.0, 1347.0) 
Voter 9: ID 416; Choice (2141.0, 1356.0, 192.0, 1347.0, 1905.0, 2092.0, 191.0) 
Voter 10: ID 510; Choice (1356.0, 2183.0, 192.0, 1889.0, 193.0, 1905.0, 2092.0, 191.0, 1347.0) 
Voter 11: ID 495; Choice (1356.0, 2183.0, 192.0, 1889.0, 193.0, 1905.0, 2092.0, 191.0, 1347.0) 
Voter 12: ID 120; Choice (1356.0, 2183.0, 192.0, 1889.0, 193.0, 1905.0, 2092.0, 191.0, 1347.0) 
Voter 13: ID 611; Choice (1356.0, 2183.0, 192.0, 1889.0, 193.0, 1905.0, 2092.0, 191.0, 1347.0) 
Voter 14: ID 394; Choice (1356.0, 2183.0, 192.0, 1889.0, 193.0, 1905.0, 2092.0, 191.0, 1347.0) 
Voter 15: ID 279; Choice (1356.0, 2183.0, 192.0, 1889.0, 193.0, 1905.0, 2092.0, 191.0, 1347.0) 
Voter 16: ID 552; Choice (1356.0, 2183.0, 192.0, 1889.0, 193.0, 1905.0, 2092.0, 191.0, 1347.0) 
Voter 17: ID 243; Choice (1356.0, 2183.0, 192.0, 1889.0, 193.0, 1905.0, 2092.0, 191.0) 
Voter 18: ID 463; Choice (1356.0, 2183.0, 192.0, 1889.0, 193.0, 1905.0, 2092.0, 191.0, 1347.0) 
Voter 19: ID 1; Choice (1356.0, 2183.0, 192.0, 1889.0, 193.0, 1905.0, 2092.0, 191.0, 1347.0) 
Voter 20: ID 208; Choice (1356.0, 2183.0, 192.0, 1889.0, 193.0, 1905.0, 2092.0, 191.0, 1347.0) 
Voter 21: ID 446; Choice (1356.0, 2183.0, 192.0, 1889.0, 193.0, 1905.0, 2092.0, 191.0, 1347.0) 
Voter 22: ID 529; Choice (1356.0, 2183.0, 192.0, 1889.0, 193.0, 1905.0, 2092.0, 191.0, 1347.0) 
Voter 23: ID 66; Choice (1356.0, 2183.0, 192.0, 1889.0, 193.0, 1905.0, 2092.0, 191.0, 1347.0) 
Voter 24: ID 562; Choice (1356.0, 2183.0, 192.0, 1889.0, 193.0, 1905.0, 2092.0, 191.0, 1347.0) 
Voter 25: ID 487; Choice (1356.0, 2183.0, 192.0, 1889.0, 193.0, 1905.0, 2092.0, 191.0, 1347.0) 
Voter 26: ID 542; Choice (1356.0, 2183.0, 192.0, 1889.0, 193.0, 1905.0, 2092.0, 191.0, 1347.0) 
Voter 27: ID 471; Choice (1356.0, 2183.0, 192.0, 1889.0, 193.0, 1905.0, 2092.0, 191.0, 1347.0) 
Voter 28: ID 572; Choice (1356.0, 2183.0, 192.0, 1889.0, 193.0, 1905.0, 2092.0, 191.0, 1347.0) 
Voter 29: ID 135; Choice (1356.0, 2183.0, 192.0, 1889.0, 193.0, 1905.0, 2092.0, 191.0, 1347.0) 
Voter 30: ID 131; Choice (1356.0, 2183.0, 192.0, 1889.0, 193.0, 1905.0, 2092.0, 191.0, 1347.0) 
Voter 31: ID 238; Choice (1356.0, 2183.0, 192.0, 1889.0, 193.0, 1905.0, 2092.0, 191.0, 1347.0) 
Voter 32: ID 366; Choice (1356.0, 2183.0, 192.0, 1889.0, 193.0, 1905.0, 2092.0, 191.0, 1347.0) 
Voter 33: ID 711; Choice (1356.0, 2183.0, 192.0, 1889.0, 193.0, 1905.0, 2092.0, 191.0, 1347.0) 
Voter 34: ID 99; Choice (1356.0, 2183.0, 192.0, 1889.0, 193.0, 1905.0, 2092.0, 191.0, 1347.0) 
Voter 35: ID 428; Choice (1356.0, 2183.0, 192.0, 1889.0, 193.0, 1905.0, 2092.0, 191.0, 1347.0) 
Voter 36: ID 444; Choice (1356.0, 2183.0, 192.0, 1889.0, 193.0, 1905.0, 2092.0, 191.0, 1347.0) 
Voter 37: ID 549; Choice (1356.0, 2183.0, 192.0, 1889.0, 193.0, 1905.0, 2092.0, 191.0, 1347.0) 
Voter 38: ID 375; Choice (1356.0, 2183.0, 192.0, 1889.0, 193.0, 1905.0, 2092.0, 191.0, 1347.0) 
Voter 39: ID 712; Choice (1356.0, 2183.0, 192.0, 1889.0, 193.0, 1905.0, 2092.0, 191.0, 1347.0) 
Voter 40: ID 264; Choice (2141.0, 1356.0, 192.0, 1347.0, 1905.0, 2092.0, 191.0) 
Voter 41: ID 447; Choice (1356.0, 2183.0, 192.0, 1889.0, 193.0, 1905.0, 2092.0, 191.0, 1347.0) 
Voter 42: ID 224; Choice (1356.0, 2183.0, 192.0, 1889.0, 193.0, 1905.0, 2092.0, 191.0, 1347.0) 
Voter 43: ID 241; Choice (1356.0, 2183.0, 192.0, 1889.0, 193.0, 1905.0, 2092.0, 191.0, 1347.0) 
Voter 44: ID 363; Choice (1356.0, 2183.0, 192.0, 1889.0, 193.0, 1905.0, 2092.0, 191.0, 1347.0) 
Voter 45: ID 256; Choice (1356.0, 2183.0, 192.0, 1889.0, 193.0, 1905.0, 2092.0, 191.0, 1347.0) 
Voter 46: ID 602; Choice (1356.0, 2183.0, 192.0, 1889.0, 193.0, 1905.0, 2092.0, 191.0, 1347.0) 
Voter 47: ID 183; Choice (1356.0, 2183.0, 192.0, 1889.0, 193.0, 1905.0, 2092.0, 191.0, 1347.0) 
Voter 48: ID 281; Choice (1356.0, 2183.0, 192.0, 1889.0, 193.0, 1905.0, 2092.0, 191.0, 1347.0) 
Voter 49: ID 272; Choice (1356.0, 2183.0, 192.0, 1889.0, 193.0, 1905.0, 2092.0, 191.0, 1347.0) 
Voter 50: ID 252; Choice (1356.0, 2183.0, 192.0, 1889.0, 193.0, 1905.0, 2092.0, 191.0, 1347.0) 
---------------------------------------------------------------------------
After Iteration 17 :
Voter 1: ID 277; Choice (1356.0, 2183.0, 192.0, 1889.0, 193.0, 1905.0, 2092.0, 191.0, 1347.0) 
Voter 2: ID 362; Choice (1356.0, 2183.0, 192.0, 1889.0, 193.0, 1905.0, 2092.0, 191.0, 1347.0) 
Voter 3: ID 249; Choice (1356.0, 2183.0, 192.0, 1889.0, 193.0, 1905.0, 2092.0, 191.0, 1347.0) 
Voter 4: ID 480; Choice (1356.0, 2183.0, 192.0, 1889.0, 193.0, 1905.0, 2092.0, 191.0, 1347.0) 
Voter 5: ID 704; Choice (1356.0, 2183.0, 192.0, 1889.0, 193.0, 1905.0, 2092.0, 191.0, 1347.0) 
Voter 6: ID 201; Choice (1356.0, 2183.0, 192.0, 1889.0, 193.0, 1905.0, 2092.0, 191.0, 1347.0) 
Voter 7: ID 377; Choice (1356.0, 2183.0, 192.0, 1889.0, 193.0, 1905.0, 2092.0, 191.0, 1347.0) 
Voter 8: ID 352; Choice (1356.0, 2183.0, 192.0, 1889.0, 193.0, 1905.0, 2092.0, 191.0, 1347.0) 
Voter 9: ID 416; Choice (1356.0, 2183.0, 192.0, 1889.0, 193.0, 1905.0, 2092.0, 191.0, 1347.0) 
Voter 10: ID 510; Choice (1356.0, 2183.0, 192.0, 1889.0, 193.0, 1905.0, 2092.0, 191.0, 1347.0) 
Voter 11: ID 495; Choice (1356.0, 2183.0, 192.0, 1889.0, 193.0, 1905.0, 2092.0, 191.0, 1347.0) 
Voter 12: ID 120; Choice (1356.0, 2183.0, 192.0, 1889.0, 193.0, 1905.0, 2092.0, 191.0, 1347.0) 
Voter 13: ID 611; Choice (1356.0, 2183.0, 192.0, 1889.0, 193.0, 1905.0, 2092.0, 191.0, 1347.0) 
Voter 14: ID 394; Choice (1356.0, 2183.0, 192.0, 1889.0, 193.0, 1905.0, 2092.0, 191.0, 1347.0) 
Voter 15: ID 279; Choice (1356.0, 2183.0, 192.0, 1889.0, 193.0, 1905.0, 2092.0, 191.0, 1347.0) 
Voter 16: ID 552; Choice (1356.0, 2183.0, 192.0, 1889.0, 193.0, 1905.0, 2092.0, 191.0, 1347.0) 
Voter 17: ID 243; Choice (1356.0, 2183.0, 192.0, 1889.0, 193.0, 1905.0, 2092.0, 191.0, 1347.0) 
Voter 18: ID 463; Choice (1356.0, 2183.0, 192.0, 1889.0, 193.0, 1905.0, 2092.0, 191.0, 1347.0) 
Voter 19: ID 1; Choice (1356.0, 2183.0, 192.0, 1889.0, 193.0, 1905.0, 2092.0, 191.0, 1347.0) 
Voter 20: ID 208; Choice (1356.0, 2183.0, 192.0, 1889.0, 193.0, 1905.0, 2092.0, 191.0, 1347.0) 
Voter 21: ID 446; Choice (1356.0, 2183.0, 192.0, 1889.0, 193.0, 1905.0, 2092.0, 191.0, 1347.0) 
Voter 22: ID 529; Choice (1356.0, 2183.0, 192.0, 1889.0, 193.0, 1905.0, 2092.0, 191.0, 1347.0) 
Voter 23: ID 66; Choice (1356.0, 2183.0, 192.0, 1889.0, 193.0, 1905.0, 2092.0, 191.0, 1347.0) 
Voter 24: ID 562; Choice (1356.0, 2183.0, 192.0, 1889.0, 193.0, 1905.0, 2092.0, 191.0, 1347.0) 
Voter 25: ID 487; Choice (1356.0, 2183.0, 192.0, 1889.0, 193.0, 1905.0, 2092.0, 191.0, 1347.0) 
Voter 26: ID 542; Choice (1356.0, 2183.0, 192.0, 1889.0, 193.0, 1905.0, 2092.0, 191.0, 1347.0) 
Voter 27: ID 471; Choice (1356.0, 2183.0, 192.0, 1889.0, 193.0, 1905.0, 2092.0, 191.0, 1347.0) 
Voter 28: ID 572; Choice (1356.0, 2183.0, 192.0, 1889.0, 193.0, 1905.0, 2092.0, 191.0, 1347.0) 
Voter 29: ID 135; Choice (1356.0, 2183.0, 192.0, 1889.0, 193.0, 1905.0, 2092.0, 191.0, 1347.0) 
Voter 30: ID 131; Choice (1356.0, 2183.0, 192.0, 1889.0, 193.0, 1905.0, 2092.0, 191.0, 1347.0) 
Voter 31: ID 238; Choice (1356.0, 2183.0, 192.0, 1889.0, 193.0, 1905.0, 2092.0, 191.0, 1347.0) 
Voter 32: ID 366; Choice (1356.0, 2183.0, 192.0, 1889.0, 193.0, 1905.0, 2092.0, 191.0, 1347.0) 
Voter 33: ID 711; Choice (1356.0, 2183.0, 192.0, 1889.0, 193.0, 1905.0, 2092.0, 191.0, 1347.0) 
Voter 34: ID 99; Choice (1356.0, 2183.0, 192.0, 1889.0, 193.0, 1905.0, 2092.0, 191.0, 1347.0) 
Voter 35: ID 428; Choice (1356.0, 2183.0, 192.0, 1889.0, 193.0, 1905.0, 2092.0, 191.0, 1347.0) 
Voter 36: ID 444; Choice (1356.0, 2183.0, 192.0, 1889.0, 193.0, 1905.0, 2092.0, 191.0, 1347.0) 
Voter 37: ID 549; Choice (1356.0, 2183.0, 192.0, 1889.0, 193.0, 1905.0, 2092.0, 191.0, 1347.0) 
Voter 38: ID 375; Choice (1356.0, 2183.0, 192.0, 1889.0, 193.0, 1905.0, 2092.0, 191.0, 1347.0) 
Voter 39: ID 712; Choice (1356.0, 2183.0, 192.0, 1889.0, 193.0, 1905.0, 2092.0, 191.0, 1347.0) 
Voter 40: ID 264; Choice (1356.0, 2183.0, 192.0, 1889.0, 193.0, 1905.0, 2092.0, 191.0, 1347.0) 
Voter 41: ID 447; Choice (1356.0, 2183.0, 192.0, 1889.0, 193.0, 1905.0, 2092.0, 191.0, 1347.0) 
Voter 42: ID 224; Choice (1356.0, 2183.0, 192.0, 1889.0, 193.0, 1905.0, 2092.0, 191.0, 1347.0) 
Voter 43: ID 241; Choice (1356.0, 2183.0, 192.0, 1889.0, 193.0, 1905.0, 2092.0, 191.0, 1347.0) 
Voter 44: ID 363; Choice (1356.0, 2183.0, 192.0, 1889.0, 193.0, 1905.0, 2092.0, 191.0, 1347.0) 
Voter 45: ID 256; Choice (1356.0, 2183.0, 192.0, 1889.0, 193.0, 1905.0, 2092.0, 191.0, 1347.0) 
Voter 46: ID 602; Choice (1356.0, 2183.0, 192.0, 1889.0, 193.0, 1905.0, 2092.0, 191.0, 1347.0) 
Voter 47: ID 183; Choice (1356.0, 2183.0, 192.0, 1889.0, 193.0, 1905.0, 2092.0, 191.0, 1347.0) 
Voter 48: ID 281; Choice (1356.0, 2183.0, 192.0, 1889.0, 193.0, 1905.0, 2092.0, 191.0, 1347.0) 
Voter 49: ID 272; Choice (1356.0, 2183.0, 192.0, 1889.0, 193.0, 1905.0, 2092.0, 191.0, 1347.0) 
Voter 50: ID 252; Choice (1356.0, 2183.0, 192.0, 1889.0, 193.0, 1905.0, 2092.0, 191.0, 1347.0) 
---------------------------------------------------------------------------
Concensus reached after 17 iterations.
Max degree: 10 Number of valid combinations: 55 Using random find.
There are 1 opinions after all iterations.
(1356.0, 2183.0, 192.0, 1889.0, 193.0, 1905.0, 2092.0, 191.0, 1347.0) count: 50
