    project id    reward
0       1211.0 -0.444988
1       2141.0 -0.057202
2       1356.0  0.331482
3       2183.0  0.343395
4        433.0 -0.263659
5        192.0  0.232709
6       1889.0  0.302624
7        193.0  0.251523
8       1347.0  0.192139
9       1905.0  0.121838
10      2092.0  0.245409
11      2121.0 -0.136063
12       191.0  0.215283
Valid Combinations are:
(1356.0, 2183.0, 192.0, 1889.0, 193.0, 1905.0, 2092.0, 191.0, 1347.0)
(1356.0, 2183.0, 192.0, 1889.0, 193.0, 1905.0, 2092.0, 191.0)
(1211.0, 2141.0, 1356.0, 2183.0, 192.0, 193.0)
(1356.0, 2183.0, 433.0, 192.0, 193.0, 1347.0, 1905.0, 2092.0, 2121.0, 191.0)
(2141.0, 1356.0, 2183.0, 192.0, 1347.0, 1905.0, 2092.0, 2121.0, 191.0)
(2141.0, 1356.0, 192.0, 1889.0, 193.0, 1347.0, 1905.0, 2092.0, 191.0)
(1356.0, 433.0, 192.0, 1889.0, 193.0, 1905.0, 2092.0, 2121.0, 191.0)
(1211.0, 2183.0, 192.0, 1889.0, 193.0, 1905.0, 2092.0, 191.0)
(2141.0, 1356.0, 2183.0, 433.0, 192.0, 1905.0, 2092.0, 2121.0)
(2141.0, 1356.0, 2183.0, 433.0, 193.0, 1905.0, 2121.0, 191.0)
(2141.0, 1356.0, 2183.0, 192.0, 193.0, 1347.0, 2121.0, 191.0)
(2141.0, 1356.0, 2183.0, 192.0, 193.0, 1905.0, 2092.0, 191.0)
(2141.0, 1356.0, 2183.0, 1889.0, 193.0, 1905.0, 2092.0, 191.0)
(2141.0, 1356.0, 2183.0, 1889.0, 193.0, 1905.0, 2121.0, 191.0)
(2141.0, 2183.0, 192.0, 193.0, 1905.0, 2092.0, 2121.0, 191.0)
(2141.0, 2183.0, 1889.0, 193.0, 1347.0, 1905.0, 2121.0, 191.0)
(2141.0, 2183.0, 193.0, 1347.0, 1905.0, 2092.0, 2121.0, 191.0)
(2141.0, 433.0, 192.0, 1889.0, 193.0, 1347.0, 1905.0, 191.0)
(1356.0, 2183.0, 433.0, 1889.0, 193.0, 1905.0, 2092.0, 191.0)
(1356.0, 433.0, 192.0, 1889.0, 193.0, 1347.0, 1905.0, 191.0)
(2183.0, 433.0, 192.0, 1889.0, 193.0, 1905.0, 2092.0, 191.0)
(1211.0, 2141.0, 2183.0, 192.0, 1889.0, 193.0, 1905.0)
(2141.0, 2183.0, 433.0, 1889.0, 193.0, 1347.0, 2121.0)
(2141.0, 433.0, 1889.0, 1347.0, 2092.0, 2121.0, 191.0)
(1356.0, 2183.0, 433.0, 192.0, 1889.0, 1347.0, 2092.0)
(1356.0, 2183.0, 1889.0, 1347.0, 1905.0, 2121.0, 191.0)
(1356.0, 433.0, 1889.0, 1347.0, 1905.0, 2092.0, 2121.0)
(2183.0, 433.0, 1889.0, 1347.0, 1905.0, 2092.0, 2121.0)
(2183.0, 1889.0, 1347.0, 1905.0, 2092.0, 2121.0, 191.0)
(433.0, 192.0, 1889.0, 193.0, 1347.0, 2121.0, 191.0)
(192.0, 1889.0, 193.0, 1347.0, 1905.0, 2092.0, 2121.0)
(1211.0, 1356.0, 192.0, 193.0, 1347.0, 191.0)
(1211.0, 1356.0, 1889.0, 193.0, 1347.0, 2092.0)
(1211.0, 2183.0, 192.0, 193.0, 1347.0, 1905.0)
(2141.0, 1356.0, 2183.0, 1889.0, 1347.0, 2121.0)
(2141.0, 2183.0, 192.0, 1889.0, 193.0, 2092.0)
(2141.0, 2183.0, 192.0, 1889.0, 1905.0, 191.0)
(2141.0, 192.0, 1889.0, 1905.0, 2121.0, 191.0)
(1356.0, 2183.0, 433.0, 192.0, 1889.0, 2121.0)
Initial Choices:
---------------------------------------------------------------------------
Voter 1: ID 123; Choice (1211.0, 2141.0, 2183.0, 192.0, 1889.0, 193.0, 1905.0) 
Voter 2: ID 208; Choice (433.0, 192.0, 1889.0, 193.0, 1347.0, 2121.0, 191.0) 
Voter 3: ID 294; Choice (1211.0, 2183.0, 192.0, 1889.0, 193.0, 1905.0, 2092.0, 191.0) 
Voter 4: ID 137; Choice (2141.0, 1356.0, 2183.0, 1889.0, 193.0, 1905.0, 2092.0, 191.0) 
Voter 5: ID 703; Choice (2141.0, 1356.0, 2183.0, 192.0, 193.0, 1905.0, 2092.0, 191.0) 
Voter 6: ID 154; Choice (1211.0, 2141.0, 2183.0, 192.0, 1889.0, 193.0, 1905.0) 
Voter 7: ID 518; Choice (1211.0, 1356.0, 1889.0, 193.0, 1347.0, 2092.0) 
Voter 8: ID 320; Choice (1211.0, 1356.0, 1889.0, 193.0, 1347.0, 2092.0) 
Voter 9: ID 538; Choice (433.0, 192.0, 1889.0, 193.0, 1347.0, 2121.0, 191.0) 
Voter 10: ID 159; Choice (1211.0, 2183.0, 192.0, 193.0, 1347.0, 1905.0) 
Voter 11: ID 305; Choice (1211.0, 2141.0, 1356.0, 2183.0, 192.0, 193.0) 
Voter 12: ID 624; Choice (2141.0, 1356.0, 2183.0, 192.0, 193.0, 1905.0, 2092.0, 191.0) 
Voter 13: ID 686; Choice (1356.0, 433.0, 192.0, 1889.0, 193.0, 1905.0, 2092.0, 2121.0, 191.0) 
Voter 14: ID 549; Choice (2141.0, 1356.0, 2183.0, 1889.0, 193.0, 1905.0, 2121.0, 191.0) 
Voter 15: ID 396; Choice (2183.0, 433.0, 192.0, 1889.0, 193.0, 1905.0, 2092.0, 191.0) 
Voter 16: ID 542; Choice (2183.0, 433.0, 192.0, 1889.0, 193.0, 1905.0, 2092.0, 191.0) 
Voter 17: ID 346; Choice (1211.0, 2183.0, 192.0, 193.0, 1347.0, 1905.0) 
Voter 18: ID 453; Choice (1211.0, 1356.0, 192.0, 193.0, 1347.0, 191.0) 
Voter 19: ID 70; Choice (1356.0, 2183.0, 433.0, 192.0, 1889.0, 1347.0, 2092.0) 
Voter 20: ID 285; Choice (2141.0, 1356.0, 2183.0, 433.0, 193.0, 1905.0, 2121.0, 191.0) 
Voter 21: ID 441; Choice (2141.0, 1356.0, 2183.0, 192.0, 1347.0, 1905.0, 2092.0, 2121.0, 191.0) 
Voter 22: ID 118; Choice (1211.0, 2183.0, 192.0, 193.0, 1347.0, 1905.0) 
Voter 23: ID 189; Choice (1356.0, 2183.0, 433.0, 192.0, 1889.0, 1347.0, 2092.0) 
Voter 24: ID 475; Choice (192.0, 1889.0, 193.0, 1347.0, 1905.0, 2092.0, 2121.0) 
Voter 25: ID 338; Choice (2141.0, 1356.0, 192.0, 1889.0, 193.0, 1347.0, 1905.0, 2092.0, 191.0) 
Voter 26: ID 245; Choice (2141.0, 1356.0, 2183.0, 1889.0, 1347.0, 2121.0) 
Voter 27: ID 67; Choice (2141.0, 192.0, 1889.0, 1905.0, 2121.0, 191.0) 
Voter 28: ID 182; Choice (1356.0, 433.0, 192.0, 1889.0, 193.0, 1347.0, 1905.0, 191.0) 
Voter 29: ID 131; Choice (2141.0, 433.0, 1889.0, 1347.0, 2092.0, 2121.0, 191.0) 
Voter 30: ID 53; Choice (1356.0, 2183.0, 433.0, 192.0, 193.0, 1347.0, 1905.0, 2092.0, 2121.0, 191.0) 
Voter 31: ID 506; Choice (2183.0, 433.0, 192.0, 1889.0, 193.0, 1905.0, 2092.0, 191.0) 
Voter 32: ID 677; Choice (2141.0, 1356.0, 2183.0, 192.0, 193.0, 1905.0, 2092.0, 191.0) 
Voter 33: ID 694; Choice (1356.0, 433.0, 192.0, 1889.0, 193.0, 1347.0, 1905.0, 191.0) 
Voter 34: ID 156; Choice (2141.0, 2183.0, 433.0, 1889.0, 193.0, 1347.0, 2121.0) 
Voter 35: ID 120; Choice (1356.0, 2183.0, 192.0, 1889.0, 193.0, 1905.0, 2092.0, 191.0, 1347.0) 
Voter 36: ID 284; Choice (1211.0, 2141.0, 1356.0, 2183.0, 192.0, 193.0) 
Voter 37: ID 498; Choice (2141.0, 433.0, 192.0, 1889.0, 193.0, 1347.0, 1905.0, 191.0) 
Voter 38: ID 363; Choice (2141.0, 1356.0, 2183.0, 433.0, 193.0, 1905.0, 2121.0, 191.0) 
Voter 39: ID 111; Choice (1211.0, 1356.0, 192.0, 193.0, 1347.0, 191.0) 
Voter 40: ID 421; Choice (2141.0, 2183.0, 192.0, 193.0, 1905.0, 2092.0, 2121.0, 191.0) 
Voter 41: ID 446; Choice (1211.0, 2141.0, 2183.0, 192.0, 1889.0, 193.0, 1905.0) 
Voter 42: ID 315; Choice (1356.0, 2183.0, 433.0, 192.0, 1889.0, 1347.0, 2092.0) 
Voter 43: ID 371; Choice (2141.0, 2183.0, 433.0, 1889.0, 193.0, 1347.0, 2121.0) 
Voter 44: ID 313; Choice (2141.0, 433.0, 192.0, 1889.0, 193.0, 1347.0, 1905.0, 191.0) 
Voter 45: ID 69; Choice (433.0, 192.0, 1889.0, 193.0, 1347.0, 2121.0, 191.0) 
Voter 46: ID 51; Choice (2183.0, 433.0, 192.0, 1889.0, 193.0, 1905.0, 2092.0, 191.0) 
Voter 47: ID 18; Choice (433.0, 192.0, 1889.0, 193.0, 1347.0, 2121.0, 191.0) 
Voter 48: ID 397; Choice (1356.0, 2183.0, 433.0, 192.0, 1889.0, 2121.0) 
Voter 49: ID 37; Choice (1211.0, 2141.0, 1356.0, 2183.0, 192.0, 193.0) 
Voter 50: ID 112; Choice (1356.0, 433.0, 1889.0, 1347.0, 1905.0, 2092.0, 2121.0) 
---------------------------------------------------------------------------
After Iteration 1 :
Voter 1: ID 123; Choice (2141.0, 2183.0, 192.0, 193.0, 1905.0, 2092.0, 2121.0, 191.0) 
Voter 2: ID 208; Choice (1356.0, 433.0, 192.0, 1889.0, 193.0, 1905.0, 2092.0, 2121.0, 191.0) 
Voter 3: ID 294; Choice (1211.0, 2183.0, 192.0, 193.0, 1347.0, 1905.0) 
Voter 4: ID 137; Choice (2141.0, 1356.0, 2183.0, 1889.0, 1347.0, 2121.0) 
Voter 5: ID 703; Choice (2141.0, 433.0, 1889.0, 1347.0, 2092.0, 2121.0, 191.0) 
Voter 6: ID 154; Choice (2183.0, 433.0, 1889.0, 1347.0, 1905.0, 2092.0, 2121.0) 
Voter 7: ID 518; Choice (2141.0, 2183.0, 192.0, 1889.0, 1905.0, 191.0) 
Voter 8: ID 320; Choice (2183.0, 1889.0, 1347.0, 1905.0, 2092.0, 2121.0, 191.0) 
Voter 9: ID 538; Choice (2141.0, 1356.0, 192.0, 1889.0, 193.0, 1347.0, 1905.0, 2092.0, 191.0) 
Voter 10: ID 159; Choice (1356.0, 2183.0, 433.0, 192.0, 1889.0, 1347.0, 2092.0) 
Voter 11: ID 305; Choice (1356.0, 2183.0, 433.0, 192.0, 193.0, 1347.0, 1905.0, 2092.0, 2121.0, 191.0) 
Voter 12: ID 624; Choice (2141.0, 2183.0, 193.0, 1347.0, 1905.0, 2092.0, 2121.0, 191.0) 
Voter 13: ID 686; Choice (2141.0, 433.0, 192.0, 1889.0, 193.0, 1347.0, 1905.0, 191.0) 
Voter 14: ID 549; Choice (2141.0, 1356.0, 2183.0, 192.0, 193.0, 1347.0, 2121.0, 191.0) 
Voter 15: ID 396; Choice (1211.0, 2141.0, 1356.0, 2183.0, 192.0, 193.0) 
Voter 16: ID 542; Choice (1356.0, 433.0, 1889.0, 1347.0, 1905.0, 2092.0, 2121.0) 
Voter 17: ID 346; Choice (1356.0, 433.0, 192.0, 1889.0, 193.0, 1905.0, 2092.0, 2121.0, 191.0) 
Voter 18: ID 453; Choice (1211.0, 2183.0, 192.0, 1889.0, 193.0, 1905.0, 2092.0, 191.0) 
Voter 19: ID 70; Choice (1211.0, 1356.0, 1889.0, 193.0, 1347.0, 2092.0) 
Voter 20: ID 285; Choice (2141.0, 2183.0, 433.0, 1889.0, 193.0, 1347.0, 2121.0) 
Voter 21: ID 441; Choice (2141.0, 2183.0, 193.0, 1347.0, 1905.0, 2092.0, 2121.0, 191.0) 
Voter 22: ID 118; Choice (2141.0, 1356.0, 2183.0, 433.0, 192.0, 1905.0, 2092.0, 2121.0) 
Voter 23: ID 189; Choice (2141.0, 1356.0, 192.0, 1889.0, 193.0, 1347.0, 1905.0, 2092.0, 191.0) 
Voter 24: ID 475; Choice (2141.0, 433.0, 1889.0, 1347.0, 2092.0, 2121.0, 191.0) 
Voter 25: ID 338; Choice (1356.0, 433.0, 1889.0, 1347.0, 1905.0, 2092.0, 2121.0) 
Voter 26: ID 245; Choice (2141.0, 1356.0, 192.0, 1889.0, 193.0, 1347.0, 1905.0, 2092.0, 191.0) 
Voter 27: ID 67; Choice (2141.0, 1356.0, 192.0, 1889.0, 193.0, 1347.0, 1905.0, 2092.0, 191.0) 
Voter 28: ID 182; Choice (1356.0, 433.0, 192.0, 1889.0, 193.0, 1905.0, 2092.0, 2121.0, 191.0) 
Voter 29: ID 131; Choice (2141.0, 1356.0, 2183.0, 192.0, 1347.0, 1905.0, 2092.0, 2121.0, 191.0) 
Voter 30: ID 53; Choice (1211.0, 2141.0, 2183.0, 192.0, 1889.0, 193.0, 1905.0) 
Voter 31: ID 506; Choice (1211.0, 2183.0, 192.0, 193.0, 1347.0, 1905.0) 
Voter 32: ID 677; Choice (2141.0, 2183.0, 193.0, 1347.0, 1905.0, 2092.0, 2121.0, 191.0) 
Voter 33: ID 694; Choice (1211.0, 2183.0, 192.0, 193.0, 1347.0, 1905.0) 
Voter 34: ID 156; Choice (2141.0, 192.0, 1889.0, 1905.0, 2121.0, 191.0) 
Voter 35: ID 120; Choice (2141.0, 1356.0, 2183.0, 192.0, 193.0, 1347.0, 2121.0, 191.0) 
Voter 36: ID 284; Choice (2141.0, 1356.0, 192.0, 1889.0, 193.0, 1347.0, 1905.0, 2092.0, 191.0) 
Voter 37: ID 498; Choice (2141.0, 2183.0, 433.0, 1889.0, 193.0, 1347.0, 2121.0) 
Voter 38: ID 363; Choice (2141.0, 1356.0, 2183.0, 192.0, 193.0, 1905.0, 2092.0, 191.0) 
Voter 39: ID 111; Choice (1356.0, 2183.0, 192.0, 1889.0, 193.0, 1905.0, 2092.0, 191.0) 
Voter 40: ID 421; Choice (1356.0, 2183.0, 192.0, 1889.0, 193.0, 1905.0, 2092.0, 191.0, 1347.0) 
Voter 41: ID 446; Choice (1356.0, 433.0, 192.0, 1889.0, 193.0, 1905.0, 2092.0, 2121.0, 191.0) 
Voter 42: ID 315; Choice (2183.0, 1889.0, 1347.0, 1905.0, 2092.0, 2121.0, 191.0) 
Voter 43: ID 371; Choice (1211.0, 1356.0, 1889.0, 193.0, 1347.0, 2092.0) 
Voter 44: ID 313; Choice (2183.0, 433.0, 192.0, 1889.0, 193.0, 1905.0, 2092.0, 191.0) 
Voter 45: ID 69; Choice (1356.0, 2183.0, 433.0, 192.0, 1889.0, 2121.0) 
Voter 46: ID 51; Choice (1211.0, 2183.0, 192.0, 193.0, 1347.0, 1905.0) 
Voter 47: ID 18; Choice (1356.0, 2183.0, 433.0, 192.0, 1889.0, 2121.0) 
Voter 48: ID 397; Choice (1211.0, 1356.0, 192.0, 193.0, 1347.0, 191.0) 
Voter 49: ID 37; Choice (1211.0, 2183.0, 192.0, 1889.0, 193.0, 1905.0, 2092.0, 191.0) 
Voter 50: ID 112; Choice (2183.0, 1889.0, 1347.0, 1905.0, 2092.0, 2121.0, 191.0) 
---------------------------------------------------------------------------
---------------------------------------------------------------------------
{(1356.0, 2183.0, 192.0, 1889.0, 193.0, 1905.0, 2092.0, 191.0, 1347.0): 0, (1356.0, 2183.0, 192.0, 1889.0, 193.0, 1905.0, 2092.0, 191.0): 0, (1211.0, 2141.0, 1356.0, 2183.0, 192.0, 193.0): 0.06569192918175147, (1356.0, 2183.0, 433.0, 192.0, 193.0, 1347.0, 1905.0, 2092.0, 2121.0, 191.0): 0, (2141.0, 1356.0, 2183.0, 192.0, 1347.0, 1905.0, 2092.0, 2121.0, 191.0): 0, (2141.0, 1356.0, 192.0, 1889.0, 193.0, 1347.0, 1905.0, 2092.0, 191.0): 0, (1356.0, 433.0, 192.0, 1889.0, 193.0, 1905.0, 2092.0, 2121.0, 191.0): 0, (1211.0, 2183.0, 192.0, 1889.0, 193.0, 1905.0, 2092.0, 191.0): 0, (2141.0, 1356.0, 2183.0, 433.0, 192.0, 1905.0, 2092.0, 2121.0): 0, (2141.0, 1356.0, 2183.0, 433.0, 193.0, 1905.0, 2121.0, 191.0): 0.08065981797545041, (2141.0, 1356.0, 2183.0, 192.0, 193.0, 1347.0, 2121.0, 191.0): 0, (2141.0, 1356.0, 2183.0, 192.0, 193.0, 1905.0, 2092.0, 191.0): 0.16844375447370474, (2141.0, 1356.0, 2183.0, 1889.0, 193.0, 1905.0, 2092.0, 191.0): 0, (2141.0, 1356.0, 2183.0, 1889.0, 193.0, 1905.0, 2121.0, 191.0): 0, (2141.0, 2183.0, 192.0, 193.0, 1905.0, 2092.0, 2121.0, 191.0): 0, (2141.0, 2183.0, 1889.0, 193.0, 1347.0, 1905.0, 2121.0, 191.0): 0, (2141.0, 2183.0, 193.0, 1347.0, 1905.0, 2092.0, 2121.0, 191.0): 0, (2141.0, 433.0, 192.0, 1889.0, 193.0, 1347.0, 1905.0, 191.0): 0.09952555296199839, (1356.0, 2183.0, 433.0, 1889.0, 193.0, 1905.0, 2092.0, 191.0): 0, (1356.0, 433.0, 192.0, 1889.0, 193.0, 1347.0, 1905.0, 191.0): 0, (2183.0, 433.0, 192.0, 1889.0, 193.0, 1905.0, 2092.0, 191.0): 0, (1211.0, 2141.0, 2183.0, 192.0, 1889.0, 193.0, 1905.0): 0, (2141.0, 2183.0, 433.0, 1889.0, 193.0, 1347.0, 2121.0): 0.06327577748754916, (2141.0, 433.0, 1889.0, 1347.0, 2092.0, 2121.0, 191.0): 0, (1356.0, 2183.0, 433.0, 192.0, 1889.0, 1347.0, 2092.0): 0.13841002014793197, (1356.0, 2183.0, 1889.0, 1347.0, 1905.0, 2121.0, 191.0): 0, (1356.0, 433.0, 1889.0, 1347.0, 1905.0, 2092.0, 2121.0): 0.07937717540725633, (2183.0, 433.0, 1889.0, 1347.0, 1905.0, 2092.0, 2121.0): 0, (2183.0, 1889.0, 1347.0, 1905.0, 2092.0, 2121.0, 191.0): 0, (433.0, 192.0, 1889.0, 193.0, 1347.0, 2121.0, 191.0): 0.07945566819826214, (192.0, 1889.0, 193.0, 1347.0, 1905.0, 2092.0, 2121.0): 0, (1211.0, 1356.0, 192.0, 193.0, 1347.0, 191.0): 0, (1211.0, 1356.0, 1889.0, 193.0, 1347.0, 2092.0): 0, (1211.0, 2183.0, 192.0, 193.0, 1347.0, 1905.0): 0.06966172326165192, (2141.0, 1356.0, 2183.0, 1889.0, 1347.0, 2121.0): 0, (2141.0, 2183.0, 192.0, 1889.0, 193.0, 2092.0): 0, (2141.0, 2183.0, 192.0, 1889.0, 1905.0, 191.0): 0, (2141.0, 192.0, 1889.0, 1905.0, 2121.0, 191.0): 0, (1356.0, 2183.0, 433.0, 192.0, 1889.0, 2121.0): 0}
After Iteration 2 :
Voter 1: ID 123; Choice (1356.0, 2183.0, 1889.0, 1347.0, 1905.0, 2121.0, 191.0) 
Voter 2: ID 208; Choice (2141.0, 2183.0, 193.0, 1347.0, 1905.0, 2092.0, 2121.0, 191.0) 
Voter 3: ID 294; Choice (1211.0, 1356.0, 192.0, 193.0, 1347.0, 191.0) 
Voter 4: ID 137; Choice (2183.0, 1889.0, 1347.0, 1905.0, 2092.0, 2121.0, 191.0) 
Voter 5: ID 703; Choice (2141.0, 2183.0, 192.0, 1889.0, 193.0, 2092.0) 
Voter 6: ID 154; Choice (1211.0, 1356.0, 192.0, 193.0, 1347.0, 191.0) 
Voter 7: ID 518; Choice (2141.0, 2183.0, 433.0, 1889.0, 193.0, 1347.0, 2121.0) 
Voter 8: ID 320; Choice (1211.0, 2141.0, 2183.0, 192.0, 1889.0, 193.0, 1905.0) 
Voter 9: ID 538; Choice (1356.0, 2183.0, 433.0, 192.0, 1889.0, 1347.0, 2092.0) 
Voter 10: ID 159; Choice (1356.0, 2183.0, 433.0, 192.0, 193.0, 1347.0, 1905.0, 2092.0, 2121.0, 191.0) 
Voter 11: ID 305; Choice (1356.0, 2183.0, 1889.0, 1347.0, 1905.0, 2121.0, 191.0) 
Voter 12: ID 624; Choice (1356.0, 2183.0, 1889.0, 1347.0, 1905.0, 2121.0, 191.0) 
Voter 13: ID 686; Choice (1356.0, 2183.0, 433.0, 192.0, 193.0, 1347.0, 1905.0, 2092.0, 2121.0, 191.0) 
Voter 14: ID 549; Choice (2141.0, 2183.0, 1889.0, 193.0, 1347.0, 1905.0, 2121.0, 191.0) 
Voter 15: ID 396; Choice (2141.0, 1356.0, 2183.0, 1889.0, 1347.0, 2121.0) 
Voter 16: ID 542; Choice (1211.0, 1356.0, 1889.0, 193.0, 1347.0, 2092.0) 
Voter 17: ID 346; Choice (2141.0, 1356.0, 2183.0, 192.0, 1347.0, 1905.0, 2092.0, 2121.0, 191.0) 
Voter 18: ID 453; Choice (1356.0, 433.0, 1889.0, 1347.0, 1905.0, 2092.0, 2121.0) 
Voter 19: ID 70; Choice (2141.0, 2183.0, 1889.0, 193.0, 1347.0, 1905.0, 2121.0, 191.0) 
Voter 20: ID 285; Choice (2141.0, 1356.0, 2183.0, 433.0, 192.0, 1905.0, 2092.0, 2121.0) 
Voter 21: ID 441; Choice (2141.0, 1356.0, 2183.0, 433.0, 192.0, 1905.0, 2092.0, 2121.0) 
Voter 22: ID 118; Choice (2141.0, 1356.0, 2183.0, 1889.0, 193.0, 1905.0, 2121.0, 191.0) 
Voter 23: ID 189; Choice (1356.0, 2183.0, 192.0, 1889.0, 193.0, 1905.0, 2092.0, 191.0) 
Voter 24: ID 475; Choice (2141.0, 2183.0, 193.0, 1347.0, 1905.0, 2092.0, 2121.0, 191.0) 
Voter 25: ID 338; Choice (1356.0, 2183.0, 192.0, 1889.0, 193.0, 1905.0, 2092.0, 191.0, 1347.0) 
Voter 26: ID 245; Choice (2141.0, 1356.0, 2183.0, 433.0, 192.0, 1905.0, 2092.0, 2121.0) 
Voter 27: ID 67; Choice (2141.0, 1356.0, 2183.0, 1889.0, 193.0, 1905.0, 2092.0, 191.0) 
Voter 28: ID 182; Choice (2183.0, 433.0, 192.0, 1889.0, 193.0, 1905.0, 2092.0, 191.0) 
Voter 29: ID 131; Choice (1211.0, 2141.0, 2183.0, 192.0, 1889.0, 193.0, 1905.0) 
Voter 30: ID 53; Choice (1211.0, 1356.0, 1889.0, 193.0, 1347.0, 2092.0) 
Voter 31: ID 506; Choice (2141.0, 2183.0, 192.0, 1889.0, 1905.0, 191.0) 
Voter 32: ID 677; Choice (2183.0, 1889.0, 1347.0, 1905.0, 2092.0, 2121.0, 191.0) 
Voter 33: ID 694; Choice (2141.0, 2183.0, 193.0, 1347.0, 1905.0, 2092.0, 2121.0, 191.0) 
Voter 34: ID 156; Choice (2183.0, 433.0, 1889.0, 1347.0, 1905.0, 2092.0, 2121.0) 
Voter 35: ID 120; Choice (2183.0, 433.0, 192.0, 1889.0, 193.0, 1905.0, 2092.0, 191.0) 
Voter 36: ID 284; Choice (2141.0, 1356.0, 2183.0, 1889.0, 193.0, 1905.0, 2121.0, 191.0) 
Voter 37: ID 498; Choice (1211.0, 2141.0, 2183.0, 192.0, 1889.0, 193.0, 1905.0) 
Voter 38: ID 363; Choice (2141.0, 1356.0, 2183.0, 1889.0, 193.0, 1905.0, 2092.0, 191.0) 
Voter 39: ID 111; Choice (2141.0, 1356.0, 192.0, 1889.0, 193.0, 1347.0, 1905.0, 2092.0, 191.0) 
Voter 40: ID 421; Choice (1356.0, 2183.0, 1889.0, 1347.0, 1905.0, 2121.0, 191.0) 
Voter 41: ID 446; Choice (2141.0, 1356.0, 2183.0, 1889.0, 1347.0, 2121.0) 
Voter 42: ID 315; Choice (2141.0, 1356.0, 2183.0, 192.0, 193.0, 1905.0, 2092.0, 191.0) 
Voter 43: ID 371; Choice (2183.0, 433.0, 192.0, 1889.0, 193.0, 1905.0, 2092.0, 191.0) 
Voter 44: ID 313; Choice (1356.0, 433.0, 192.0, 1889.0, 193.0, 1347.0, 1905.0, 191.0) 
Voter 45: ID 69; Choice (2141.0, 1356.0, 2183.0, 192.0, 1347.0, 1905.0, 2092.0, 2121.0, 191.0) 
Voter 46: ID 51; Choice (1356.0, 2183.0, 433.0, 192.0, 193.0, 1347.0, 1905.0, 2092.0, 2121.0, 191.0) 
Voter 47: ID 18; Choice (2183.0, 433.0, 1889.0, 1347.0, 1905.0, 2092.0, 2121.0) 
Voter 48: ID 397; Choice (1356.0, 433.0, 192.0, 1889.0, 193.0, 1347.0, 1905.0, 191.0) 
Voter 49: ID 37; Choice (2141.0, 2183.0, 193.0, 1347.0, 1905.0, 2092.0, 2121.0, 191.0) 
Voter 50: ID 112; Choice (1211.0, 2141.0, 2183.0, 192.0, 1889.0, 193.0, 1905.0) 
---------------------------------------------------------------------------
After Iteration 3 :
Voter 1: ID 123; Choice (1211.0, 1356.0, 1889.0, 193.0, 1347.0, 2092.0) 
Voter 2: ID 208; Choice (2141.0, 433.0, 192.0, 1889.0, 193.0, 1347.0, 1905.0, 191.0) 
Voter 3: ID 294; Choice (2141.0, 192.0, 1889.0, 1905.0, 2121.0, 191.0) 
Voter 4: ID 137; Choice (2183.0, 1889.0, 1347.0, 1905.0, 2092.0, 2121.0, 191.0) 
Voter 5: ID 703; Choice (2141.0, 1356.0, 2183.0, 192.0, 1347.0, 1905.0, 2092.0, 2121.0, 191.0) 
Voter 6: ID 154; Choice (1356.0, 2183.0, 433.0, 192.0, 1889.0, 2121.0) 
Voter 7: ID 518; Choice (2141.0, 2183.0, 192.0, 193.0, 1905.0, 2092.0, 2121.0, 191.0) 
Voter 8: ID 320; Choice (2141.0, 2183.0, 1889.0, 193.0, 1347.0, 1905.0, 2121.0, 191.0) 
Voter 9: ID 538; Choice (1356.0, 2183.0, 1889.0, 1347.0, 1905.0, 2121.0, 191.0) 
Voter 10: ID 159; Choice (2141.0, 1356.0, 2183.0, 192.0, 1347.0, 1905.0, 2092.0, 2121.0, 191.0) 
Voter 11: ID 305; Choice (1356.0, 2183.0, 433.0, 192.0, 1889.0, 1347.0, 2092.0) 
Voter 12: ID 624; Choice (1356.0, 2183.0, 1889.0, 1347.0, 1905.0, 2121.0, 191.0) 
Voter 13: ID 686; Choice (2141.0, 1356.0, 2183.0, 192.0, 193.0, 1905.0, 2092.0, 191.0) 
Voter 14: ID 549; Choice (1356.0, 433.0, 192.0, 1889.0, 193.0, 1347.0, 1905.0, 191.0) 
Voter 15: ID 396; Choice (2141.0, 1356.0, 2183.0, 192.0, 193.0, 1905.0, 2092.0, 191.0) 
Voter 16: ID 542; Choice (1356.0, 433.0, 192.0, 1889.0, 193.0, 1905.0, 2092.0, 2121.0, 191.0) 
Voter 17: ID 346; Choice (192.0, 1889.0, 193.0, 1347.0, 1905.0, 2092.0, 2121.0) 
Voter 18: ID 453; Choice (1356.0, 2183.0, 433.0, 192.0, 193.0, 1347.0, 1905.0, 2092.0, 2121.0, 191.0) 
Voter 19: ID 70; Choice (2183.0, 1889.0, 1347.0, 1905.0, 2092.0, 2121.0, 191.0) 
Voter 20: ID 285; Choice (1211.0, 2183.0, 192.0, 1889.0, 193.0, 1905.0, 2092.0, 191.0) 
Voter 21: ID 441; Choice (2141.0, 1356.0, 2183.0, 433.0, 192.0, 1905.0, 2092.0, 2121.0) 
Voter 22: ID 118; Choice (1356.0, 2183.0, 433.0, 1889.0, 193.0, 1905.0, 2092.0, 191.0) 
Voter 23: ID 189; Choice (1211.0, 2183.0, 192.0, 193.0, 1347.0, 1905.0) 
Voter 24: ID 475; Choice (1356.0, 2183.0, 1889.0, 1347.0, 1905.0, 2121.0, 191.0) 
Voter 25: ID 338; Choice (2141.0, 1356.0, 2183.0, 192.0, 193.0, 1905.0, 2092.0, 191.0) 
Voter 26: ID 245; Choice (2141.0, 1356.0, 2183.0, 192.0, 193.0, 1905.0, 2092.0, 191.0) 
Voter 27: ID 67; Choice (2141.0, 2183.0, 433.0, 1889.0, 193.0, 1347.0, 2121.0) 
Voter 28: ID 182; Choice (2141.0, 2183.0, 192.0, 193.0, 1905.0, 2092.0, 2121.0, 191.0) 
Voter 29: ID 131; Choice (2183.0, 1889.0, 1347.0, 1905.0, 2092.0, 2121.0, 191.0) 
Voter 30: ID 53; Choice (1211.0, 2141.0, 1356.0, 2183.0, 192.0, 193.0) 
Voter 31: ID 506; Choice (2141.0, 2183.0, 193.0, 1347.0, 1905.0, 2092.0, 2121.0, 191.0) 
Voter 32: ID 677; Choice (2141.0, 2183.0, 1889.0, 193.0, 1347.0, 1905.0, 2121.0, 191.0) 
Voter 33: ID 694; Choice (1356.0, 2183.0, 192.0, 1889.0, 193.0, 1905.0, 2092.0, 191.0) 
Voter 34: ID 156; Choice (1211.0, 2141.0, 1356.0, 2183.0, 192.0, 193.0) 
Voter 35: ID 120; Choice (2141.0, 1356.0, 2183.0, 1889.0, 193.0, 1905.0, 2092.0, 191.0) 
Voter 36: ID 284; Choice (1356.0, 2183.0, 1889.0, 1347.0, 1905.0, 2121.0, 191.0) 
Voter 37: ID 498; Choice (1356.0, 2183.0, 433.0, 192.0, 1889.0, 1347.0, 2092.0) 
Voter 38: ID 363; Choice (1356.0, 433.0, 1889.0, 1347.0, 1905.0, 2092.0, 2121.0) 
Voter 39: ID 111; Choice (2141.0, 1356.0, 2183.0, 433.0, 193.0, 1905.0, 2121.0, 191.0) 
Voter 40: ID 421; Choice (2141.0, 1356.0, 2183.0, 1889.0, 1347.0, 2121.0) 
Voter 41: ID 446; Choice (2141.0, 2183.0, 192.0, 1889.0, 1905.0, 191.0) 
Voter 42: ID 315; Choice (433.0, 192.0, 1889.0, 193.0, 1347.0, 2121.0, 191.0) 
Voter 43: ID 371; Choice (2141.0, 433.0, 1889.0, 1347.0, 2092.0, 2121.0, 191.0) 
Voter 44: ID 313; Choice (1211.0, 1356.0, 192.0, 193.0, 1347.0, 191.0) 
Voter 45: ID 69; Choice (1356.0, 2183.0, 433.0, 192.0, 193.0, 1347.0, 1905.0, 2092.0, 2121.0, 191.0) 
Voter 46: ID 51; Choice (1356.0, 2183.0, 433.0, 192.0, 1889.0, 2121.0) 
Voter 47: ID 18; Choice (2183.0, 433.0, 1889.0, 1347.0, 1905.0, 2092.0, 2121.0) 
Voter 48: ID 397; Choice (2141.0, 1356.0, 2183.0, 1889.0, 193.0, 1905.0, 2092.0, 191.0) 
Voter 49: ID 37; Choice (2141.0, 2183.0, 192.0, 1889.0, 1905.0, 191.0) 
Voter 50: ID 112; Choice (2141.0, 1356.0, 2183.0, 1889.0, 1347.0, 2121.0) 
---------------------------------------------------------------------------
After Iteration 4 :
Voter 1: ID 123; Choice (1356.0, 2183.0, 192.0, 1889.0, 193.0, 1905.0, 2092.0, 191.0, 1347.0) 
Voter 2: ID 208; Choice (1356.0, 433.0, 192.0, 1889.0, 193.0, 1905.0, 2092.0, 2121.0, 191.0) 
Voter 3: ID 294; Choice (1356.0, 2183.0, 192.0, 1889.0, 193.0, 1905.0, 2092.0, 191.0, 1347.0) 
Voter 4: ID 137; Choice (1356.0, 2183.0, 192.0, 1889.0, 193.0, 1905.0, 2092.0, 191.0, 1347.0) 
Voter 5: ID 703; Choice (1356.0, 2183.0, 192.0, 1889.0, 193.0, 1905.0, 2092.0, 191.0, 1347.0) 
Voter 6: ID 154; Choice (1356.0, 2183.0, 192.0, 1889.0, 193.0, 1905.0, 2092.0, 191.0, 1347.0) 
Voter 7: ID 518; Choice (1356.0, 433.0, 192.0, 1889.0, 193.0, 1905.0, 2092.0, 2121.0, 191.0) 
Voter 8: ID 320; Choice (1356.0, 2183.0, 192.0, 1889.0, 193.0, 1905.0, 2092.0, 191.0, 1347.0) 
Voter 9: ID 538; Choice (2141.0, 1356.0, 192.0, 1889.0, 193.0, 1347.0, 1905.0, 2092.0, 191.0) 
Voter 10: ID 159; Choice (1356.0, 2183.0, 433.0, 192.0, 193.0, 1347.0, 1905.0, 2092.0, 2121.0, 191.0) 
Voter 11: ID 305; Choice (1356.0, 2183.0, 192.0, 1889.0, 193.0, 1905.0, 2092.0, 191.0, 1347.0) 
Voter 12: ID 624; Choice (1356.0, 2183.0, 192.0, 1889.0, 193.0, 1905.0, 2092.0, 191.0, 1347.0) 
Voter 13: ID 686; Choice (1356.0, 2183.0, 433.0, 192.0, 193.0, 1347.0, 1905.0, 2092.0, 2121.0, 191.0) 
Voter 14: ID 549; Choice (1356.0, 2183.0, 192.0, 1889.0, 193.0, 1905.0, 2092.0, 191.0, 1347.0) 
Voter 15: ID 396; Choice (1211.0, 1356.0, 1889.0, 193.0, 1347.0, 2092.0) 
Voter 16: ID 542; Choice (1356.0, 2183.0, 192.0, 1889.0, 193.0, 1905.0, 2092.0, 191.0, 1347.0) 
Voter 17: ID 346; Choice (1356.0, 433.0, 192.0, 1889.0, 193.0, 1905.0, 2092.0, 2121.0, 191.0) 
Voter 18: ID 453; Choice (2141.0, 1356.0, 2183.0, 1889.0, 193.0, 1905.0, 2092.0, 191.0) 
Voter 19: ID 70; Choice (1356.0, 2183.0, 192.0, 1889.0, 193.0, 1905.0, 2092.0, 191.0, 1347.0) 
Voter 20: ID 285; Choice (1356.0, 2183.0, 192.0, 1889.0, 193.0, 1905.0, 2092.0, 191.0, 1347.0) 
Voter 21: ID 441; Choice (2141.0, 1356.0, 192.0, 1889.0, 193.0, 1347.0, 1905.0, 2092.0, 191.0) 
Voter 22: ID 118; Choice (2141.0, 1356.0, 2183.0, 1889.0, 193.0, 1905.0, 2121.0, 191.0) 
Voter 23: ID 189; Choice (1356.0, 2183.0, 192.0, 1889.0, 193.0, 1905.0, 2092.0, 191.0, 1347.0) 
Voter 24: ID 475; Choice (2141.0, 1356.0, 192.0, 1889.0, 193.0, 1347.0, 1905.0, 2092.0, 191.0) 
Voter 25: ID 338; Choice (1356.0, 2183.0, 192.0, 1889.0, 193.0, 1905.0, 2092.0, 191.0, 1347.0) 
Voter 26: ID 245; Choice (1356.0, 2183.0, 192.0, 1889.0, 193.0, 1905.0, 2092.0, 191.0, 1347.0) 
Voter 27: ID 67; Choice (1356.0, 433.0, 192.0, 1889.0, 193.0, 1905.0, 2092.0, 2121.0, 191.0) 
Voter 28: ID 182; Choice (1356.0, 2183.0, 192.0, 1889.0, 193.0, 1905.0, 2092.0, 191.0, 1347.0) 
Voter 29: ID 131; Choice (1356.0, 2183.0, 192.0, 1889.0, 193.0, 1905.0, 2092.0, 191.0, 1347.0) 
Voter 30: ID 53; Choice (1356.0, 2183.0, 192.0, 1889.0, 193.0, 1905.0, 2092.0, 191.0, 1347.0) 
Voter 31: ID 506; Choice (1211.0, 1356.0, 192.0, 193.0, 1347.0, 191.0) 
Voter 32: ID 677; Choice (1356.0, 2183.0, 192.0, 1889.0, 193.0, 1905.0, 2092.0, 191.0, 1347.0) 
Voter 33: ID 694; Choice (1356.0, 2183.0, 192.0, 1889.0, 193.0, 1905.0, 2092.0, 191.0, 1347.0) 
Voter 34: ID 156; Choice (2141.0, 1356.0, 192.0, 1889.0, 193.0, 1347.0, 1905.0, 2092.0, 191.0) 
Voter 35: ID 120; Choice (1356.0, 2183.0, 192.0, 1889.0, 193.0, 1905.0, 2092.0, 191.0, 1347.0) 
Voter 36: ID 284; Choice (2141.0, 1356.0, 2183.0, 1889.0, 193.0, 1905.0, 2121.0, 191.0) 
Voter 37: ID 498; Choice (1356.0, 2183.0, 192.0, 1889.0, 193.0, 1905.0, 2092.0, 191.0, 1347.0) 
Voter 38: ID 363; Choice (2141.0, 1356.0, 2183.0, 192.0, 193.0, 1905.0, 2092.0, 191.0) 
Voter 39: ID 111; Choice (2141.0, 1356.0, 192.0, 1889.0, 193.0, 1347.0, 1905.0, 2092.0, 191.0) 
Voter 40: ID 421; Choice (1356.0, 433.0, 192.0, 1889.0, 193.0, 1905.0, 2092.0, 2121.0, 191.0) 
Voter 41: ID 446; Choice (1356.0, 2183.0, 192.0, 1889.0, 193.0, 1905.0, 2092.0, 191.0, 1347.0) 
Voter 42: ID 315; Choice (1356.0, 2183.0, 192.0, 1889.0, 193.0, 1905.0, 2092.0, 191.0, 1347.0) 
Voter 43: ID 371; Choice (1356.0, 433.0, 192.0, 1889.0, 193.0, 1905.0, 2092.0, 2121.0, 191.0) 
Voter 44: ID 313; Choice (1356.0, 2183.0, 192.0, 1889.0, 193.0, 1905.0, 2092.0, 191.0, 1347.0) 
Voter 45: ID 69; Choice (2141.0, 1356.0, 2183.0, 192.0, 1347.0, 1905.0, 2092.0, 2121.0, 191.0) 
Voter 46: ID 51; Choice (1356.0, 2183.0, 433.0, 192.0, 193.0, 1347.0, 1905.0, 2092.0, 2121.0, 191.0) 
Voter 47: ID 18; Choice (1356.0, 2183.0, 192.0, 1889.0, 193.0, 1905.0, 2092.0, 191.0, 1347.0) 
Voter 48: ID 397; Choice (1356.0, 433.0, 192.0, 1889.0, 193.0, 1347.0, 1905.0, 191.0) 
Voter 49: ID 37; Choice (2141.0, 1356.0, 192.0, 1889.0, 193.0, 1347.0, 1905.0, 2092.0, 191.0) 
Voter 50: ID 112; Choice (2141.0, 1356.0, 2183.0, 192.0, 193.0, 1905.0, 2092.0, 191.0) 
---------------------------------------------------------------------------
After Iteration 5 :
Voter 1: ID 123; Choice (1356.0, 2183.0, 192.0, 1889.0, 193.0, 1905.0, 2092.0, 191.0, 1347.0) 
Voter 2: ID 208; Choice (1356.0, 433.0, 192.0, 1889.0, 193.0, 1905.0, 2092.0, 2121.0, 191.0) 
Voter 3: ID 294; Choice (2141.0, 1356.0, 2183.0, 1889.0, 193.0, 1905.0, 2121.0, 191.0) 
Voter 4: ID 137; Choice (2183.0, 1889.0, 1347.0, 1905.0, 2092.0, 2121.0, 191.0) 
Voter 5: ID 703; Choice (2141.0, 1356.0, 2183.0, 192.0, 1347.0, 1905.0, 2092.0, 2121.0, 191.0) 
Voter 6: ID 154; Choice (2141.0, 1356.0, 2183.0, 1889.0, 193.0, 1905.0, 2121.0, 191.0) 
Voter 7: ID 518; Choice (1356.0, 433.0, 192.0, 1889.0, 193.0, 1905.0, 2092.0, 2121.0, 191.0) 
Voter 8: ID 320; Choice (1356.0, 2183.0, 192.0, 1889.0, 193.0, 1905.0, 2092.0, 191.0, 1347.0) 
Voter 9: ID 538; Choice (2141.0, 1356.0, 192.0, 1889.0, 193.0, 1347.0, 1905.0, 2092.0, 191.0) 
Voter 10: ID 159; Choice (1356.0, 2183.0, 433.0, 192.0, 193.0, 1347.0, 1905.0, 2092.0, 2121.0, 191.0) 
Voter 11: ID 305; Choice (1356.0, 2183.0, 433.0, 192.0, 1889.0, 1347.0, 2092.0) 
Voter 12: ID 624; Choice (2141.0, 1356.0, 2183.0, 192.0, 1347.0, 1905.0, 2092.0, 2121.0, 191.0) 
Voter 13: ID 686; Choice (1356.0, 2183.0, 192.0, 1889.0, 193.0, 1905.0, 2092.0, 191.0, 1347.0) 
Voter 14: ID 549; Choice (1356.0, 2183.0, 192.0, 1889.0, 193.0, 1905.0, 2092.0, 191.0, 1347.0) 
Voter 15: ID 396; Choice (2141.0, 1356.0, 2183.0, 192.0, 193.0, 1905.0, 2092.0, 191.0) 
Voter 16: ID 542; Choice (1356.0, 2183.0, 192.0, 1889.0, 193.0, 1905.0, 2092.0, 191.0, 1347.0) 
Voter 17: ID 346; Choice (1356.0, 433.0, 192.0, 1889.0, 193.0, 1905.0, 2092.0, 2121.0, 191.0) 
Voter 18: ID 453; Choice (2141.0, 1356.0, 192.0, 1889.0, 193.0, 1347.0, 1905.0, 2092.0, 191.0) 
Voter 19: ID 70; Choice (2141.0, 1356.0, 2183.0, 192.0, 1347.0, 1905.0, 2092.0, 2121.0, 191.0) 
Voter 20: ID 285; Choice (1356.0, 2183.0, 192.0, 1889.0, 193.0, 1905.0, 2092.0, 191.0, 1347.0) 
Voter 21: ID 441; Choice (2141.0, 1356.0, 192.0, 1889.0, 193.0, 1347.0, 1905.0, 2092.0, 191.0) 
Voter 22: ID 118; Choice (2141.0, 1356.0, 2183.0, 1889.0, 193.0, 1905.0, 2121.0, 191.0) 
Voter 23: ID 189; Choice (1356.0, 2183.0, 192.0, 1889.0, 193.0, 1905.0, 2092.0, 191.0, 1347.0) 
Voter 24: ID 475; Choice (2141.0, 1356.0, 2183.0, 1889.0, 193.0, 1905.0, 2121.0, 191.0) 
Voter 25: ID 338; Choice (1356.0, 2183.0, 192.0, 1889.0, 193.0, 1905.0, 2092.0, 191.0, 1347.0) 
Voter 26: ID 245; Choice (1356.0, 2183.0, 192.0, 1889.0, 193.0, 1905.0, 2092.0, 191.0, 1347.0) 
Voter 27: ID 67; Choice (1356.0, 433.0, 192.0, 1889.0, 193.0, 1905.0, 2092.0, 2121.0, 191.0) 
Voter 28: ID 182; Choice (1356.0, 2183.0, 192.0, 1889.0, 193.0, 1905.0, 2092.0, 191.0, 1347.0) 
Voter 29: ID 131; Choice (1356.0, 2183.0, 192.0, 1889.0, 193.0, 1905.0, 2092.0, 191.0, 1347.0) 
Voter 30: ID 53; Choice (1356.0, 2183.0, 192.0, 1889.0, 193.0, 1905.0, 2092.0, 191.0, 1347.0) 
Voter 31: ID 506; Choice (2141.0, 1356.0, 192.0, 1889.0, 193.0, 1347.0, 1905.0, 2092.0, 191.0) 
Voter 32: ID 677; Choice (2141.0, 1356.0, 2183.0, 1889.0, 193.0, 1905.0, 2121.0, 191.0) 
Voter 33: ID 694; Choice (1356.0, 2183.0, 192.0, 1889.0, 193.0, 1905.0, 2092.0, 191.0, 1347.0) 
Voter 34: ID 156; Choice (1356.0, 2183.0, 192.0, 1889.0, 193.0, 1905.0, 2092.0, 191.0, 1347.0) 
Voter 35: ID 120; Choice (2141.0, 1356.0, 2183.0, 1889.0, 193.0, 1905.0, 2092.0, 191.0) 
Voter 36: ID 284; Choice (1356.0, 2183.0, 192.0, 1889.0, 193.0, 1905.0, 2092.0, 191.0, 1347.0) 
Voter 37: ID 498; Choice (1356.0, 2183.0, 433.0, 192.0, 1889.0, 1347.0, 2092.0) 
Voter 38: ID 363; Choice (2141.0, 1356.0, 2183.0, 192.0, 193.0, 1905.0, 2092.0, 191.0) 
Voter 39: ID 111; Choice (2141.0, 1356.0, 192.0, 1889.0, 193.0, 1347.0, 1905.0, 2092.0, 191.0) 
Voter 40: ID 421; Choice (1356.0, 433.0, 192.0, 1889.0, 193.0, 1905.0, 2092.0, 2121.0, 191.0) 
Voter 41: ID 446; Choice (1356.0, 2183.0, 192.0, 1889.0, 193.0, 1905.0, 2092.0, 191.0, 1347.0) 
Voter 42: ID 315; Choice (2141.0, 1356.0, 2183.0, 1889.0, 193.0, 1905.0, 2121.0, 191.0) 
Voter 43: ID 371; Choice (1356.0, 2183.0, 192.0, 1889.0, 193.0, 1905.0, 2092.0, 191.0, 1347.0) 
Voter 44: ID 313; Choice (1356.0, 2183.0, 192.0, 1889.0, 193.0, 1905.0, 2092.0, 191.0, 1347.0) 
Voter 45: ID 69; Choice (1356.0, 2183.0, 433.0, 192.0, 193.0, 1347.0, 1905.0, 2092.0, 2121.0, 191.0) 
Voter 46: ID 51; Choice (1356.0, 433.0, 192.0, 1889.0, 193.0, 1905.0, 2092.0, 2121.0, 191.0) 
Voter 47: ID 18; Choice (1356.0, 2183.0, 192.0, 1889.0, 193.0, 1905.0, 2092.0, 191.0, 1347.0) 
Voter 48: ID 397; Choice (1356.0, 433.0, 192.0, 1889.0, 193.0, 1347.0, 1905.0, 191.0) 
Voter 49: ID 37; Choice (2141.0, 1356.0, 192.0, 1889.0, 193.0, 1347.0, 1905.0, 2092.0, 191.0) 
Voter 50: ID 112; Choice (1356.0, 2183.0, 192.0, 1889.0, 193.0, 1905.0, 2092.0, 191.0, 1347.0) 
---------------------------------------------------------------------------
After Iteration 6 :
Voter 1: ID 123; Choice (1356.0, 2183.0, 192.0, 1889.0, 193.0, 1905.0, 2092.0, 191.0, 1347.0) 
Voter 2: ID 208; Choice (1356.0, 433.0, 192.0, 1889.0, 193.0, 1905.0, 2092.0, 2121.0, 191.0) 
Voter 3: ID 294; Choice (1356.0, 2183.0, 192.0, 1889.0, 193.0, 1905.0, 2092.0, 191.0, 1347.0) 
Voter 4: ID 137; Choice (1356.0, 2183.0, 192.0, 1889.0, 193.0, 1905.0, 2092.0, 191.0, 1347.0) 
Voter 5: ID 703; Choice (1356.0, 2183.0, 192.0, 1889.0, 193.0, 1905.0, 2092.0, 191.0, 1347.0) 
Voter 6: ID 154; Choice (2141.0, 1356.0, 2183.0, 1889.0, 193.0, 1905.0, 2121.0, 191.0) 
Voter 7: ID 518; Choice (1356.0, 2183.0, 192.0, 1889.0, 193.0, 1905.0, 2092.0, 191.0, 1347.0) 
Voter 8: ID 320; Choice (1356.0, 2183.0, 192.0, 1889.0, 193.0, 1905.0, 2092.0, 191.0, 1347.0) 
Voter 9: ID 538; Choice (2141.0, 1356.0, 192.0, 1889.0, 193.0, 1347.0, 1905.0, 2092.0, 191.0) 
Voter 10: ID 159; Choice (1356.0, 2183.0, 192.0, 1889.0, 193.0, 1905.0, 2092.0, 191.0, 1347.0) 
Voter 11: ID 305; Choice (1356.0, 2183.0, 433.0, 192.0, 1889.0, 1347.0, 2092.0) 
Voter 12: ID 624; Choice (2141.0, 1356.0, 2183.0, 192.0, 1347.0, 1905.0, 2092.0, 2121.0, 191.0) 
Voter 13: ID 686; Choice (1356.0, 2183.0, 192.0, 1889.0, 193.0, 1905.0, 2092.0, 191.0, 1347.0) 
Voter 14: ID 549; Choice (1356.0, 2183.0, 192.0, 1889.0, 193.0, 1905.0, 2092.0, 191.0, 1347.0) 
Voter 15: ID 396; Choice (1356.0, 2183.0, 192.0, 1889.0, 193.0, 1905.0, 2092.0, 191.0, 1347.0) 
Voter 16: ID 542; Choice (1356.0, 2183.0, 192.0, 1889.0, 193.0, 1905.0, 2092.0, 191.0, 1347.0) 
Voter 17: ID 346; Choice (1356.0, 433.0, 192.0, 1889.0, 193.0, 1905.0, 2092.0, 2121.0, 191.0) 
Voter 18: ID 453; Choice (2141.0, 1356.0, 2183.0, 1889.0, 193.0, 1905.0, 2092.0, 191.0) 
Voter 19: ID 70; Choice (1356.0, 2183.0, 192.0, 1889.0, 193.0, 1905.0, 2092.0, 191.0, 1347.0) 
Voter 20: ID 285; Choice (1356.0, 2183.0, 192.0, 1889.0, 193.0, 1905.0, 2092.0, 191.0, 1347.0) 
Voter 21: ID 441; Choice (2141.0, 1356.0, 192.0, 1889.0, 193.0, 1347.0, 1905.0, 2092.0, 191.0) 
Voter 22: ID 118; Choice (2141.0, 1356.0, 2183.0, 1889.0, 193.0, 1905.0, 2121.0, 191.0) 
Voter 23: ID 189; Choice (1356.0, 2183.0, 192.0, 1889.0, 193.0, 1905.0, 2092.0, 191.0, 1347.0) 
Voter 24: ID 475; Choice (1356.0, 2183.0, 192.0, 1889.0, 193.0, 1905.0, 2092.0, 191.0, 1347.0) 
Voter 25: ID 338; Choice (1356.0, 2183.0, 192.0, 1889.0, 193.0, 1905.0, 2092.0, 191.0, 1347.0) 
Voter 26: ID 245; Choice (1356.0, 2183.0, 192.0, 1889.0, 193.0, 1905.0, 2092.0, 191.0, 1347.0) 
Voter 27: ID 67; Choice (1356.0, 433.0, 192.0, 1889.0, 193.0, 1905.0, 2092.0, 2121.0, 191.0) 
Voter 28: ID 182; Choice (1356.0, 2183.0, 192.0, 1889.0, 193.0, 1905.0, 2092.0, 191.0, 1347.0) 
Voter 29: ID 131; Choice (1356.0, 2183.0, 192.0, 1889.0, 193.0, 1905.0, 2092.0, 191.0, 1347.0) 
Voter 30: ID 53; Choice (1356.0, 2183.0, 192.0, 1889.0, 193.0, 1905.0, 2092.0, 191.0, 1347.0) 
Voter 31: ID 506; Choice (1356.0, 2183.0, 192.0, 1889.0, 193.0, 1905.0, 2092.0, 191.0, 1347.0) 
Voter 32: ID 677; Choice (2141.0, 1356.0, 2183.0, 1889.0, 193.0, 1905.0, 2121.0, 191.0) 
Voter 33: ID 694; Choice (1356.0, 2183.0, 192.0, 1889.0, 193.0, 1905.0, 2092.0, 191.0, 1347.0) 
Voter 34: ID 156; Choice (1356.0, 2183.0, 192.0, 1889.0, 193.0, 1905.0, 2092.0, 191.0, 1347.0) 
Voter 35: ID 120; Choice (1356.0, 2183.0, 192.0, 1889.0, 193.0, 1905.0, 2092.0, 191.0, 1347.0) 
Voter 36: ID 284; Choice (1356.0, 2183.0, 192.0, 1889.0, 193.0, 1905.0, 2092.0, 191.0, 1347.0) 
Voter 37: ID 498; Choice (1356.0, 2183.0, 192.0, 1889.0, 193.0, 1905.0, 2092.0, 191.0, 1347.0) 
Voter 38: ID 363; Choice (2141.0, 1356.0, 2183.0, 192.0, 193.0, 1905.0, 2092.0, 191.0) 
Voter 39: ID 111; Choice (2183.0, 433.0, 1889.0, 1347.0, 1905.0, 2092.0, 2121.0) 
Voter 40: ID 421; Choice (1356.0, 2183.0, 192.0, 1889.0, 193.0, 1905.0, 2092.0, 191.0, 1347.0) 
Voter 41: ID 446; Choice (1356.0, 2183.0, 192.0, 1889.0, 193.0, 1905.0, 2092.0, 191.0, 1347.0) 
Voter 42: ID 315; Choice (1356.0, 2183.0, 192.0, 1889.0, 193.0, 1905.0, 2092.0, 191.0, 1347.0) 
Voter 43: ID 371; Choice (1356.0, 2183.0, 192.0, 1889.0, 193.0, 1905.0, 2092.0, 191.0, 1347.0) 
Voter 44: ID 313; Choice (1356.0, 2183.0, 192.0, 1889.0, 193.0, 1905.0, 2092.0, 191.0, 1347.0) 
Voter 45: ID 69; Choice (1356.0, 2183.0, 192.0, 1889.0, 193.0, 1905.0, 2092.0, 191.0, 1347.0) 
Voter 46: ID 51; Choice (1356.0, 2183.0, 192.0, 1889.0, 193.0, 1905.0, 2092.0, 191.0, 1347.0) 
Voter 47: ID 18; Choice (1356.0, 2183.0, 192.0, 1889.0, 193.0, 1905.0, 2092.0, 191.0, 1347.0) 
Voter 48: ID 397; Choice (1356.0, 433.0, 192.0, 1889.0, 193.0, 1347.0, 1905.0, 191.0) 
Voter 49: ID 37; Choice (2141.0, 1356.0, 192.0, 1889.0, 193.0, 1347.0, 1905.0, 2092.0, 191.0) 
Voter 50: ID 112; Choice (1356.0, 2183.0, 192.0, 1889.0, 193.0, 1905.0, 2092.0, 191.0, 1347.0) 
---------------------------------------------------------------------------
After Iteration 7 :
Voter 1: ID 123; Choice (1356.0, 2183.0, 192.0, 1889.0, 193.0, 1905.0, 2092.0, 191.0, 1347.0) 
Voter 2: ID 208; Choice (1356.0, 2183.0, 192.0, 1889.0, 193.0, 1905.0, 2092.0, 191.0, 1347.0) 
Voter 3: ID 294; Choice (1356.0, 2183.0, 192.0, 1889.0, 193.0, 1905.0, 2092.0, 191.0, 1347.0) 
Voter 4: ID 137; Choice (1356.0, 2183.0, 192.0, 1889.0, 193.0, 1905.0, 2092.0, 191.0, 1347.0) 
Voter 5: ID 703; Choice (1356.0, 2183.0, 192.0, 1889.0, 193.0, 1905.0, 2092.0, 191.0, 1347.0) 
Voter 6: ID 154; Choice (1356.0, 2183.0, 192.0, 1889.0, 193.0, 1905.0, 2092.0, 191.0, 1347.0) 
Voter 7: ID 518; Choice (1356.0, 433.0, 192.0, 1889.0, 193.0, 1905.0, 2092.0, 2121.0, 191.0) 
Voter 8: ID 320; Choice (1356.0, 2183.0, 192.0, 1889.0, 193.0, 1905.0, 2092.0, 191.0, 1347.0) 
Voter 9: ID 538; Choice (2141.0, 1356.0, 192.0, 1889.0, 193.0, 1347.0, 1905.0, 2092.0, 191.0) 
Voter 10: ID 159; Choice (1356.0, 2183.0, 433.0, 192.0, 193.0, 1347.0, 1905.0, 2092.0, 2121.0, 191.0) 
Voter 11: ID 305; Choice (1356.0, 2183.0, 433.0, 192.0, 1889.0, 1347.0, 2092.0) 
Voter 12: ID 624; Choice (2141.0, 1356.0, 2183.0, 192.0, 1347.0, 1905.0, 2092.0, 2121.0, 191.0) 
Voter 13: ID 686; Choice (1356.0, 2183.0, 192.0, 1889.0, 193.0, 1905.0, 2092.0, 191.0, 1347.0) 
Voter 14: ID 549; Choice (1356.0, 2183.0, 192.0, 1889.0, 193.0, 1905.0, 2092.0, 191.0, 1347.0) 
Voter 15: ID 396; Choice (1356.0, 2183.0, 192.0, 1889.0, 193.0, 1905.0, 2092.0, 191.0, 1347.0) 
Voter 16: ID 542; Choice (1356.0, 2183.0, 192.0, 1889.0, 193.0, 1905.0, 2092.0, 191.0, 1347.0) 
Voter 17: ID 346; Choice (1356.0, 2183.0, 433.0, 192.0, 193.0, 1347.0, 1905.0, 2092.0, 2121.0, 191.0) 
Voter 18: ID 453; Choice (2141.0, 1356.0, 192.0, 1889.0, 193.0, 1347.0, 1905.0, 2092.0, 191.0) 
Voter 19: ID 70; Choice (1356.0, 2183.0, 192.0, 1889.0, 193.0, 1905.0, 2092.0, 191.0, 1347.0) 
Voter 20: ID 285; Choice (1356.0, 2183.0, 192.0, 1889.0, 193.0, 1905.0, 2092.0, 191.0, 1347.0) 
Voter 21: ID 441; Choice (1356.0, 2183.0, 433.0, 192.0, 193.0, 1347.0, 1905.0, 2092.0, 2121.0, 191.0) 
Voter 22: ID 118; Choice (2141.0, 1356.0, 2183.0, 1889.0, 193.0, 1905.0, 2121.0, 191.0) 
Voter 23: ID 189; Choice (1356.0, 2183.0, 192.0, 1889.0, 193.0, 1905.0, 2092.0, 191.0, 1347.0) 
Voter 24: ID 475; Choice (1356.0, 2183.0, 192.0, 1889.0, 193.0, 1905.0, 2092.0, 191.0, 1347.0) 
Voter 25: ID 338; Choice (1356.0, 2183.0, 192.0, 1889.0, 193.0, 1905.0, 2092.0, 191.0, 1347.0) 
Voter 26: ID 245; Choice (1356.0, 2183.0, 192.0, 1889.0, 193.0, 1905.0, 2092.0, 191.0, 1347.0) 
Voter 27: ID 67; Choice (1356.0, 2183.0, 433.0, 192.0, 193.0, 1347.0, 1905.0, 2092.0, 2121.0, 191.0) 
Voter 28: ID 182; Choice (1356.0, 2183.0, 192.0, 1889.0, 193.0, 1905.0, 2092.0, 191.0, 1347.0) 
Voter 29: ID 131; Choice (1356.0, 2183.0, 433.0, 192.0, 193.0, 1347.0, 1905.0, 2092.0, 2121.0, 191.0) 
Voter 30: ID 53; Choice (1356.0, 2183.0, 192.0, 1889.0, 193.0, 1905.0, 2092.0, 191.0, 1347.0) 
Voter 31: ID 506; Choice (2141.0, 1356.0, 192.0, 1889.0, 193.0, 1347.0, 1905.0, 2092.0, 191.0) 
Voter 32: ID 677; Choice (2141.0, 1356.0, 2183.0, 1889.0, 193.0, 1905.0, 2121.0, 191.0) 
Voter 33: ID 694; Choice (1356.0, 2183.0, 192.0, 1889.0, 193.0, 1905.0, 2092.0, 191.0, 1347.0) 
Voter 34: ID 156; Choice (1356.0, 2183.0, 192.0, 1889.0, 193.0, 1905.0, 2092.0, 191.0, 1347.0) 
Voter 35: ID 120; Choice (1356.0, 2183.0, 192.0, 1889.0, 193.0, 1905.0, 2092.0, 191.0, 1347.0) 
Voter 36: ID 284; Choice (1356.0, 2183.0, 192.0, 1889.0, 193.0, 1905.0, 2092.0, 191.0, 1347.0) 
Voter 37: ID 498; Choice (2141.0, 1356.0, 2183.0, 192.0, 1347.0, 1905.0, 2092.0, 2121.0, 191.0) 
Voter 38: ID 363; Choice (1356.0, 2183.0, 192.0, 1889.0, 193.0, 1905.0, 2092.0, 191.0, 1347.0) 
Voter 39: ID 111; Choice (2141.0, 1356.0, 192.0, 1889.0, 193.0, 1347.0, 1905.0, 2092.0, 191.0) 
Voter 40: ID 421; Choice (2141.0, 1356.0, 2183.0, 1889.0, 193.0, 1905.0, 2121.0, 191.0) 
Voter 41: ID 446; Choice (1356.0, 2183.0, 192.0, 1889.0, 193.0, 1905.0, 2092.0, 191.0, 1347.0) 
Voter 42: ID 315; Choice (1356.0, 2183.0, 192.0, 1889.0, 193.0, 1905.0, 2092.0, 191.0, 1347.0) 
Voter 43: ID 371; Choice (1356.0, 2183.0, 192.0, 1889.0, 193.0, 1905.0, 2092.0, 191.0, 1347.0) 
Voter 44: ID 313; Choice (1356.0, 2183.0, 192.0, 1889.0, 193.0, 1905.0, 2092.0, 191.0, 1347.0) 
Voter 45: ID 69; Choice (1356.0, 2183.0, 433.0, 192.0, 193.0, 1347.0, 1905.0, 2092.0, 2121.0, 191.0) 
Voter 46: ID 51; Choice (1356.0, 2183.0, 433.0, 192.0, 193.0, 1347.0, 1905.0, 2092.0, 2121.0, 191.0) 
Voter 47: ID 18; Choice (1356.0, 2183.0, 192.0, 1889.0, 193.0, 1905.0, 2092.0, 191.0, 1347.0) 
Voter 48: ID 397; Choice (1356.0, 2183.0, 192.0, 1889.0, 193.0, 1905.0, 2092.0, 191.0, 1347.0) 
Voter 49: ID 37; Choice (1356.0, 2183.0, 192.0, 1889.0, 193.0, 1905.0, 2092.0, 191.0, 1347.0) 
Voter 50: ID 112; Choice (1356.0, 2183.0, 192.0, 1889.0, 193.0, 1905.0, 2092.0, 191.0, 1347.0) 
---------------------------------------------------------------------------
After Iteration 8 :
Voter 1: ID 123; Choice (1356.0, 2183.0, 192.0, 1889.0, 193.0, 1905.0, 2092.0, 191.0, 1347.0) 
Voter 2: ID 208; Choice (1356.0, 2183.0, 192.0, 1889.0, 193.0, 1905.0, 2092.0, 191.0, 1347.0) 
Voter 3: ID 294; Choice (1356.0, 2183.0, 192.0, 1889.0, 193.0, 1905.0, 2092.0, 191.0, 1347.0) 
Voter 4: ID 137; Choice (1356.0, 2183.0, 192.0, 1889.0, 193.0, 1905.0, 2092.0, 191.0, 1347.0) 
Voter 5: ID 703; Choice (1356.0, 2183.0, 192.0, 1889.0, 193.0, 1905.0, 2092.0, 191.0, 1347.0) 
Voter 6: ID 154; Choice (1356.0, 2183.0, 192.0, 1889.0, 193.0, 1905.0, 2092.0, 191.0, 1347.0) 
Voter 7: ID 518; Choice (1356.0, 2183.0, 192.0, 1889.0, 193.0, 1905.0, 2092.0, 191.0, 1347.0) 
Voter 8: ID 320; Choice (1356.0, 2183.0, 192.0, 1889.0, 193.0, 1905.0, 2092.0, 191.0, 1347.0) 
Voter 9: ID 538; Choice (2141.0, 1356.0, 192.0, 1889.0, 193.0, 1347.0, 1905.0, 2092.0, 191.0) 
Voter 10: ID 159; Choice (1356.0, 2183.0, 192.0, 1889.0, 193.0, 1905.0, 2092.0, 191.0, 1347.0) 
Voter 11: ID 305; Choice (2141.0, 1356.0, 2183.0, 1889.0, 193.0, 1905.0, 2121.0, 191.0) 
Voter 12: ID 624; Choice (2141.0, 1356.0, 2183.0, 192.0, 1347.0, 1905.0, 2092.0, 2121.0, 191.0) 
Voter 13: ID 686; Choice (1356.0, 2183.0, 192.0, 1889.0, 193.0, 1905.0, 2092.0, 191.0, 1347.0) 
Voter 14: ID 549; Choice (1356.0, 2183.0, 192.0, 1889.0, 193.0, 1905.0, 2092.0, 191.0, 1347.0) 
Voter 15: ID 396; Choice (1356.0, 2183.0, 192.0, 1889.0, 193.0, 1905.0, 2092.0, 191.0, 1347.0) 
Voter 16: ID 542; Choice (1356.0, 2183.0, 192.0, 1889.0, 193.0, 1905.0, 2092.0, 191.0, 1347.0) 
Voter 17: ID 346; Choice (1356.0, 433.0, 192.0, 1889.0, 193.0, 1905.0, 2092.0, 2121.0, 191.0) 
Voter 18: ID 453; Choice (2141.0, 1356.0, 2183.0, 1889.0, 193.0, 1905.0, 2092.0, 191.0) 
Voter 19: ID 70; Choice (1356.0, 2183.0, 192.0, 1889.0, 193.0, 1905.0, 2092.0, 191.0, 1347.0) 
Voter 20: ID 285; Choice (1356.0, 2183.0, 192.0, 1889.0, 193.0, 1905.0, 2092.0, 191.0, 1347.0) 
Voter 21: ID 441; Choice (2141.0, 1356.0, 2183.0, 1889.0, 193.0, 1905.0, 2121.0, 191.0) 
Voter 22: ID 118; Choice (2141.0, 1356.0, 2183.0, 1889.0, 193.0, 1905.0, 2121.0, 191.0) 
Voter 23: ID 189; Choice (1356.0, 2183.0, 192.0, 1889.0, 193.0, 1905.0, 2092.0, 191.0, 1347.0) 
Voter 24: ID 475; Choice (1356.0, 2183.0, 192.0, 1889.0, 193.0, 1905.0, 2092.0, 191.0, 1347.0) 
Voter 25: ID 338; Choice (1356.0, 2183.0, 192.0, 1889.0, 193.0, 1905.0, 2092.0, 191.0, 1347.0) 
Voter 26: ID 245; Choice (1356.0, 2183.0, 192.0, 1889.0, 193.0, 1905.0, 2092.0, 191.0, 1347.0) 
Voter 27: ID 67; Choice (1356.0, 433.0, 192.0, 1889.0, 193.0, 1905.0, 2092.0, 2121.0, 191.0) 
Voter 28: ID 182; Choice (1356.0, 2183.0, 192.0, 1889.0, 193.0, 1905.0, 2092.0, 191.0, 1347.0) 
Voter 29: ID 131; Choice (1356.0, 2183.0, 192.0, 1889.0, 193.0, 1905.0, 2092.0, 191.0, 1347.0) 
Voter 30: ID 53; Choice (1356.0, 2183.0, 192.0, 1889.0, 193.0, 1905.0, 2092.0, 191.0, 1347.0) 
Voter 31: ID 506; Choice (1356.0, 2183.0, 192.0, 1889.0, 193.0, 1905.0, 2092.0, 191.0, 1347.0) 
Voter 32: ID 677; Choice (2141.0, 1356.0, 2183.0, 1889.0, 193.0, 1905.0, 2121.0, 191.0) 
Voter 33: ID 694; Choice (1356.0, 2183.0, 192.0, 1889.0, 193.0, 1905.0, 2092.0, 191.0, 1347.0) 
Voter 34: ID 156; Choice (1356.0, 2183.0, 192.0, 1889.0, 193.0, 1905.0, 2092.0, 191.0, 1347.0) 
Voter 35: ID 120; Choice (1356.0, 2183.0, 192.0, 1889.0, 193.0, 1905.0, 2092.0, 191.0, 1347.0) 
Voter 36: ID 284; Choice (1356.0, 2183.0, 192.0, 1889.0, 193.0, 1905.0, 2092.0, 191.0, 1347.0) 
Voter 37: ID 498; Choice (1356.0, 2183.0, 192.0, 1889.0, 193.0, 1905.0, 2092.0, 191.0, 1347.0) 
Voter 38: ID 363; Choice (2141.0, 1356.0, 2183.0, 192.0, 193.0, 1905.0, 2092.0, 191.0) 
Voter 39: ID 111; Choice (1356.0, 2183.0, 192.0, 1889.0, 193.0, 1905.0, 2092.0, 191.0, 1347.0) 
Voter 40: ID 421; Choice (1356.0, 2183.0, 192.0, 1889.0, 193.0, 1905.0, 2092.0, 191.0, 1347.0) 
Voter 41: ID 446; Choice (1356.0, 2183.0, 192.0, 1889.0, 193.0, 1905.0, 2092.0, 191.0, 1347.0) 
Voter 42: ID 315; Choice (1356.0, 2183.0, 192.0, 1889.0, 193.0, 1905.0, 2092.0, 191.0, 1347.0) 
Voter 43: ID 371; Choice (1356.0, 2183.0, 192.0, 1889.0, 193.0, 1905.0, 2092.0, 191.0, 1347.0) 
Voter 44: ID 313; Choice (1356.0, 2183.0, 192.0, 1889.0, 193.0, 1905.0, 2092.0, 191.0, 1347.0) 
Voter 45: ID 69; Choice (1356.0, 2183.0, 192.0, 1889.0, 193.0, 1905.0, 2092.0, 191.0, 1347.0) 
Voter 46: ID 51; Choice (1356.0, 2183.0, 192.0, 1889.0, 193.0, 1905.0, 2092.0, 191.0, 1347.0) 
Voter 47: ID 18; Choice (1356.0, 2183.0, 192.0, 1889.0, 193.0, 1905.0, 2092.0, 191.0, 1347.0) 
Voter 48: ID 397; Choice (1356.0, 2183.0, 192.0, 1889.0, 193.0, 1905.0, 2092.0, 191.0, 1347.0) 
Voter 49: ID 37; Choice (1356.0, 2183.0, 192.0, 1889.0, 193.0, 1905.0, 2092.0, 191.0, 1347.0) 
Voter 50: ID 112; Choice (1356.0, 2183.0, 192.0, 1889.0, 193.0, 1905.0, 2092.0, 191.0, 1347.0) 
---------------------------------------------------------------------------
After Iteration 9 :
Voter 1: ID 123; Choice (1356.0, 2183.0, 192.0, 1889.0, 193.0, 1905.0, 2092.0, 191.0, 1347.0) 
Voter 2: ID 208; Choice (1356.0, 2183.0, 192.0, 1889.0, 193.0, 1905.0, 2092.0, 191.0, 1347.0) 
Voter 3: ID 294; Choice (1356.0, 2183.0, 192.0, 1889.0, 193.0, 1905.0, 2092.0, 191.0, 1347.0) 
Voter 4: ID 137; Choice (1356.0, 2183.0, 192.0, 1889.0, 193.0, 1905.0, 2092.0, 191.0, 1347.0) 
Voter 5: ID 703; Choice (1356.0, 2183.0, 192.0, 1889.0, 193.0, 1905.0, 2092.0, 191.0, 1347.0) 
Voter 6: ID 154; Choice (1356.0, 2183.0, 192.0, 1889.0, 193.0, 1905.0, 2092.0, 191.0, 1347.0) 
Voter 7: ID 518; Choice (1356.0, 2183.0, 192.0, 1889.0, 193.0, 1905.0, 2092.0, 191.0, 1347.0) 
Voter 8: ID 320; Choice (1356.0, 2183.0, 192.0, 1889.0, 193.0, 1905.0, 2092.0, 191.0, 1347.0) 
Voter 9: ID 538; Choice (1356.0, 2183.0, 192.0, 1889.0, 193.0, 1905.0, 2092.0, 191.0, 1347.0) 
Voter 10: ID 159; Choice (1356.0, 2183.0, 192.0, 1889.0, 193.0, 1905.0, 2092.0, 191.0, 1347.0) 
Voter 11: ID 305; Choice (1356.0, 2183.0, 433.0, 192.0, 1889.0, 1347.0, 2092.0) 
Voter 12: ID 624; Choice (2141.0, 1356.0, 2183.0, 192.0, 1347.0, 1905.0, 2092.0, 2121.0, 191.0) 
Voter 13: ID 686; Choice (1356.0, 2183.0, 192.0, 1889.0, 193.0, 1905.0, 2092.0, 191.0, 1347.0) 
Voter 14: ID 549; Choice (1356.0, 2183.0, 192.0, 1889.0, 193.0, 1905.0, 2092.0, 191.0, 1347.0) 
Voter 15: ID 396; Choice (1356.0, 2183.0, 192.0, 1889.0, 193.0, 1905.0, 2092.0, 191.0, 1347.0) 
Voter 16: ID 542; Choice (1356.0, 2183.0, 192.0, 1889.0, 193.0, 1905.0, 2092.0, 191.0, 1347.0) 
Voter 17: ID 346; Choice (2141.0, 433.0, 192.0, 1889.0, 193.0, 1347.0, 1905.0, 191.0) 
Voter 18: ID 453; Choice (2141.0, 1356.0, 2183.0, 1889.0, 193.0, 1905.0, 2121.0, 191.0) 
Voter 19: ID 70; Choice (1356.0, 2183.0, 192.0, 1889.0, 193.0, 1905.0, 2092.0, 191.0, 1347.0) 
Voter 20: ID 285; Choice (1356.0, 2183.0, 192.0, 1889.0, 193.0, 1905.0, 2092.0, 191.0, 1347.0) 
Voter 21: ID 441; Choice (2141.0, 1356.0, 2183.0, 1889.0, 193.0, 1905.0, 2121.0, 191.0) 
Voter 22: ID 118; Choice (2141.0, 1356.0, 2183.0, 1889.0, 193.0, 1905.0, 2121.0, 191.0) 
Voter 23: ID 189; Choice (1356.0, 2183.0, 192.0, 1889.0, 193.0, 1905.0, 2092.0, 191.0, 1347.0) 
Voter 24: ID 475; Choice (1356.0, 2183.0, 192.0, 1889.0, 193.0, 1905.0, 2092.0, 191.0, 1347.0) 
Voter 25: ID 338; Choice (1356.0, 2183.0, 192.0, 1889.0, 193.0, 1905.0, 2092.0, 191.0, 1347.0) 
Voter 26: ID 245; Choice (1356.0, 2183.0, 192.0, 1889.0, 193.0, 1905.0, 2092.0, 191.0, 1347.0) 
Voter 27: ID 67; Choice (1356.0, 2183.0, 192.0, 1889.0, 193.0, 1905.0, 2092.0, 191.0, 1347.0) 
Voter 28: ID 182; Choice (1356.0, 2183.0, 192.0, 1889.0, 193.0, 1905.0, 2092.0, 191.0, 1347.0) 
Voter 29: ID 131; Choice (1356.0, 2183.0, 433.0, 192.0, 193.0, 1347.0, 1905.0, 2092.0, 2121.0, 191.0) 
Voter 30: ID 53; Choice (1356.0, 2183.0, 192.0, 1889.0, 193.0, 1905.0, 2092.0, 191.0, 1347.0) 
Voter 31: ID 506; Choice (1356.0, 2183.0, 192.0, 1889.0, 193.0, 1905.0, 2092.0, 191.0, 1347.0) 
Voter 32: ID 677; Choice (2141.0, 1356.0, 2183.0, 1889.0, 193.0, 1905.0, 2121.0, 191.0) 
Voter 33: ID 694; Choice (1356.0, 2183.0, 192.0, 1889.0, 193.0, 1905.0, 2092.0, 191.0, 1347.0) 
Voter 34: ID 156; Choice (1356.0, 2183.0, 192.0, 1889.0, 193.0, 1905.0, 2092.0, 191.0, 1347.0) 
Voter 35: ID 120; Choice (1356.0, 2183.0, 192.0, 1889.0, 193.0, 1905.0, 2092.0, 191.0, 1347.0) 
Voter 36: ID 284; Choice (1356.0, 2183.0, 192.0, 1889.0, 193.0, 1905.0, 2092.0, 191.0, 1347.0) 
Voter 37: ID 498; Choice (1356.0, 2183.0, 192.0, 1889.0, 193.0, 1905.0, 2092.0, 191.0, 1347.0) 
Voter 38: ID 363; Choice (1356.0, 2183.0, 192.0, 1889.0, 193.0, 1905.0, 2092.0, 191.0, 1347.0) 
Voter 39: ID 111; Choice (1356.0, 2183.0, 192.0, 1889.0, 193.0, 1905.0, 2092.0, 191.0, 1347.0) 
Voter 40: ID 421; Choice (2141.0, 1356.0, 2183.0, 1889.0, 193.0, 1905.0, 2121.0, 191.0) 
Voter 41: ID 446; Choice (1356.0, 2183.0, 192.0, 1889.0, 193.0, 1905.0, 2092.0, 191.0, 1347.0) 
Voter 42: ID 315; Choice (1356.0, 2183.0, 192.0, 1889.0, 193.0, 1905.0, 2092.0, 191.0, 1347.0) 
Voter 43: ID 371; Choice (1356.0, 2183.0, 192.0, 1889.0, 193.0, 1905.0, 2092.0, 191.0, 1347.0) 
Voter 44: ID 313; Choice (1356.0, 2183.0, 192.0, 1889.0, 193.0, 1905.0, 2092.0, 191.0, 1347.0) 
Voter 45: ID 69; Choice (1356.0, 2183.0, 192.0, 1889.0, 193.0, 1905.0, 2092.0, 191.0, 1347.0) 
Voter 46: ID 51; Choice (1356.0, 2183.0, 433.0, 192.0, 193.0, 1347.0, 1905.0, 2092.0, 2121.0, 191.0) 
Voter 47: ID 18; Choice (1356.0, 2183.0, 192.0, 1889.0, 193.0, 1905.0, 2092.0, 191.0, 1347.0) 
Voter 48: ID 397; Choice (1356.0, 2183.0, 192.0, 1889.0, 193.0, 1905.0, 2092.0, 191.0, 1347.0) 
Voter 49: ID 37; Choice (1356.0, 2183.0, 192.0, 1889.0, 193.0, 1905.0, 2092.0, 191.0, 1347.0) 
Voter 50: ID 112; Choice (1356.0, 2183.0, 192.0, 1889.0, 193.0, 1905.0, 2092.0, 191.0, 1347.0) 
---------------------------------------------------------------------------
After Iteration 10 :
Voter 1: ID 123; Choice (1356.0, 2183.0, 192.0, 1889.0, 193.0, 1905.0, 2092.0, 191.0, 1347.0) 
Voter 2: ID 208; Choice (1356.0, 2183.0, 192.0, 1889.0, 193.0, 1905.0, 2092.0, 191.0, 1347.0) 
Voter 3: ID 294; Choice (1356.0, 2183.0, 192.0, 1889.0, 193.0, 1905.0, 2092.0, 191.0, 1347.0) 
Voter 4: ID 137; Choice (1356.0, 2183.0, 192.0, 1889.0, 193.0, 1905.0, 2092.0, 191.0, 1347.0) 
Voter 5: ID 703; Choice (1356.0, 2183.0, 192.0, 1889.0, 193.0, 1905.0, 2092.0, 191.0, 1347.0) 
Voter 6: ID 154; Choice (1356.0, 433.0, 192.0, 1889.0, 193.0, 1905.0, 2092.0, 2121.0, 191.0) 
Voter 7: ID 518; Choice (1356.0, 2183.0, 192.0, 1889.0, 193.0, 1905.0, 2092.0, 191.0, 1347.0) 
Voter 8: ID 320; Choice (1356.0, 2183.0, 192.0, 1889.0, 193.0, 1905.0, 2092.0, 191.0, 1347.0) 
Voter 9: ID 538; Choice (1356.0, 2183.0, 192.0, 1889.0, 193.0, 1905.0, 2092.0, 191.0, 1347.0) 
Voter 10: ID 159; Choice (1356.0, 2183.0, 192.0, 1889.0, 193.0, 1905.0, 2092.0, 191.0, 1347.0) 
Voter 11: ID 305; Choice (1356.0, 433.0, 192.0, 1889.0, 193.0, 1905.0, 2092.0, 2121.0, 191.0) 
Voter 12: ID 624; Choice (1356.0, 2183.0, 192.0, 1889.0, 193.0, 1905.0, 2092.0, 191.0, 1347.0) 
Voter 13: ID 686; Choice (1356.0, 2183.0, 192.0, 1889.0, 193.0, 1905.0, 2092.0, 191.0, 1347.0) 
Voter 14: ID 549; Choice (1356.0, 2183.0, 192.0, 1889.0, 193.0, 1905.0, 2092.0, 191.0, 1347.0) 
Voter 15: ID 396; Choice (1356.0, 2183.0, 192.0, 1889.0, 193.0, 1905.0, 2092.0, 191.0, 1347.0) 
Voter 16: ID 542; Choice (1356.0, 2183.0, 192.0, 1889.0, 193.0, 1905.0, 2092.0, 191.0, 1347.0) 
Voter 17: ID 346; Choice (1356.0, 2183.0, 433.0, 192.0, 193.0, 1347.0, 1905.0, 2092.0, 2121.0, 191.0) 
Voter 18: ID 453; Choice (1356.0, 2183.0, 192.0, 1889.0, 193.0, 1905.0, 2092.0, 191.0, 1347.0) 
Voter 19: ID 70; Choice (1356.0, 2183.0, 192.0, 1889.0, 193.0, 1905.0, 2092.0, 191.0, 1347.0) 
Voter 20: ID 285; Choice (1356.0, 2183.0, 192.0, 1889.0, 193.0, 1905.0, 2092.0, 191.0, 1347.0) 
Voter 21: ID 441; Choice (1356.0, 433.0, 192.0, 1889.0, 193.0, 1905.0, 2092.0, 2121.0, 191.0) 
Voter 22: ID 118; Choice (2141.0, 1356.0, 2183.0, 1889.0, 193.0, 1905.0, 2121.0, 191.0) 
Voter 23: ID 189; Choice (1356.0, 2183.0, 192.0, 1889.0, 193.0, 1905.0, 2092.0, 191.0, 1347.0) 
Voter 24: ID 475; Choice (1356.0, 2183.0, 192.0, 1889.0, 193.0, 1905.0, 2092.0, 191.0, 1347.0) 
Voter 25: ID 338; Choice (1356.0, 2183.0, 192.0, 1889.0, 193.0, 1905.0, 2092.0, 191.0, 1347.0) 
Voter 26: ID 245; Choice (1356.0, 2183.0, 192.0, 1889.0, 193.0, 1905.0, 2092.0, 191.0, 1347.0) 
Voter 27: ID 67; Choice (1356.0, 2183.0, 433.0, 192.0, 193.0, 1347.0, 1905.0, 2092.0, 2121.0, 191.0) 
Voter 28: ID 182; Choice (1356.0, 2183.0, 192.0, 1889.0, 193.0, 1905.0, 2092.0, 191.0, 1347.0) 
Voter 29: ID 131; Choice (1356.0, 2183.0, 192.0, 1889.0, 193.0, 1905.0, 2092.0, 191.0, 1347.0) 
Voter 30: ID 53; Choice (1356.0, 2183.0, 192.0, 1889.0, 193.0, 1905.0, 2092.0, 191.0, 1347.0) 
Voter 31: ID 506; Choice (1356.0, 2183.0, 192.0, 1889.0, 193.0, 1905.0, 2092.0, 191.0, 1347.0) 
Voter 32: ID 677; Choice (2141.0, 1356.0, 2183.0, 1889.0, 193.0, 1905.0, 2121.0, 191.0) 
Voter 33: ID 694; Choice (1356.0, 2183.0, 192.0, 1889.0, 193.0, 1905.0, 2092.0, 191.0, 1347.0) 
Voter 34: ID 156; Choice (1356.0, 2183.0, 192.0, 1889.0, 193.0, 1905.0, 2092.0, 191.0, 1347.0) 
Voter 35: ID 120; Choice (1356.0, 2183.0, 192.0, 1889.0, 193.0, 1905.0, 2092.0, 191.0, 1347.0) 
Voter 36: ID 284; Choice (1356.0, 2183.0, 192.0, 1889.0, 193.0, 1905.0, 2092.0, 191.0, 1347.0) 
Voter 37: ID 498; Choice (1356.0, 2183.0, 192.0, 1889.0, 193.0, 1905.0, 2092.0, 191.0, 1347.0) 
Voter 38: ID 363; Choice (1356.0, 2183.0, 192.0, 1889.0, 193.0, 1905.0, 2092.0, 191.0, 1347.0) 
Voter 39: ID 111; Choice (1356.0, 2183.0, 192.0, 1889.0, 193.0, 1905.0, 2092.0, 191.0, 1347.0) 
Voter 40: ID 421; Choice (1356.0, 433.0, 192.0, 1889.0, 193.0, 1905.0, 2092.0, 2121.0, 191.0) 
Voter 41: ID 446; Choice (1356.0, 2183.0, 192.0, 1889.0, 193.0, 1905.0, 2092.0, 191.0, 1347.0) 
Voter 42: ID 315; Choice (1356.0, 2183.0, 192.0, 1889.0, 193.0, 1905.0, 2092.0, 191.0, 1347.0) 
Voter 43: ID 371; Choice (1356.0, 2183.0, 192.0, 1889.0, 193.0, 1905.0, 2092.0, 191.0, 1347.0) 
Voter 44: ID 313; Choice (1356.0, 2183.0, 192.0, 1889.0, 193.0, 1905.0, 2092.0, 191.0, 1347.0) 
Voter 45: ID 69; Choice (1356.0, 2183.0, 192.0, 1889.0, 193.0, 1905.0, 2092.0, 191.0, 1347.0) 
Voter 46: ID 51; Choice (1356.0, 2183.0, 192.0, 1889.0, 193.0, 1905.0, 2092.0, 191.0, 1347.0) 
Voter 47: ID 18; Choice (1356.0, 2183.0, 192.0, 1889.0, 193.0, 1905.0, 2092.0, 191.0, 1347.0) 
Voter 48: ID 397; Choice (1356.0, 2183.0, 192.0, 1889.0, 193.0, 1905.0, 2092.0, 191.0, 1347.0) 
Voter 49: ID 37; Choice (1356.0, 2183.0, 192.0, 1889.0, 193.0, 1905.0, 2092.0, 191.0, 1347.0) 
Voter 50: ID 112; Choice (1356.0, 2183.0, 192.0, 1889.0, 193.0, 1905.0, 2092.0, 191.0, 1347.0) 
---------------------------------------------------------------------------
After Iteration 11 :
Voter 1: ID 123; Choice (1356.0, 2183.0, 192.0, 1889.0, 193.0, 1905.0, 2092.0, 191.0, 1347.0) 
Voter 2: ID 208; Choice (1356.0, 2183.0, 192.0, 1889.0, 193.0, 1905.0, 2092.0, 191.0, 1347.0) 
Voter 3: ID 294; Choice (1356.0, 2183.0, 192.0, 1889.0, 193.0, 1905.0, 2092.0, 191.0, 1347.0) 
Voter 4: ID 137; Choice (1356.0, 433.0, 192.0, 1889.0, 193.0, 1905.0, 2092.0, 2121.0, 191.0) 
Voter 5: ID 703; Choice (1356.0, 2183.0, 192.0, 1889.0, 193.0, 1905.0, 2092.0, 191.0, 1347.0) 
Voter 6: ID 154; Choice (1356.0, 2183.0, 192.0, 1889.0, 193.0, 1905.0, 2092.0, 191.0, 1347.0) 
Voter 7: ID 518; Choice (1356.0, 2183.0, 192.0, 1889.0, 193.0, 1905.0, 2092.0, 191.0, 1347.0) 
Voter 8: ID 320; Choice (1356.0, 2183.0, 192.0, 1889.0, 193.0, 1905.0, 2092.0, 191.0, 1347.0) 
Voter 9: ID 538; Choice (1356.0, 2183.0, 192.0, 1889.0, 193.0, 1905.0, 2092.0, 191.0, 1347.0) 
Voter 10: ID 159; Choice (1356.0, 433.0, 192.0, 1889.0, 193.0, 1905.0, 2092.0, 2121.0, 191.0) 
Voter 11: ID 305; Choice (1356.0, 433.0, 192.0, 1889.0, 193.0, 1905.0, 2092.0, 2121.0, 191.0) 
Voter 12: ID 624; Choice (1356.0, 2183.0, 192.0, 1889.0, 193.0, 1905.0, 2092.0, 191.0, 1347.0) 
Voter 13: ID 686; Choice (1356.0, 2183.0, 192.0, 1889.0, 193.0, 1905.0, 2092.0, 191.0, 1347.0) 
Voter 14: ID 549; Choice (1356.0, 2183.0, 192.0, 1889.0, 193.0, 1905.0, 2092.0, 191.0, 1347.0) 
Voter 15: ID 396; Choice (1356.0, 2183.0, 192.0, 1889.0, 193.0, 1905.0, 2092.0, 191.0, 1347.0) 
Voter 16: ID 542; Choice (1356.0, 433.0, 192.0, 1889.0, 193.0, 1905.0, 2092.0, 2121.0, 191.0) 
Voter 17: ID 346; Choice (1356.0, 2183.0, 433.0, 192.0, 193.0, 1347.0, 1905.0, 2092.0, 2121.0, 191.0) 
Voter 18: ID 453; Choice (1356.0, 2183.0, 192.0, 1889.0, 193.0, 1905.0, 2092.0, 191.0, 1347.0) 
Voter 19: ID 70; Choice (1356.0, 2183.0, 192.0, 1889.0, 193.0, 1905.0, 2092.0, 191.0, 1347.0) 
Voter 20: ID 285; Choice (1356.0, 2183.0, 192.0, 1889.0, 193.0, 1905.0, 2092.0, 191.0, 1347.0) 
Voter 21: ID 441; Choice (1356.0, 433.0, 192.0, 1889.0, 193.0, 1905.0, 2092.0, 2121.0, 191.0) 
Voter 22: ID 118; Choice (1356.0, 2183.0, 192.0, 1889.0, 193.0, 1905.0, 2092.0, 191.0, 1347.0) 
Voter 23: ID 189; Choice (1356.0, 2183.0, 192.0, 1889.0, 193.0, 1905.0, 2092.0, 191.0, 1347.0) 
Voter 24: ID 475; Choice (1356.0, 2183.0, 192.0, 1889.0, 193.0, 1905.0, 2092.0, 191.0, 1347.0) 
Voter 25: ID 338; Choice (1356.0, 2183.0, 192.0, 1889.0, 193.0, 1905.0, 2092.0, 191.0, 1347.0) 
Voter 26: ID 245; Choice (1356.0, 2183.0, 192.0, 1889.0, 193.0, 1905.0, 2092.0, 191.0, 1347.0) 
Voter 27: ID 67; Choice (1356.0, 2183.0, 192.0, 1889.0, 193.0, 1905.0, 2092.0, 191.0, 1347.0) 
Voter 28: ID 182; Choice (1356.0, 2183.0, 192.0, 1889.0, 193.0, 1905.0, 2092.0, 191.0, 1347.0) 
Voter 29: ID 131; Choice (1356.0, 2183.0, 192.0, 1889.0, 193.0, 1905.0, 2092.0, 191.0, 1347.0) 
Voter 30: ID 53; Choice (1356.0, 2183.0, 192.0, 1889.0, 193.0, 1905.0, 2092.0, 191.0, 1347.0) 
Voter 31: ID 506; Choice (1356.0, 2183.0, 192.0, 1889.0, 193.0, 1905.0, 2092.0, 191.0, 1347.0) 
Voter 32: ID 677; Choice (1356.0, 2183.0, 192.0, 1889.0, 193.0, 1905.0, 2092.0, 191.0, 1347.0) 
Voter 33: ID 694; Choice (1356.0, 2183.0, 192.0, 1889.0, 193.0, 1905.0, 2092.0, 191.0, 1347.0) 
Voter 34: ID 156; Choice (1356.0, 2183.0, 192.0, 1889.0, 193.0, 1905.0, 2092.0, 191.0, 1347.0) 
Voter 35: ID 120; Choice (1356.0, 2183.0, 192.0, 1889.0, 193.0, 1905.0, 2092.0, 191.0, 1347.0) 
Voter 36: ID 284; Choice (1356.0, 2183.0, 192.0, 1889.0, 193.0, 1905.0, 2092.0, 191.0, 1347.0) 
Voter 37: ID 498; Choice (1356.0, 2183.0, 192.0, 1889.0, 193.0, 1905.0, 2092.0, 191.0, 1347.0) 
Voter 38: ID 363; Choice (1356.0, 2183.0, 192.0, 1889.0, 193.0, 1905.0, 2092.0, 191.0, 1347.0) 
Voter 39: ID 111; Choice (1356.0, 2183.0, 192.0, 1889.0, 193.0, 1905.0, 2092.0, 191.0, 1347.0) 
Voter 40: ID 421; Choice (1356.0, 433.0, 192.0, 1889.0, 193.0, 1905.0, 2092.0, 2121.0, 191.0) 
Voter 41: ID 446; Choice (1356.0, 2183.0, 192.0, 1889.0, 193.0, 1905.0, 2092.0, 191.0, 1347.0) 
Voter 42: ID 315; Choice (1356.0, 2183.0, 192.0, 1889.0, 193.0, 1905.0, 2092.0, 191.0, 1347.0) 
Voter 43: ID 371; Choice (1356.0, 2183.0, 192.0, 1889.0, 193.0, 1905.0, 2092.0, 191.0, 1347.0) 
Voter 44: ID 313; Choice (1356.0, 2183.0, 192.0, 1889.0, 193.0, 1905.0, 2092.0, 191.0, 1347.0) 
Voter 45: ID 69; Choice (1356.0, 2183.0, 192.0, 1889.0, 193.0, 1905.0, 2092.0, 191.0, 1347.0) 
Voter 46: ID 51; Choice (1356.0, 2183.0, 192.0, 1889.0, 193.0, 1905.0, 2092.0, 191.0, 1347.0) 
Voter 47: ID 18; Choice (1356.0, 2183.0, 192.0, 1889.0, 193.0, 1905.0, 2092.0, 191.0, 1347.0) 
Voter 48: ID 397; Choice (1356.0, 2183.0, 192.0, 1889.0, 193.0, 1905.0, 2092.0, 191.0, 1347.0) 
Voter 49: ID 37; Choice (1356.0, 2183.0, 192.0, 1889.0, 193.0, 1905.0, 2092.0, 191.0, 1347.0) 
Voter 50: ID 112; Choice (1356.0, 2183.0, 192.0, 1889.0, 193.0, 1905.0, 2092.0, 191.0, 1347.0) 
---------------------------------------------------------------------------
After Iteration 12 :
Voter 1: ID 123; Choice (1356.0, 2183.0, 192.0, 1889.0, 193.0, 1905.0, 2092.0, 191.0, 1347.0) 
Voter 2: ID 208; Choice (1356.0, 2183.0, 192.0, 1889.0, 193.0, 1905.0, 2092.0, 191.0, 1347.0) 
Voter 3: ID 294; Choice (1356.0, 2183.0, 192.0, 1889.0, 193.0, 1905.0, 2092.0, 191.0, 1347.0) 
Voter 4: ID 137; Choice (1356.0, 2183.0, 192.0, 1889.0, 193.0, 1905.0, 2092.0, 191.0, 1347.0) 
Voter 5: ID 703; Choice (1356.0, 2183.0, 192.0, 1889.0, 193.0, 1905.0, 2092.0, 191.0, 1347.0) 
Voter 6: ID 154; Choice (1356.0, 2183.0, 192.0, 1889.0, 193.0, 1905.0, 2092.0, 191.0, 1347.0) 
Voter 7: ID 518; Choice (1356.0, 2183.0, 192.0, 1889.0, 193.0, 1905.0, 2092.0, 191.0, 1347.0) 
Voter 8: ID 320; Choice (1356.0, 2183.0, 192.0, 1889.0, 193.0, 1905.0, 2092.0, 191.0, 1347.0) 
Voter 9: ID 538; Choice (1356.0, 2183.0, 192.0, 1889.0, 193.0, 1905.0, 2092.0, 191.0, 1347.0) 
Voter 10: ID 159; Choice (1356.0, 2183.0, 192.0, 1889.0, 193.0, 1905.0, 2092.0, 191.0, 1347.0) 
Voter 11: ID 305; Choice (1356.0, 2183.0, 192.0, 1889.0, 193.0, 1905.0, 2092.0, 191.0, 1347.0) 
Voter 12: ID 624; Choice (1356.0, 2183.0, 192.0, 1889.0, 193.0, 1905.0, 2092.0, 191.0, 1347.0) 
Voter 13: ID 686; Choice (1356.0, 2183.0, 192.0, 1889.0, 193.0, 1905.0, 2092.0, 191.0, 1347.0) 
Voter 14: ID 549; Choice (1356.0, 2183.0, 192.0, 1889.0, 193.0, 1905.0, 2092.0, 191.0, 1347.0) 
Voter 15: ID 396; Choice (1356.0, 2183.0, 192.0, 1889.0, 193.0, 1905.0, 2092.0, 191.0, 1347.0) 
Voter 16: ID 542; Choice (1356.0, 2183.0, 192.0, 1889.0, 193.0, 1905.0, 2092.0, 191.0, 1347.0) 
Voter 17: ID 346; Choice (1356.0, 2183.0, 192.0, 1889.0, 193.0, 1905.0, 2092.0, 191.0, 1347.0) 
Voter 18: ID 453; Choice (1356.0, 2183.0, 192.0, 1889.0, 193.0, 1905.0, 2092.0, 191.0, 1347.0) 
Voter 19: ID 70; Choice (1356.0, 2183.0, 192.0, 1889.0, 193.0, 1905.0, 2092.0, 191.0, 1347.0) 
Voter 20: ID 285; Choice (1356.0, 2183.0, 192.0, 1889.0, 193.0, 1905.0, 2092.0, 191.0, 1347.0) 
Voter 21: ID 441; Choice (1356.0, 2183.0, 192.0, 1889.0, 193.0, 1905.0, 2092.0, 191.0, 1347.0) 
Voter 22: ID 118; Choice (1356.0, 2183.0, 192.0, 1889.0, 193.0, 1905.0, 2092.0, 191.0, 1347.0) 
Voter 23: ID 189; Choice (1356.0, 2183.0, 192.0, 1889.0, 193.0, 1905.0, 2092.0, 191.0, 1347.0) 
Voter 24: ID 475; Choice (1356.0, 2183.0, 192.0, 1889.0, 193.0, 1905.0, 2092.0, 191.0, 1347.0) 
Voter 25: ID 338; Choice (1356.0, 2183.0, 192.0, 1889.0, 193.0, 1905.0, 2092.0, 191.0, 1347.0) 
Voter 26: ID 245; Choice (1356.0, 2183.0, 192.0, 1889.0, 193.0, 1905.0, 2092.0, 191.0, 1347.0) 
Voter 27: ID 67; Choice (1356.0, 2183.0, 192.0, 1889.0, 193.0, 1905.0, 2092.0, 191.0, 1347.0) 
Voter 28: ID 182; Choice (1356.0, 2183.0, 192.0, 1889.0, 193.0, 1905.0, 2092.0, 191.0, 1347.0) 
Voter 29: ID 131; Choice (1356.0, 2183.0, 192.0, 1889.0, 193.0, 1905.0, 2092.0, 191.0, 1347.0) 
Voter 30: ID 53; Choice (1356.0, 2183.0, 192.0, 1889.0, 193.0, 1905.0, 2092.0, 191.0, 1347.0) 
Voter 31: ID 506; Choice (1356.0, 2183.0, 192.0, 1889.0, 193.0, 1905.0, 2092.0, 191.0, 1347.0) 
Voter 32: ID 677; Choice (1356.0, 2183.0, 192.0, 1889.0, 193.0, 1905.0, 2092.0, 191.0, 1347.0) 
Voter 33: ID 694; Choice (1356.0, 2183.0, 192.0, 1889.0, 193.0, 1905.0, 2092.0, 191.0, 1347.0) 
Voter 34: ID 156; Choice (1356.0, 2183.0, 192.0, 1889.0, 193.0, 1905.0, 2092.0, 191.0, 1347.0) 
Voter 35: ID 120; Choice (1356.0, 2183.0, 192.0, 1889.0, 193.0, 1905.0, 2092.0, 191.0, 1347.0) 
Voter 36: ID 284; Choice (1356.0, 2183.0, 192.0, 1889.0, 193.0, 1905.0, 2092.0, 191.0, 1347.0) 
Voter 37: ID 498; Choice (1356.0, 2183.0, 192.0, 1889.0, 193.0, 1905.0, 2092.0, 191.0, 1347.0) 
Voter 38: ID 363; Choice (1356.0, 2183.0, 192.0, 1889.0, 193.0, 1905.0, 2092.0, 191.0, 1347.0) 
Voter 39: ID 111; Choice (1356.0, 2183.0, 192.0, 1889.0, 193.0, 1905.0, 2092.0, 191.0, 1347.0) 
Voter 40: ID 421; Choice (1356.0, 2183.0, 192.0, 1889.0, 193.0, 1905.0, 2092.0, 191.0, 1347.0) 
Voter 41: ID 446; Choice (1356.0, 2183.0, 192.0, 1889.0, 193.0, 1905.0, 2092.0, 191.0, 1347.0) 
Voter 42: ID 315; Choice (1356.0, 2183.0, 192.0, 1889.0, 193.0, 1905.0, 2092.0, 191.0, 1347.0) 
Voter 43: ID 371; Choice (1356.0, 2183.0, 192.0, 1889.0, 193.0, 1905.0, 2092.0, 191.0, 1347.0) 
Voter 44: ID 313; Choice (1356.0, 2183.0, 192.0, 1889.0, 193.0, 1905.0, 2092.0, 191.0, 1347.0) 
Voter 45: ID 69; Choice (1356.0, 2183.0, 192.0, 1889.0, 193.0, 1905.0, 2092.0, 191.0, 1347.0) 
Voter 46: ID 51; Choice (1356.0, 2183.0, 192.0, 1889.0, 193.0, 1905.0, 2092.0, 191.0, 1347.0) 
Voter 47: ID 18; Choice (1356.0, 2183.0, 192.0, 1889.0, 193.0, 1905.0, 2092.0, 191.0, 1347.0) 
Voter 48: ID 397; Choice (1356.0, 2183.0, 192.0, 1889.0, 193.0, 1905.0, 2092.0, 191.0, 1347.0) 
Voter 49: ID 37; Choice (1356.0, 2183.0, 192.0, 1889.0, 193.0, 1905.0, 2092.0, 191.0, 1347.0) 
Voter 50: ID 112; Choice (1356.0, 2183.0, 192.0, 1889.0, 193.0, 1905.0, 2092.0, 191.0, 1347.0) 
---------------------------------------------------------------------------
Concensus reached after 12 iterations.
Max degree: 12 Number of valid combinations: 39 Using random find.
There are 1 opinions after all iterations.
(1356.0, 2183.0, 192.0, 1889.0, 193.0, 1905.0, 2092.0, 191.0, 1347.0) count: 50
