    project id    reward
0       1211.0 -0.444988
1       2141.0 -0.057202
2       1356.0  0.331482
3       2183.0  0.343395
4        433.0 -0.263659
5        192.0  0.232709
6       1889.0  0.302624
7        193.0  0.251523
8       1347.0  0.192139
9       1905.0  0.121838
10      2092.0  0.245409
11      2121.0 -0.136063
12       191.0  0.215283
Valid Combinations are:
(1356.0, 2183.0, 192.0, 1889.0, 193.0, 1905.0, 2092.0, 191.0, 1347.0)
(1356.0, 2183.0, 192.0, 1889.0, 193.0, 1905.0, 2092.0, 191.0)
(1211.0, 2141.0, 1356.0, 2183.0, 192.0, 193.0)
(1356.0, 2183.0, 433.0, 192.0, 1889.0, 193.0, 1347.0, 1905.0, 2092.0, 2121.0)
(2141.0, 1356.0, 2183.0, 192.0, 193.0, 1905.0, 2092.0, 2121.0, 191.0)
(2141.0, 1356.0, 192.0, 1889.0, 193.0, 1347.0, 1905.0, 2092.0, 2121.0)
(1356.0, 2183.0, 192.0, 1889.0, 1347.0, 1905.0, 2092.0, 2121.0, 191.0)
(1211.0, 1356.0, 2183.0, 1889.0, 193.0, 1347.0, 1905.0, 2092.0)
(2141.0, 1356.0, 2183.0, 433.0, 192.0, 1889.0, 1347.0, 1905.0)
(2141.0, 1356.0, 2183.0, 433.0, 192.0, 1889.0, 1347.0, 2092.0)
(2141.0, 1356.0, 2183.0, 192.0, 1889.0, 193.0, 1905.0, 2121.0)
(2141.0, 2183.0, 433.0, 192.0, 1889.0, 1347.0, 2092.0, 2121.0)
(2141.0, 433.0, 1889.0, 193.0, 1905.0, 2092.0, 2121.0, 191.0)
(1211.0, 1356.0, 2183.0, 192.0, 1889.0, 193.0, 1905.0)
(1211.0, 1356.0, 2183.0, 192.0, 1347.0, 2092.0, 191.0)
Initial Choices:
---------------------------------------------------------------------------
Voter 1: ID 126; Choice (1356.0, 2183.0, 192.0, 1889.0, 1347.0, 1905.0, 2092.0, 2121.0, 191.0) 
Voter 2: ID 3; Choice (1356.0, 2183.0, 192.0, 1889.0, 1347.0, 1905.0, 2092.0, 2121.0, 191.0) 
Voter 3: ID 643; Choice (1211.0, 2141.0, 1356.0, 2183.0, 192.0, 193.0) 
Voter 4: ID 653; Choice (1356.0, 2183.0, 433.0, 192.0, 1889.0, 193.0, 1347.0, 1905.0, 2092.0, 2121.0) 
Voter 5: ID 304; Choice (1356.0, 2183.0, 192.0, 1889.0, 193.0, 1905.0, 2092.0, 191.0) 
Voter 6: ID 18; Choice (1211.0, 2141.0, 1356.0, 2183.0, 192.0, 193.0) 
Voter 7: ID 546; Choice (2141.0, 1356.0, 192.0, 1889.0, 193.0, 1347.0, 1905.0, 2092.0, 2121.0) 
Voter 8: ID 132; Choice (2141.0, 1356.0, 192.0, 1889.0, 193.0, 1347.0, 1905.0, 2092.0, 2121.0) 
Voter 9: ID 502; Choice (1211.0, 1356.0, 2183.0, 192.0, 1889.0, 193.0, 1905.0) 
Voter 10: ID 347; Choice (1356.0, 2183.0, 192.0, 1889.0, 193.0, 1905.0, 2092.0, 191.0) 
Voter 11: ID 525; Choice (2141.0, 1356.0, 2183.0, 192.0, 193.0, 1905.0, 2092.0, 2121.0, 191.0) 
Voter 12: ID 682; Choice (1211.0, 2141.0, 1356.0, 2183.0, 192.0, 193.0) 
Voter 13: ID 181; Choice (1356.0, 2183.0, 192.0, 1889.0, 193.0, 1905.0, 2092.0, 191.0, 1347.0) 
Voter 14: ID 302; Choice (2141.0, 2183.0, 433.0, 192.0, 1889.0, 1347.0, 2092.0, 2121.0) 
Voter 15: ID 577; Choice (2141.0, 1356.0, 2183.0, 192.0, 1889.0, 193.0, 1905.0, 2121.0) 
Voter 16: ID 600; Choice (1356.0, 2183.0, 192.0, 1889.0, 193.0, 1905.0, 2092.0, 191.0) 
Voter 17: ID 357; Choice (2141.0, 2183.0, 433.0, 192.0, 1889.0, 1347.0, 2092.0, 2121.0) 
Voter 18: ID 288; Choice (2141.0, 1356.0, 2183.0, 192.0, 193.0, 1905.0, 2092.0, 2121.0, 191.0) 
Voter 19: ID 195; Choice (2141.0, 2183.0, 433.0, 192.0, 1889.0, 1347.0, 2092.0, 2121.0) 
Voter 20: ID 697; Choice (1356.0, 2183.0, 192.0, 1889.0, 193.0, 1905.0, 2092.0, 191.0) 
Voter 21: ID 641; Choice (1356.0, 2183.0, 433.0, 192.0, 1889.0, 193.0, 1347.0, 1905.0, 2092.0, 2121.0) 
Voter 22: ID 134; Choice (2141.0, 1356.0, 2183.0, 192.0, 193.0, 1905.0, 2092.0, 2121.0, 191.0) 
Voter 23: ID 456; Choice (1211.0, 1356.0, 2183.0, 192.0, 1889.0, 193.0, 1905.0) 
Voter 24: ID 639; Choice (1356.0, 2183.0, 433.0, 192.0, 1889.0, 193.0, 1347.0, 1905.0, 2092.0, 2121.0) 
Voter 25: ID 352; Choice (1356.0, 2183.0, 192.0, 1889.0, 193.0, 1905.0, 2092.0, 191.0, 1347.0) 
Voter 26: ID 469; Choice (2141.0, 1356.0, 2183.0, 433.0, 192.0, 1889.0, 1347.0, 2092.0) 
Voter 27: ID 29; Choice (2141.0, 2183.0, 433.0, 192.0, 1889.0, 1347.0, 2092.0, 2121.0) 
Voter 28: ID 167; Choice (1211.0, 2141.0, 1356.0, 2183.0, 192.0, 193.0) 
Voter 29: ID 588; Choice (2141.0, 1356.0, 2183.0, 433.0, 192.0, 1889.0, 1347.0, 1905.0) 
Voter 30: ID 215; Choice (2141.0, 1356.0, 2183.0, 192.0, 1889.0, 193.0, 1905.0, 2121.0) 
Voter 31: ID 514; Choice (2141.0, 1356.0, 2183.0, 433.0, 192.0, 1889.0, 1347.0, 1905.0) 
Voter 32: ID 635; Choice (2141.0, 1356.0, 2183.0, 433.0, 192.0, 1889.0, 1347.0, 1905.0) 
Voter 33: ID 111; Choice (1356.0, 2183.0, 192.0, 1889.0, 193.0, 1905.0, 2092.0, 191.0, 1347.0) 
Voter 34: ID 67; Choice (2141.0, 1356.0, 2183.0, 433.0, 192.0, 1889.0, 1347.0, 1905.0) 
Voter 35: ID 244; Choice (1356.0, 2183.0, 433.0, 192.0, 1889.0, 193.0, 1347.0, 1905.0, 2092.0, 2121.0) 
Voter 36: ID 187; Choice (1356.0, 2183.0, 192.0, 1889.0, 1347.0, 1905.0, 2092.0, 2121.0, 191.0) 
Voter 37: ID 495; Choice (1356.0, 2183.0, 192.0, 1889.0, 1347.0, 1905.0, 2092.0, 2121.0, 191.0) 
Voter 38: ID 125; Choice (1211.0, 1356.0, 2183.0, 192.0, 1889.0, 193.0, 1905.0) 
Voter 39: ID 412; Choice (1211.0, 1356.0, 2183.0, 192.0, 1347.0, 2092.0, 191.0) 
Voter 40: ID 297; Choice (2141.0, 1356.0, 2183.0, 433.0, 192.0, 1889.0, 1347.0, 1905.0) 
Voter 41: ID 518; Choice (1211.0, 2141.0, 1356.0, 2183.0, 192.0, 193.0) 
Voter 42: ID 571; Choice (1356.0, 2183.0, 433.0, 192.0, 1889.0, 193.0, 1347.0, 1905.0, 2092.0, 2121.0) 
Voter 43: ID 62; Choice (2141.0, 1356.0, 2183.0, 192.0, 193.0, 1905.0, 2092.0, 2121.0, 191.0) 
Voter 44: ID 149; Choice (1211.0, 2141.0, 1356.0, 2183.0, 192.0, 193.0) 
Voter 45: ID 522; Choice (1356.0, 2183.0, 192.0, 1889.0, 193.0, 1905.0, 2092.0, 191.0, 1347.0) 
Voter 46: ID 280; Choice (1211.0, 1356.0, 2183.0, 192.0, 1889.0, 193.0, 1905.0) 
Voter 47: ID 534; Choice (1211.0, 1356.0, 2183.0, 192.0, 1347.0, 2092.0, 191.0) 
Voter 48: ID 562; Choice (2141.0, 2183.0, 433.0, 192.0, 1889.0, 1347.0, 2092.0, 2121.0) 
Voter 49: ID 538; Choice (1356.0, 2183.0, 192.0, 1889.0, 193.0, 1905.0, 2092.0, 191.0) 
Voter 50: ID 133; Choice (2141.0, 1356.0, 2183.0, 192.0, 1889.0, 193.0, 1905.0, 2121.0) 
---------------------------------------------------------------------------
After Iteration 1 :
Voter 1: ID 126; Choice (2141.0, 1356.0, 192.0, 1889.0, 193.0, 1347.0, 1905.0, 2092.0, 2121.0) 
Voter 2: ID 3; Choice (1211.0, 2141.0, 1356.0, 2183.0, 192.0, 193.0) 
Voter 3: ID 643; Choice (1356.0, 2183.0, 192.0, 1889.0, 1347.0, 1905.0, 2092.0, 2121.0, 191.0) 
Voter 4: ID 653; Choice (1356.0, 2183.0, 192.0, 1889.0, 193.0, 1905.0, 2092.0, 191.0, 1347.0) 
Voter 5: ID 304; Choice (2141.0, 1356.0, 2183.0, 192.0, 1889.0, 193.0, 1905.0, 2121.0) 
Voter 6: ID 18; Choice (2141.0, 2183.0, 433.0, 192.0, 1889.0, 1347.0, 2092.0, 2121.0) 
Voter 7: ID 546; Choice (2141.0, 433.0, 1889.0, 193.0, 1905.0, 2092.0, 2121.0, 191.0) 
Voter 8: ID 132; Choice (2141.0, 1356.0, 2183.0, 192.0, 1889.0, 193.0, 1905.0, 2121.0) 
Voter 9: ID 502; Choice (1356.0, 2183.0, 192.0, 1889.0, 193.0, 1905.0, 2092.0, 191.0) 
Voter 10: ID 347; Choice (2141.0, 1356.0, 192.0, 1889.0, 193.0, 1347.0, 1905.0, 2092.0, 2121.0) 
Voter 11: ID 525; Choice (1356.0, 2183.0, 433.0, 192.0, 1889.0, 193.0, 1347.0, 1905.0, 2092.0, 2121.0) 
Voter 12: ID 682; Choice (2141.0, 1356.0, 2183.0, 192.0, 1889.0, 193.0, 1905.0, 2121.0) 
Voter 13: ID 181; Choice (1356.0, 2183.0, 192.0, 1889.0, 193.0, 1905.0, 2092.0, 191.0) 
Voter 14: ID 302; Choice (1356.0, 2183.0, 192.0, 1889.0, 193.0, 1905.0, 2092.0, 191.0, 1347.0) 
Voter 15: ID 577; Choice (2141.0, 1356.0, 192.0, 1889.0, 193.0, 1347.0, 1905.0, 2092.0, 2121.0) 
Voter 16: ID 600; Choice (1211.0, 1356.0, 2183.0, 192.0, 1347.0, 2092.0, 191.0) 
Voter 17: ID 357; Choice (1211.0, 1356.0, 2183.0, 1889.0, 193.0, 1347.0, 1905.0, 2092.0) 
Voter 18: ID 288; Choice (2141.0, 1356.0, 2183.0, 433.0, 192.0, 1889.0, 1347.0, 1905.0) 
Voter 19: ID 195; Choice (1211.0, 1356.0, 2183.0, 192.0, 1347.0, 2092.0, 191.0) 
Voter 20: ID 697; Choice (2141.0, 1356.0, 2183.0, 433.0, 192.0, 1889.0, 1347.0, 2092.0) 
Voter 21: ID 641; Choice (2141.0, 1356.0, 2183.0, 192.0, 1889.0, 193.0, 1905.0, 2121.0) 
Voter 22: ID 134; Choice (2141.0, 1356.0, 2183.0, 433.0, 192.0, 1889.0, 1347.0, 2092.0) 
Voter 23: ID 456; Choice (2141.0, 433.0, 1889.0, 193.0, 1905.0, 2092.0, 2121.0, 191.0) 
Voter 24: ID 639; Choice (2141.0, 1356.0, 2183.0, 433.0, 192.0, 1889.0, 1347.0, 2092.0) 
Voter 25: ID 352; Choice (2141.0, 2183.0, 433.0, 192.0, 1889.0, 1347.0, 2092.0, 2121.0) 
Voter 26: ID 469; Choice (1211.0, 1356.0, 2183.0, 192.0, 1889.0, 193.0, 1905.0) 
Voter 27: ID 29; Choice (2141.0, 1356.0, 2183.0, 192.0, 1889.0, 193.0, 1905.0, 2121.0) 
Voter 28: ID 167; Choice (2141.0, 2183.0, 433.0, 192.0, 1889.0, 1347.0, 2092.0, 2121.0) 
Voter 29: ID 588; Choice (2141.0, 1356.0, 2183.0, 192.0, 193.0, 1905.0, 2092.0, 2121.0, 191.0) 
Voter 30: ID 215; Choice (1356.0, 2183.0, 192.0, 1889.0, 193.0, 1905.0, 2092.0, 191.0, 1347.0) 
Voter 31: ID 514; Choice (1211.0, 1356.0, 2183.0, 192.0, 1347.0, 2092.0, 191.0) 
Voter 32: ID 635; Choice (1211.0, 2141.0, 1356.0, 2183.0, 192.0, 193.0) 
Voter 33: ID 111; Choice (1356.0, 2183.0, 192.0, 1889.0, 193.0, 1905.0, 2092.0, 191.0) 
Voter 34: ID 67; Choice (1211.0, 1356.0, 2183.0, 1889.0, 193.0, 1347.0, 1905.0, 2092.0) 
Voter 35: ID 244; Choice (2141.0, 2183.0, 433.0, 192.0, 1889.0, 1347.0, 2092.0, 2121.0) 
Voter 36: ID 187; Choice (1356.0, 2183.0, 433.0, 192.0, 1889.0, 193.0, 1347.0, 1905.0, 2092.0, 2121.0) 
Voter 37: ID 495; Choice (1356.0, 2183.0, 192.0, 1889.0, 1347.0, 1905.0, 2092.0, 2121.0, 191.0) 
Voter 38: ID 125; Choice (1356.0, 2183.0, 433.0, 192.0, 1889.0, 193.0, 1347.0, 1905.0, 2092.0, 2121.0) 
Voter 39: ID 412; Choice (2141.0, 1356.0, 192.0, 1889.0, 193.0, 1347.0, 1905.0, 2092.0, 2121.0) 
Voter 40: ID 297; Choice (1211.0, 2141.0, 1356.0, 2183.0, 192.0, 193.0) 
Voter 41: ID 518; Choice (1211.0, 1356.0, 2183.0, 192.0, 1347.0, 2092.0, 191.0) 
Voter 42: ID 571; Choice (2141.0, 1356.0, 192.0, 1889.0, 193.0, 1347.0, 1905.0, 2092.0, 2121.0) 
Voter 43: ID 62; Choice (1211.0, 1356.0, 2183.0, 192.0, 1889.0, 193.0, 1905.0) 
Voter 44: ID 149; Choice (1356.0, 2183.0, 433.0, 192.0, 1889.0, 193.0, 1347.0, 1905.0, 2092.0, 2121.0) 
Voter 45: ID 522; Choice (1356.0, 2183.0, 192.0, 1889.0, 193.0, 1905.0, 2092.0, 191.0) 
Voter 46: ID 280; Choice (2141.0, 1356.0, 2183.0, 192.0, 1889.0, 193.0, 1905.0, 2121.0) 
Voter 47: ID 534; Choice (1356.0, 2183.0, 192.0, 1889.0, 193.0, 1905.0, 2092.0, 191.0) 
Voter 48: ID 562; Choice (2141.0, 1356.0, 2183.0, 192.0, 1889.0, 193.0, 1905.0, 2121.0) 
Voter 49: ID 538; Choice (1356.0, 2183.0, 433.0, 192.0, 1889.0, 193.0, 1347.0, 1905.0, 2092.0, 2121.0) 
Voter 50: ID 133; Choice (2141.0, 1356.0, 2183.0, 433.0, 192.0, 1889.0, 1347.0, 2092.0) 
---------------------------------------------------------------------------
---------------------------------------------------------------------------
{(1356.0, 2183.0, 192.0, 1889.0, 193.0, 1905.0, 2092.0, 191.0, 1347.0): 0.22364029753939524, (1356.0, 2183.0, 192.0, 1889.0, 193.0, 1905.0, 2092.0, 191.0): 0.2044263556646321, (1211.0, 2141.0, 1356.0, 2183.0, 192.0, 193.0): 0.06569192918175147, (1356.0, 2183.0, 433.0, 192.0, 1889.0, 193.0, 1347.0, 1905.0, 2092.0, 2121.0): 0.16213990902615957, (2141.0, 1356.0, 2183.0, 192.0, 193.0, 1905.0, 2092.0, 2121.0, 191.0): 0.15483748461201463, (2141.0, 1356.0, 192.0, 1889.0, 193.0, 1347.0, 1905.0, 2092.0, 2121.0): 0.14844600889553652, (1356.0, 2183.0, 192.0, 1889.0, 1347.0, 1905.0, 2092.0, 2121.0, 191.0): 0.18488171876107007, (1211.0, 1356.0, 2183.0, 1889.0, 193.0, 1347.0, 1905.0, 2092.0): 0, (2141.0, 1356.0, 2183.0, 433.0, 192.0, 1889.0, 1347.0, 1905.0): 0.12033272790629546, (2141.0, 1356.0, 2183.0, 433.0, 192.0, 1889.0, 1347.0, 2092.0): 0, (2141.0, 1356.0, 2183.0, 192.0, 1889.0, 193.0, 1905.0, 2121.0): 0.13903067746833198, (2141.0, 2183.0, 433.0, 192.0, 1889.0, 1347.0, 2092.0, 2121.0): 0.08593528282562364, (2141.0, 433.0, 1889.0, 193.0, 1905.0, 2092.0, 2121.0, 191.0): 0, (1211.0, 1356.0, 2183.0, 192.0, 1889.0, 193.0, 1905.0): 0.11385838019596145, (1211.0, 1356.0, 2183.0, 192.0, 1347.0, 2092.0, 191.0): 0}
After Iteration 2 :
Voter 1: ID 126; Choice (1356.0, 2183.0, 433.0, 192.0, 1889.0, 193.0, 1347.0, 1905.0, 2092.0, 2121.0) 
Voter 2: ID 3; Choice (1356.0, 2183.0, 192.0, 1889.0, 193.0, 1905.0, 2092.0, 191.0, 1347.0) 
Voter 3: ID 643; Choice (1211.0, 1356.0, 2183.0, 1889.0, 193.0, 1347.0, 1905.0, 2092.0) 
Voter 4: ID 653; Choice (1211.0, 2141.0, 1356.0, 2183.0, 192.0, 193.0) 
Voter 5: ID 304; Choice (1211.0, 2141.0, 1356.0, 2183.0, 192.0, 193.0) 
Voter 6: ID 18; Choice (1356.0, 2183.0, 192.0, 1889.0, 1347.0, 1905.0, 2092.0, 2121.0, 191.0) 
Voter 7: ID 546; Choice (1211.0, 1356.0, 2183.0, 192.0, 1889.0, 193.0, 1905.0) 
Voter 8: ID 132; Choice (2141.0, 1356.0, 192.0, 1889.0, 193.0, 1347.0, 1905.0, 2092.0, 2121.0) 
Voter 9: ID 502; Choice (1211.0, 1356.0, 2183.0, 192.0, 1347.0, 2092.0, 191.0) 
Voter 10: ID 347; Choice (2141.0, 2183.0, 433.0, 192.0, 1889.0, 1347.0, 2092.0, 2121.0) 
Voter 11: ID 525; Choice (2141.0, 433.0, 1889.0, 193.0, 1905.0, 2092.0, 2121.0, 191.0) 
Voter 12: ID 682; Choice (2141.0, 1356.0, 2183.0, 433.0, 192.0, 1889.0, 1347.0, 1905.0) 
Voter 13: ID 181; Choice (2141.0, 433.0, 1889.0, 193.0, 1905.0, 2092.0, 2121.0, 191.0) 
Voter 14: ID 302; Choice (2141.0, 1356.0, 2183.0, 192.0, 193.0, 1905.0, 2092.0, 2121.0, 191.0) 
Voter 15: ID 577; Choice (2141.0, 1356.0, 192.0, 1889.0, 193.0, 1347.0, 1905.0, 2092.0, 2121.0) 
Voter 16: ID 600; Choice (1356.0, 2183.0, 433.0, 192.0, 1889.0, 193.0, 1347.0, 1905.0, 2092.0, 2121.0) 
Voter 17: ID 357; Choice (2141.0, 1356.0, 2183.0, 192.0, 193.0, 1905.0, 2092.0, 2121.0, 191.0) 
Voter 18: ID 288; Choice (1356.0, 2183.0, 433.0, 192.0, 1889.0, 193.0, 1347.0, 1905.0, 2092.0, 2121.0) 
Voter 19: ID 195; Choice (1356.0, 2183.0, 192.0, 1889.0, 193.0, 1905.0, 2092.0, 191.0) 
Voter 20: ID 697; Choice (1211.0, 2141.0, 1356.0, 2183.0, 192.0, 193.0) 
Voter 21: ID 641; Choice (2141.0, 1356.0, 2183.0, 433.0, 192.0, 1889.0, 1347.0, 1905.0) 
Voter 22: ID 134; Choice (1356.0, 2183.0, 433.0, 192.0, 1889.0, 193.0, 1347.0, 1905.0, 2092.0, 2121.0) 
Voter 23: ID 456; Choice (2141.0, 433.0, 1889.0, 193.0, 1905.0, 2092.0, 2121.0, 191.0) 
Voter 24: ID 639; Choice (1211.0, 1356.0, 2183.0, 192.0, 1889.0, 193.0, 1905.0) 
Voter 25: ID 352; Choice (2141.0, 1356.0, 2183.0, 433.0, 192.0, 1889.0, 1347.0, 2092.0) 
Voter 26: ID 469; Choice (2141.0, 1356.0, 192.0, 1889.0, 193.0, 1347.0, 1905.0, 2092.0, 2121.0) 
Voter 27: ID 29; Choice (2141.0, 2183.0, 433.0, 192.0, 1889.0, 1347.0, 2092.0, 2121.0) 
Voter 28: ID 167; Choice (1211.0, 1356.0, 2183.0, 192.0, 1889.0, 193.0, 1905.0) 
Voter 29: ID 588; Choice (1211.0, 1356.0, 2183.0, 192.0, 1889.0, 193.0, 1905.0) 
Voter 30: ID 215; Choice (1356.0, 2183.0, 433.0, 192.0, 1889.0, 193.0, 1347.0, 1905.0, 2092.0, 2121.0) 
Voter 31: ID 514; Choice (2141.0, 1356.0, 2183.0, 192.0, 193.0, 1905.0, 2092.0, 2121.0, 191.0) 
Voter 32: ID 635; Choice (1356.0, 2183.0, 192.0, 1889.0, 1347.0, 1905.0, 2092.0, 2121.0, 191.0) 
Voter 33: ID 111; Choice (1211.0, 2141.0, 1356.0, 2183.0, 192.0, 193.0) 
Voter 34: ID 67; Choice (1356.0, 2183.0, 433.0, 192.0, 1889.0, 193.0, 1347.0, 1905.0, 2092.0, 2121.0) 
Voter 35: ID 244; Choice (1211.0, 1356.0, 2183.0, 192.0, 1889.0, 193.0, 1905.0) 
Voter 36: ID 187; Choice (1356.0, 2183.0, 192.0, 1889.0, 193.0, 1905.0, 2092.0, 191.0, 1347.0) 
Voter 37: ID 495; Choice (2141.0, 2183.0, 433.0, 192.0, 1889.0, 1347.0, 2092.0, 2121.0) 
Voter 38: ID 125; Choice (2141.0, 2183.0, 433.0, 192.0, 1889.0, 1347.0, 2092.0, 2121.0) 
Voter 39: ID 412; Choice (1211.0, 1356.0, 2183.0, 1889.0, 193.0, 1347.0, 1905.0, 2092.0) 
Voter 40: ID 297; Choice (2141.0, 1356.0, 2183.0, 192.0, 1889.0, 193.0, 1905.0, 2121.0) 
Voter 41: ID 518; Choice (1211.0, 1356.0, 2183.0, 1889.0, 193.0, 1347.0, 1905.0, 2092.0) 
Voter 42: ID 571; Choice (1356.0, 2183.0, 192.0, 1889.0, 193.0, 1905.0, 2092.0, 191.0, 1347.0) 
Voter 43: ID 62; Choice (1356.0, 2183.0, 192.0, 1889.0, 1347.0, 1905.0, 2092.0, 2121.0, 191.0) 
Voter 44: ID 149; Choice (2141.0, 1356.0, 2183.0, 192.0, 1889.0, 193.0, 1905.0, 2121.0) 
Voter 45: ID 522; Choice (1211.0, 1356.0, 2183.0, 192.0, 1889.0, 193.0, 1905.0) 
Voter 46: ID 280; Choice (1211.0, 1356.0, 2183.0, 1889.0, 193.0, 1347.0, 1905.0, 2092.0) 
Voter 47: ID 534; Choice (2141.0, 433.0, 1889.0, 193.0, 1905.0, 2092.0, 2121.0, 191.0) 
Voter 48: ID 562; Choice (2141.0, 433.0, 1889.0, 193.0, 1905.0, 2092.0, 2121.0, 191.0) 
Voter 49: ID 538; Choice (1356.0, 2183.0, 192.0, 1889.0, 1347.0, 1905.0, 2092.0, 2121.0, 191.0) 
Voter 50: ID 133; Choice (1211.0, 1356.0, 2183.0, 1889.0, 193.0, 1347.0, 1905.0, 2092.0) 
---------------------------------------------------------------------------
After Iteration 3 :
Voter 1: ID 126; Choice (1211.0, 1356.0, 2183.0, 1889.0, 193.0, 1347.0, 1905.0, 2092.0) 
Voter 2: ID 3; Choice (2141.0, 1356.0, 192.0, 1889.0, 193.0, 1347.0, 1905.0, 2092.0, 2121.0) 
Voter 3: ID 643; Choice (2141.0, 1356.0, 2183.0, 433.0, 192.0, 1889.0, 1347.0, 1905.0) 
Voter 4: ID 653; Choice (1211.0, 2141.0, 1356.0, 2183.0, 192.0, 193.0) 
Voter 5: ID 304; Choice (1356.0, 2183.0, 192.0, 1889.0, 193.0, 1905.0, 2092.0, 191.0) 
Voter 6: ID 18; Choice (1211.0, 1356.0, 2183.0, 192.0, 1889.0, 193.0, 1905.0) 
Voter 7: ID 546; Choice (1356.0, 2183.0, 192.0, 1889.0, 1347.0, 1905.0, 2092.0, 2121.0, 191.0) 
Voter 8: ID 132; Choice (2141.0, 1356.0, 192.0, 1889.0, 193.0, 1347.0, 1905.0, 2092.0, 2121.0) 
Voter 9: ID 502; Choice (2141.0, 1356.0, 2183.0, 433.0, 192.0, 1889.0, 1347.0, 1905.0) 
Voter 10: ID 347; Choice (2141.0, 1356.0, 192.0, 1889.0, 193.0, 1347.0, 1905.0, 2092.0, 2121.0) 
Voter 11: ID 525; Choice (1356.0, 2183.0, 192.0, 1889.0, 193.0, 1905.0, 2092.0, 191.0, 1347.0) 
Voter 12: ID 682; Choice (1211.0, 1356.0, 2183.0, 1889.0, 193.0, 1347.0, 1905.0, 2092.0) 
Voter 13: ID 181; Choice (2141.0, 1356.0, 2183.0, 192.0, 193.0, 1905.0, 2092.0, 2121.0, 191.0) 
Voter 14: ID 302; Choice (2141.0, 1356.0, 2183.0, 192.0, 1889.0, 193.0, 1905.0, 2121.0) 
Voter 15: ID 577; Choice (2141.0, 1356.0, 2183.0, 192.0, 1889.0, 193.0, 1905.0, 2121.0) 
Voter 16: ID 600; Choice (2141.0, 2183.0, 433.0, 192.0, 1889.0, 1347.0, 2092.0, 2121.0) 
Voter 17: ID 357; Choice (1356.0, 2183.0, 433.0, 192.0, 1889.0, 193.0, 1347.0, 1905.0, 2092.0, 2121.0) 
Voter 18: ID 288; Choice (1356.0, 2183.0, 192.0, 1889.0, 193.0, 1905.0, 2092.0, 191.0) 
Voter 19: ID 195; Choice (1211.0, 2141.0, 1356.0, 2183.0, 192.0, 193.0) 
Voter 20: ID 697; Choice (2141.0, 1356.0, 2183.0, 192.0, 193.0, 1905.0, 2092.0, 2121.0, 191.0) 
Voter 21: ID 641; Choice (1211.0, 1356.0, 2183.0, 1889.0, 193.0, 1347.0, 1905.0, 2092.0) 
Voter 22: ID 134; Choice (1211.0, 1356.0, 2183.0, 1889.0, 193.0, 1347.0, 1905.0, 2092.0) 
Voter 23: ID 456; Choice (1211.0, 1356.0, 2183.0, 192.0, 1889.0, 193.0, 1905.0) 
Voter 24: ID 639; Choice (2141.0, 2183.0, 433.0, 192.0, 1889.0, 1347.0, 2092.0, 2121.0) 
Voter 25: ID 352; Choice (2141.0, 1356.0, 2183.0, 433.0, 192.0, 1889.0, 1347.0, 1905.0) 
Voter 26: ID 469; Choice (1356.0, 2183.0, 192.0, 1889.0, 1347.0, 1905.0, 2092.0, 2121.0, 191.0) 
Voter 27: ID 29; Choice (1356.0, 2183.0, 192.0, 1889.0, 193.0, 1905.0, 2092.0, 191.0, 1347.0) 
Voter 28: ID 167; Choice (2141.0, 433.0, 1889.0, 193.0, 1905.0, 2092.0, 2121.0, 191.0) 
Voter 29: ID 588; Choice (1356.0, 2183.0, 192.0, 1889.0, 193.0, 1905.0, 2092.0, 191.0) 
Voter 30: ID 215; Choice (2141.0, 433.0, 1889.0, 193.0, 1905.0, 2092.0, 2121.0, 191.0) 
Voter 31: ID 514; Choice (1356.0, 2183.0, 433.0, 192.0, 1889.0, 193.0, 1347.0, 1905.0, 2092.0, 2121.0) 
Voter 32: ID 635; Choice (2141.0, 1356.0, 2183.0, 192.0, 1889.0, 193.0, 1905.0, 2121.0) 
Voter 33: ID 111; Choice (1211.0, 1356.0, 2183.0, 192.0, 1347.0, 2092.0, 191.0) 
Voter 34: ID 67; Choice (2141.0, 1356.0, 2183.0, 433.0, 192.0, 1889.0, 1347.0, 1905.0) 
Voter 35: ID 244; Choice (1356.0, 2183.0, 192.0, 1889.0, 193.0, 1905.0, 2092.0, 191.0, 1347.0) 
Voter 36: ID 187; Choice (1211.0, 1356.0, 2183.0, 1889.0, 193.0, 1347.0, 1905.0, 2092.0) 
Voter 37: ID 495; Choice (1211.0, 1356.0, 2183.0, 192.0, 1889.0, 193.0, 1905.0) 
Voter 38: ID 125; Choice (2141.0, 1356.0, 2183.0, 433.0, 192.0, 1889.0, 1347.0, 1905.0) 
Voter 39: ID 412; Choice (2141.0, 1356.0, 2183.0, 433.0, 192.0, 1889.0, 1347.0, 1905.0) 
Voter 40: ID 297; Choice (1211.0, 1356.0, 2183.0, 192.0, 1347.0, 2092.0, 191.0) 
Voter 41: ID 518; Choice (1211.0, 1356.0, 2183.0, 192.0, 1347.0, 2092.0, 191.0) 
Voter 42: ID 571; Choice (1356.0, 2183.0, 192.0, 1889.0, 193.0, 1905.0, 2092.0, 191.0, 1347.0) 
Voter 43: ID 62; Choice (2141.0, 1356.0, 2183.0, 192.0, 193.0, 1905.0, 2092.0, 2121.0, 191.0) 
Voter 44: ID 149; Choice (1211.0, 2141.0, 1356.0, 2183.0, 192.0, 193.0) 
Voter 45: ID 522; Choice (1211.0, 2141.0, 1356.0, 2183.0, 192.0, 193.0) 
Voter 46: ID 280; Choice (1356.0, 2183.0, 192.0, 1889.0, 1347.0, 1905.0, 2092.0, 2121.0, 191.0) 
Voter 47: ID 534; Choice (1211.0, 1356.0, 2183.0, 192.0, 1347.0, 2092.0, 191.0) 
Voter 48: ID 562; Choice (2141.0, 433.0, 1889.0, 193.0, 1905.0, 2092.0, 2121.0, 191.0) 
Voter 49: ID 538; Choice (2141.0, 1356.0, 2183.0, 433.0, 192.0, 1889.0, 1347.0, 1905.0) 
Voter 50: ID 133; Choice (1211.0, 1356.0, 2183.0, 192.0, 1889.0, 193.0, 1905.0) 
---------------------------------------------------------------------------
After Iteration 4 :
Voter 1: ID 126; Choice (2141.0, 1356.0, 2183.0, 192.0, 1889.0, 193.0, 1905.0, 2121.0) 
Voter 2: ID 3; Choice (1356.0, 2183.0, 192.0, 1889.0, 193.0, 1905.0, 2092.0, 191.0, 1347.0) 
Voter 3: ID 643; Choice (1356.0, 2183.0, 192.0, 1889.0, 193.0, 1905.0, 2092.0, 191.0, 1347.0) 
Voter 4: ID 653; Choice (1356.0, 2183.0, 192.0, 1889.0, 193.0, 1905.0, 2092.0, 191.0, 1347.0) 
Voter 5: ID 304; Choice (2141.0, 1356.0, 2183.0, 192.0, 193.0, 1905.0, 2092.0, 2121.0, 191.0) 
Voter 6: ID 18; Choice (1356.0, 2183.0, 192.0, 1889.0, 1347.0, 1905.0, 2092.0, 2121.0, 191.0) 
Voter 7: ID 546; Choice (2141.0, 1356.0, 2183.0, 192.0, 1889.0, 193.0, 1905.0, 2121.0) 
Voter 8: ID 132; Choice (1356.0, 2183.0, 192.0, 1889.0, 193.0, 1905.0, 2092.0, 191.0, 1347.0) 
Voter 9: ID 502; Choice (2141.0, 1356.0, 2183.0, 192.0, 193.0, 1905.0, 2092.0, 2121.0, 191.0) 
Voter 10: ID 347; Choice (2141.0, 1356.0, 2183.0, 192.0, 193.0, 1905.0, 2092.0, 2121.0, 191.0) 
Voter 11: ID 525; Choice (2141.0, 1356.0, 2183.0, 192.0, 1889.0, 193.0, 1905.0, 2121.0) 
Voter 12: ID 682; Choice (2141.0, 1356.0, 2183.0, 192.0, 1889.0, 193.0, 1905.0, 2121.0) 
Voter 13: ID 181; Choice (1356.0, 2183.0, 192.0, 1889.0, 193.0, 1905.0, 2092.0, 191.0, 1347.0) 
Voter 14: ID 302; Choice (1356.0, 2183.0, 192.0, 1889.0, 193.0, 1905.0, 2092.0, 191.0, 1347.0) 
Voter 15: ID 577; Choice (2141.0, 1356.0, 192.0, 1889.0, 193.0, 1347.0, 1905.0, 2092.0, 2121.0) 
Voter 16: ID 600; Choice (1356.0, 2183.0, 192.0, 1889.0, 193.0, 1905.0, 2092.0, 191.0, 1347.0) 
Voter 17: ID 357; Choice (2141.0, 1356.0, 2183.0, 192.0, 193.0, 1905.0, 2092.0, 2121.0, 191.0) 
Voter 18: ID 288; Choice (1356.0, 2183.0, 433.0, 192.0, 1889.0, 193.0, 1347.0, 1905.0, 2092.0, 2121.0) 
Voter 19: ID 195; Choice (1356.0, 2183.0, 192.0, 1889.0, 193.0, 1905.0, 2092.0, 191.0) 
Voter 20: ID 697; Choice (1356.0, 2183.0, 192.0, 1889.0, 193.0, 1905.0, 2092.0, 191.0, 1347.0) 
Voter 21: ID 641; Choice (2141.0, 1356.0, 2183.0, 192.0, 1889.0, 193.0, 1905.0, 2121.0) 
Voter 22: ID 134; Choice (1356.0, 2183.0, 433.0, 192.0, 1889.0, 193.0, 1347.0, 1905.0, 2092.0, 2121.0) 
Voter 23: ID 456; Choice (1356.0, 2183.0, 192.0, 1889.0, 193.0, 1905.0, 2092.0, 191.0, 1347.0) 
Voter 24: ID 639; Choice (1356.0, 2183.0, 192.0, 1889.0, 193.0, 1905.0, 2092.0, 191.0, 1347.0) 
Voter 25: ID 352; Choice (1356.0, 2183.0, 192.0, 1889.0, 193.0, 1905.0, 2092.0, 191.0, 1347.0) 
Voter 26: ID 469; Choice (2141.0, 1356.0, 2183.0, 192.0, 193.0, 1905.0, 2092.0, 2121.0, 191.0) 
Voter 27: ID 29; Choice (2141.0, 1356.0, 2183.0, 192.0, 193.0, 1905.0, 2092.0, 2121.0, 191.0) 
Voter 28: ID 167; Choice (2141.0, 1356.0, 2183.0, 192.0, 193.0, 1905.0, 2092.0, 2121.0, 191.0) 
Voter 29: ID 588; Choice (2141.0, 1356.0, 2183.0, 192.0, 1889.0, 193.0, 1905.0, 2121.0) 
Voter 30: ID 215; Choice (1356.0, 2183.0, 433.0, 192.0, 1889.0, 193.0, 1347.0, 1905.0, 2092.0, 2121.0) 
Voter 31: ID 514; Choice (1356.0, 2183.0, 192.0, 1889.0, 193.0, 1905.0, 2092.0, 191.0, 1347.0) 
Voter 32: ID 635; Choice (1356.0, 2183.0, 192.0, 1889.0, 1347.0, 1905.0, 2092.0, 2121.0, 191.0) 
Voter 33: ID 111; Choice (1356.0, 2183.0, 192.0, 1889.0, 193.0, 1905.0, 2092.0, 191.0, 1347.0) 
Voter 34: ID 67; Choice (2141.0, 1356.0, 2183.0, 192.0, 193.0, 1905.0, 2092.0, 2121.0, 191.0) 
Voter 35: ID 244; Choice (2141.0, 1356.0, 2183.0, 192.0, 1889.0, 193.0, 1905.0, 2121.0) 
Voter 36: ID 187; Choice (1356.0, 2183.0, 192.0, 1889.0, 193.0, 1905.0, 2092.0, 191.0, 1347.0) 
Voter 37: ID 495; Choice (1356.0, 2183.0, 192.0, 1889.0, 193.0, 1905.0, 2092.0, 191.0, 1347.0) 
Voter 38: ID 125; Choice (2141.0, 1356.0, 2183.0, 192.0, 193.0, 1905.0, 2092.0, 2121.0, 191.0) 
Voter 39: ID 412; Choice (2141.0, 1356.0, 2183.0, 192.0, 1889.0, 193.0, 1905.0, 2121.0) 
Voter 40: ID 297; Choice (1356.0, 2183.0, 192.0, 1889.0, 193.0, 1905.0, 2092.0, 191.0, 1347.0) 
Voter 41: ID 518; Choice (2141.0, 1356.0, 2183.0, 192.0, 193.0, 1905.0, 2092.0, 2121.0, 191.0) 
Voter 42: ID 571; Choice (2141.0, 1356.0, 2183.0, 192.0, 193.0, 1905.0, 2092.0, 2121.0, 191.0) 
Voter 43: ID 62; Choice (2141.0, 1356.0, 2183.0, 192.0, 1889.0, 193.0, 1905.0, 2121.0) 
Voter 44: ID 149; Choice (2141.0, 1356.0, 2183.0, 192.0, 1889.0, 193.0, 1905.0, 2121.0) 
Voter 45: ID 522; Choice (2141.0, 1356.0, 2183.0, 192.0, 1889.0, 193.0, 1905.0, 2121.0) 
Voter 46: ID 280; Choice (2141.0, 1356.0, 2183.0, 192.0, 1889.0, 193.0, 1905.0, 2121.0) 
Voter 47: ID 534; Choice (1356.0, 2183.0, 192.0, 1889.0, 193.0, 1905.0, 2092.0, 191.0) 
Voter 48: ID 562; Choice (1356.0, 2183.0, 192.0, 1889.0, 193.0, 1905.0, 2092.0, 191.0, 1347.0) 
Voter 49: ID 538; Choice (1356.0, 2183.0, 192.0, 1889.0, 1347.0, 1905.0, 2092.0, 2121.0, 191.0) 
Voter 50: ID 133; Choice (1356.0, 2183.0, 433.0, 192.0, 1889.0, 193.0, 1347.0, 1905.0, 2092.0, 2121.0) 
---------------------------------------------------------------------------
After Iteration 5 :
Voter 1: ID 126; Choice (2141.0, 1356.0, 2183.0, 192.0, 1889.0, 193.0, 1905.0, 2121.0) 
Voter 2: ID 3; Choice (1356.0, 2183.0, 192.0, 1889.0, 193.0, 1905.0, 2092.0, 191.0, 1347.0) 
Voter 3: ID 643; Choice (2141.0, 1356.0, 2183.0, 192.0, 1889.0, 193.0, 1905.0, 2121.0) 
Voter 4: ID 653; Choice (1356.0, 2183.0, 192.0, 1889.0, 193.0, 1905.0, 2092.0, 191.0, 1347.0) 
Voter 5: ID 304; Choice (2141.0, 1356.0, 2183.0, 192.0, 193.0, 1905.0, 2092.0, 2121.0, 191.0) 
Voter 6: ID 18; Choice (1356.0, 2183.0, 192.0, 1889.0, 1347.0, 1905.0, 2092.0, 2121.0, 191.0) 
Voter 7: ID 546; Choice (1356.0, 2183.0, 192.0, 1889.0, 1347.0, 1905.0, 2092.0, 2121.0, 191.0) 
Voter 8: ID 132; Choice (2141.0, 1356.0, 2183.0, 192.0, 1889.0, 193.0, 1905.0, 2121.0) 
Voter 9: ID 502; Choice (2141.0, 1356.0, 2183.0, 192.0, 1889.0, 193.0, 1905.0, 2121.0) 
Voter 10: ID 347; Choice (2141.0, 1356.0, 2183.0, 192.0, 193.0, 1905.0, 2092.0, 2121.0, 191.0) 
Voter 11: ID 525; Choice (1356.0, 2183.0, 192.0, 1889.0, 193.0, 1905.0, 2092.0, 191.0, 1347.0) 
Voter 12: ID 682; Choice (1356.0, 2183.0, 192.0, 1889.0, 193.0, 1905.0, 2092.0, 191.0, 1347.0) 
Voter 13: ID 181; Choice (2141.0, 1356.0, 2183.0, 192.0, 193.0, 1905.0, 2092.0, 2121.0, 191.0) 
Voter 14: ID 302; Choice (2141.0, 1356.0, 2183.0, 192.0, 1889.0, 193.0, 1905.0, 2121.0) 
Voter 15: ID 577; Choice (2141.0, 1356.0, 2183.0, 192.0, 1889.0, 193.0, 1905.0, 2121.0) 
Voter 16: ID 600; Choice (1356.0, 2183.0, 192.0, 1889.0, 193.0, 1905.0, 2092.0, 191.0, 1347.0) 
Voter 17: ID 357; Choice (2141.0, 1356.0, 2183.0, 192.0, 193.0, 1905.0, 2092.0, 2121.0, 191.0) 
Voter 18: ID 288; Choice (1356.0, 2183.0, 192.0, 1889.0, 193.0, 1905.0, 2092.0, 191.0, 1347.0) 
Voter 19: ID 195; Choice (2141.0, 1356.0, 2183.0, 192.0, 193.0, 1905.0, 2092.0, 2121.0, 191.0) 
Voter 20: ID 697; Choice (2141.0, 1356.0, 2183.0, 192.0, 193.0, 1905.0, 2092.0, 2121.0, 191.0) 
Voter 21: ID 641; Choice (2141.0, 1356.0, 2183.0, 192.0, 1889.0, 193.0, 1905.0, 2121.0) 
Voter 22: ID 134; Choice (2141.0, 1356.0, 2183.0, 192.0, 193.0, 1905.0, 2092.0, 2121.0, 191.0) 
Voter 23: ID 456; Choice (1356.0, 2183.0, 192.0, 1889.0, 193.0, 1905.0, 2092.0, 191.0, 1347.0) 
Voter 24: ID 639; Choice (2141.0, 1356.0, 2183.0, 192.0, 1889.0, 193.0, 1905.0, 2121.0) 
Voter 25: ID 352; Choice (2141.0, 1356.0, 2183.0, 192.0, 1889.0, 193.0, 1905.0, 2121.0) 
Voter 26: ID 469; Choice (2141.0, 1356.0, 2183.0, 192.0, 193.0, 1905.0, 2092.0, 2121.0, 191.0) 
Voter 27: ID 29; Choice (1356.0, 2183.0, 192.0, 1889.0, 193.0, 1905.0, 2092.0, 191.0, 1347.0) 
Voter 28: ID 167; Choice (1356.0, 2183.0, 192.0, 1889.0, 193.0, 1905.0, 2092.0, 191.0, 1347.0) 
Voter 29: ID 588; Choice (1356.0, 2183.0, 192.0, 1889.0, 193.0, 1905.0, 2092.0, 191.0, 1347.0) 
Voter 30: ID 215; Choice (2141.0, 1356.0, 2183.0, 192.0, 1889.0, 193.0, 1905.0, 2121.0) 
Voter 31: ID 514; Choice (2141.0, 1356.0, 2183.0, 192.0, 1889.0, 193.0, 1905.0, 2121.0) 
Voter 32: ID 635; Choice (2141.0, 1356.0, 2183.0, 192.0, 1889.0, 193.0, 1905.0, 2121.0) 
Voter 33: ID 111; Choice (2141.0, 1356.0, 2183.0, 433.0, 192.0, 1889.0, 1347.0, 1905.0) 
Voter 34: ID 67; Choice (1356.0, 2183.0, 192.0, 1889.0, 193.0, 1905.0, 2092.0, 191.0, 1347.0) 
Voter 35: ID 244; Choice (1356.0, 2183.0, 192.0, 1889.0, 193.0, 1905.0, 2092.0, 191.0, 1347.0) 
Voter 36: ID 187; Choice (1356.0, 2183.0, 192.0, 1889.0, 193.0, 1905.0, 2092.0, 191.0, 1347.0) 
Voter 37: ID 495; Choice (2141.0, 1356.0, 2183.0, 192.0, 1889.0, 193.0, 1905.0, 2121.0) 
Voter 38: ID 125; Choice (2141.0, 1356.0, 2183.0, 192.0, 193.0, 1905.0, 2092.0, 2121.0, 191.0) 
Voter 39: ID 412; Choice (2141.0, 1356.0, 2183.0, 433.0, 192.0, 1889.0, 1347.0, 1905.0) 
Voter 40: ID 297; Choice (2141.0, 1356.0, 2183.0, 192.0, 1889.0, 193.0, 1905.0, 2121.0) 
Voter 41: ID 518; Choice (2141.0, 1356.0, 2183.0, 192.0, 1889.0, 193.0, 1905.0, 2121.0) 
Voter 42: ID 571; Choice (1356.0, 2183.0, 192.0, 1889.0, 193.0, 1905.0, 2092.0, 191.0, 1347.0) 
Voter 43: ID 62; Choice (1356.0, 2183.0, 192.0, 1889.0, 193.0, 1905.0, 2092.0, 191.0, 1347.0) 
Voter 44: ID 149; Choice (2141.0, 1356.0, 2183.0, 192.0, 193.0, 1905.0, 2092.0, 2121.0, 191.0) 
Voter 45: ID 522; Choice (2141.0, 1356.0, 2183.0, 192.0, 1889.0, 193.0, 1905.0, 2121.0) 
Voter 46: ID 280; Choice (2141.0, 1356.0, 2183.0, 192.0, 1889.0, 193.0, 1905.0, 2121.0) 
Voter 47: ID 534; Choice (2141.0, 1356.0, 2183.0, 192.0, 193.0, 1905.0, 2092.0, 2121.0, 191.0) 
Voter 48: ID 562; Choice (1356.0, 2183.0, 192.0, 1889.0, 193.0, 1905.0, 2092.0, 191.0, 1347.0) 
Voter 49: ID 538; Choice (1356.0, 2183.0, 192.0, 1889.0, 1347.0, 1905.0, 2092.0, 2121.0, 191.0) 
Voter 50: ID 133; Choice (1356.0, 2183.0, 192.0, 1889.0, 193.0, 1905.0, 2092.0, 191.0, 1347.0) 
---------------------------------------------------------------------------
After Iteration 6 :
Voter 1: ID 126; Choice (1356.0, 2183.0, 192.0, 1889.0, 193.0, 1905.0, 2092.0, 191.0, 1347.0) 
Voter 2: ID 3; Choice (1356.0, 2183.0, 192.0, 1889.0, 193.0, 1905.0, 2092.0, 191.0, 1347.0) 
Voter 3: ID 643; Choice (2141.0, 1356.0, 2183.0, 192.0, 1889.0, 193.0, 1905.0, 2121.0) 
Voter 4: ID 653; Choice (1356.0, 2183.0, 192.0, 1889.0, 193.0, 1905.0, 2092.0, 191.0, 1347.0) 
Voter 5: ID 304; Choice (1356.0, 2183.0, 433.0, 192.0, 1889.0, 193.0, 1347.0, 1905.0, 2092.0, 2121.0) 
Voter 6: ID 18; Choice (1356.0, 2183.0, 192.0, 1889.0, 193.0, 1905.0, 2092.0, 191.0, 1347.0) 
Voter 7: ID 546; Choice (2141.0, 1356.0, 2183.0, 192.0, 1889.0, 193.0, 1905.0, 2121.0) 
Voter 8: ID 132; Choice (1356.0, 2183.0, 192.0, 1889.0, 193.0, 1905.0, 2092.0, 191.0, 1347.0) 
Voter 9: ID 502; Choice (1356.0, 2183.0, 192.0, 1889.0, 193.0, 1905.0, 2092.0, 191.0, 1347.0) 
Voter 10: ID 347; Choice (1356.0, 2183.0, 433.0, 192.0, 1889.0, 193.0, 1347.0, 1905.0, 2092.0, 2121.0) 
Voter 11: ID 525; Choice (1356.0, 2183.0, 192.0, 1889.0, 193.0, 1905.0, 2092.0, 191.0, 1347.0) 
Voter 12: ID 682; Choice (2141.0, 1356.0, 2183.0, 192.0, 1889.0, 193.0, 1905.0, 2121.0) 
Voter 13: ID 181; Choice (1356.0, 2183.0, 433.0, 192.0, 1889.0, 193.0, 1347.0, 1905.0, 2092.0, 2121.0) 
Voter 14: ID 302; Choice (1356.0, 2183.0, 192.0, 1889.0, 193.0, 1905.0, 2092.0, 191.0, 1347.0) 
Voter 15: ID 577; Choice (1356.0, 2183.0, 192.0, 1889.0, 193.0, 1905.0, 2092.0, 191.0, 1347.0) 
Voter 16: ID 600; Choice (2141.0, 1356.0, 2183.0, 192.0, 193.0, 1905.0, 2092.0, 2121.0, 191.0) 
Voter 17: ID 357; Choice (2141.0, 1356.0, 2183.0, 192.0, 193.0, 1905.0, 2092.0, 2121.0, 191.0) 
Voter 18: ID 288; Choice (1356.0, 2183.0, 192.0, 1889.0, 193.0, 1905.0, 2092.0, 191.0, 1347.0) 
Voter 19: ID 195; Choice (2141.0, 1356.0, 2183.0, 192.0, 193.0, 1905.0, 2092.0, 2121.0, 191.0) 
Voter 20: ID 697; Choice (1356.0, 2183.0, 192.0, 1889.0, 193.0, 1905.0, 2092.0, 191.0, 1347.0) 
Voter 21: ID 641; Choice (1356.0, 2183.0, 192.0, 1889.0, 193.0, 1905.0, 2092.0, 191.0, 1347.0) 
Voter 22: ID 134; Choice (1356.0, 2183.0, 192.0, 1889.0, 193.0, 1905.0, 2092.0, 191.0, 1347.0) 
Voter 23: ID 456; Choice (1356.0, 2183.0, 192.0, 1889.0, 193.0, 1905.0, 2092.0, 191.0, 1347.0) 
Voter 24: ID 639; Choice (1356.0, 2183.0, 192.0, 1889.0, 193.0, 1905.0, 2092.0, 191.0, 1347.0) 
Voter 25: ID 352; Choice (1356.0, 2183.0, 192.0, 1889.0, 193.0, 1905.0, 2092.0, 191.0, 1347.0) 
Voter 26: ID 469; Choice (1356.0, 2183.0, 192.0, 1889.0, 193.0, 1905.0, 2092.0, 191.0, 1347.0) 
Voter 27: ID 29; Choice (2141.0, 1356.0, 2183.0, 192.0, 193.0, 1905.0, 2092.0, 2121.0, 191.0) 
Voter 28: ID 167; Choice (1356.0, 2183.0, 433.0, 192.0, 1889.0, 193.0, 1347.0, 1905.0, 2092.0, 2121.0) 
Voter 29: ID 588; Choice (2141.0, 1356.0, 2183.0, 192.0, 1889.0, 193.0, 1905.0, 2121.0) 
Voter 30: ID 215; Choice (2141.0, 1356.0, 2183.0, 192.0, 193.0, 1905.0, 2092.0, 2121.0, 191.0) 
Voter 31: ID 514; Choice (1356.0, 2183.0, 192.0, 1889.0, 193.0, 1905.0, 2092.0, 191.0, 1347.0) 
Voter 32: ID 635; Choice (1356.0, 2183.0, 192.0, 1889.0, 193.0, 1905.0, 2092.0, 191.0, 1347.0) 
Voter 33: ID 111; Choice (2141.0, 1356.0, 2183.0, 192.0, 1889.0, 193.0, 1905.0, 2121.0) 
Voter 34: ID 67; Choice (1356.0, 2183.0, 192.0, 1889.0, 193.0, 1905.0, 2092.0, 191.0, 1347.0) 
Voter 35: ID 244; Choice (2141.0, 1356.0, 2183.0, 192.0, 1889.0, 193.0, 1905.0, 2121.0) 
Voter 36: ID 187; Choice (1356.0, 2183.0, 192.0, 1889.0, 193.0, 1905.0, 2092.0, 191.0, 1347.0) 
Voter 37: ID 495; Choice (1356.0, 2183.0, 433.0, 192.0, 1889.0, 193.0, 1347.0, 1905.0, 2092.0, 2121.0) 
Voter 38: ID 125; Choice (2141.0, 1356.0, 2183.0, 192.0, 193.0, 1905.0, 2092.0, 2121.0, 191.0) 
Voter 39: ID 412; Choice (2141.0, 1356.0, 2183.0, 192.0, 1889.0, 193.0, 1905.0, 2121.0) 
Voter 40: ID 297; Choice (1356.0, 2183.0, 192.0, 1889.0, 193.0, 1905.0, 2092.0, 191.0, 1347.0) 
Voter 41: ID 518; Choice (1356.0, 2183.0, 192.0, 1889.0, 193.0, 1905.0, 2092.0, 191.0, 1347.0) 
Voter 42: ID 571; Choice (2141.0, 1356.0, 2183.0, 192.0, 193.0, 1905.0, 2092.0, 2121.0, 191.0) 
Voter 43: ID 62; Choice (2141.0, 1356.0, 2183.0, 192.0, 193.0, 1905.0, 2092.0, 2121.0, 191.0) 
Voter 44: ID 149; Choice (1356.0, 2183.0, 192.0, 1889.0, 193.0, 1905.0, 2092.0, 191.0, 1347.0) 
Voter 45: ID 522; Choice (1356.0, 2183.0, 192.0, 1889.0, 193.0, 1905.0, 2092.0, 191.0, 1347.0) 
Voter 46: ID 280; Choice (2141.0, 1356.0, 2183.0, 192.0, 1889.0, 193.0, 1905.0, 2121.0) 
Voter 47: ID 534; Choice (2141.0, 1356.0, 2183.0, 192.0, 1889.0, 193.0, 1905.0, 2121.0) 
Voter 48: ID 562; Choice (1356.0, 2183.0, 192.0, 1889.0, 193.0, 1905.0, 2092.0, 191.0, 1347.0) 
Voter 49: ID 538; Choice (1356.0, 2183.0, 192.0, 1889.0, 193.0, 1905.0, 2092.0, 191.0, 1347.0) 
Voter 50: ID 133; Choice (2141.0, 1356.0, 2183.0, 192.0, 193.0, 1905.0, 2092.0, 2121.0, 191.0) 
---------------------------------------------------------------------------
After Iteration 7 :
Voter 1: ID 126; Choice (2141.0, 1356.0, 2183.0, 192.0, 1889.0, 193.0, 1905.0, 2121.0) 
Voter 2: ID 3; Choice (1356.0, 2183.0, 192.0, 1889.0, 193.0, 1905.0, 2092.0, 191.0, 1347.0) 
Voter 3: ID 643; Choice (2141.0, 1356.0, 2183.0, 192.0, 193.0, 1905.0, 2092.0, 2121.0, 191.0) 
Voter 4: ID 653; Choice (1356.0, 2183.0, 192.0, 1889.0, 193.0, 1905.0, 2092.0, 191.0, 1347.0) 
Voter 5: ID 304; Choice (2141.0, 1356.0, 2183.0, 192.0, 193.0, 1905.0, 2092.0, 2121.0, 191.0) 
Voter 6: ID 18; Choice (1356.0, 2183.0, 192.0, 1889.0, 1347.0, 1905.0, 2092.0, 2121.0, 191.0) 
Voter 7: ID 546; Choice (1356.0, 2183.0, 192.0, 1889.0, 193.0, 1905.0, 2092.0, 191.0, 1347.0) 
Voter 8: ID 132; Choice (1356.0, 2183.0, 192.0, 1889.0, 193.0, 1905.0, 2092.0, 191.0, 1347.0) 
Voter 9: ID 502; Choice (2141.0, 1356.0, 2183.0, 192.0, 193.0, 1905.0, 2092.0, 2121.0, 191.0) 
Voter 10: ID 347; Choice (1356.0, 2183.0, 433.0, 192.0, 1889.0, 193.0, 1347.0, 1905.0, 2092.0, 2121.0) 
Voter 11: ID 525; Choice (1356.0, 2183.0, 192.0, 1889.0, 193.0, 1905.0, 2092.0, 191.0, 1347.0) 
Voter 12: ID 682; Choice (1356.0, 2183.0, 192.0, 1889.0, 193.0, 1905.0, 2092.0, 191.0, 1347.0) 
Voter 13: ID 181; Choice (2141.0, 1356.0, 2183.0, 192.0, 193.0, 1905.0, 2092.0, 2121.0, 191.0) 
Voter 14: ID 302; Choice (2141.0, 1356.0, 2183.0, 192.0, 193.0, 1905.0, 2092.0, 2121.0, 191.0) 
Voter 15: ID 577; Choice (2141.0, 1356.0, 2183.0, 192.0, 193.0, 1905.0, 2092.0, 2121.0, 191.0) 
Voter 16: ID 600; Choice (2141.0, 1356.0, 2183.0, 192.0, 193.0, 1905.0, 2092.0, 2121.0, 191.0) 
Voter 17: ID 357; Choice (2141.0, 1356.0, 2183.0, 192.0, 193.0, 1905.0, 2092.0, 2121.0, 191.0) 
Voter 18: ID 288; Choice (2141.0, 1356.0, 2183.0, 192.0, 193.0, 1905.0, 2092.0, 2121.0, 191.0) 
Voter 19: ID 195; Choice (2141.0, 1356.0, 2183.0, 192.0, 193.0, 1905.0, 2092.0, 2121.0, 191.0) 
Voter 20: ID 697; Choice (1356.0, 2183.0, 192.0, 1889.0, 193.0, 1905.0, 2092.0, 191.0, 1347.0) 
Voter 21: ID 641; Choice (1356.0, 2183.0, 192.0, 1889.0, 193.0, 1905.0, 2092.0, 191.0, 1347.0) 
Voter 22: ID 134; Choice (2141.0, 1356.0, 2183.0, 192.0, 193.0, 1905.0, 2092.0, 2121.0, 191.0) 
Voter 23: ID 456; Choice (1356.0, 2183.0, 192.0, 1889.0, 193.0, 1905.0, 2092.0, 191.0, 1347.0) 
Voter 24: ID 639; Choice (2141.0, 1356.0, 2183.0, 192.0, 1889.0, 193.0, 1905.0, 2121.0) 
Voter 25: ID 352; Choice (1356.0, 2183.0, 192.0, 1889.0, 193.0, 1905.0, 2092.0, 191.0, 1347.0) 
Voter 26: ID 469; Choice (1356.0, 2183.0, 192.0, 1889.0, 193.0, 1905.0, 2092.0, 191.0, 1347.0) 
Voter 27: ID 29; Choice (1356.0, 2183.0, 192.0, 1889.0, 193.0, 1905.0, 2092.0, 191.0, 1347.0) 
Voter 28: ID 167; Choice (1356.0, 2183.0, 192.0, 1889.0, 193.0, 1905.0, 2092.0, 191.0, 1347.0) 
Voter 29: ID 588; Choice (1356.0, 2183.0, 192.0, 1889.0, 193.0, 1905.0, 2092.0, 191.0, 1347.0) 
Voter 30: ID 215; Choice (1356.0, 2183.0, 433.0, 192.0, 1889.0, 193.0, 1347.0, 1905.0, 2092.0, 2121.0) 
Voter 31: ID 514; Choice (1356.0, 2183.0, 192.0, 1889.0, 193.0, 1905.0, 2092.0, 191.0, 1347.0) 
Voter 32: ID 635; Choice (1356.0, 2183.0, 192.0, 1889.0, 1347.0, 1905.0, 2092.0, 2121.0, 191.0) 
Voter 33: ID 111; Choice (2141.0, 1356.0, 2183.0, 192.0, 193.0, 1905.0, 2092.0, 2121.0, 191.0) 
Voter 34: ID 67; Choice (2141.0, 1356.0, 2183.0, 192.0, 193.0, 1905.0, 2092.0, 2121.0, 191.0) 
Voter 35: ID 244; Choice (1356.0, 2183.0, 433.0, 192.0, 1889.0, 193.0, 1347.0, 1905.0, 2092.0, 2121.0) 
Voter 36: ID 187; Choice (1356.0, 2183.0, 192.0, 1889.0, 193.0, 1905.0, 2092.0, 191.0, 1347.0) 
Voter 37: ID 495; Choice (1356.0, 2183.0, 192.0, 1889.0, 193.0, 1905.0, 2092.0, 191.0, 1347.0) 
Voter 38: ID 125; Choice (2141.0, 1356.0, 2183.0, 192.0, 193.0, 1905.0, 2092.0, 2121.0, 191.0) 
Voter 39: ID 412; Choice (2141.0, 1356.0, 2183.0, 433.0, 192.0, 1889.0, 1347.0, 1905.0) 
Voter 40: ID 297; Choice (1356.0, 2183.0, 192.0, 1889.0, 193.0, 1905.0, 2092.0, 191.0, 1347.0) 
Voter 41: ID 518; Choice (1356.0, 2183.0, 192.0, 1889.0, 193.0, 1905.0, 2092.0, 191.0, 1347.0) 
Voter 42: ID 571; Choice (2141.0, 1356.0, 2183.0, 192.0, 193.0, 1905.0, 2092.0, 2121.0, 191.0) 
Voter 43: ID 62; Choice (2141.0, 1356.0, 2183.0, 192.0, 193.0, 1905.0, 2092.0, 2121.0, 191.0) 
Voter 44: ID 149; Choice (1356.0, 2183.0, 433.0, 192.0, 1889.0, 193.0, 1347.0, 1905.0, 2092.0, 2121.0) 
Voter 45: ID 522; Choice (1356.0, 2183.0, 192.0, 1889.0, 193.0, 1905.0, 2092.0, 191.0, 1347.0) 
Voter 46: ID 280; Choice (2141.0, 1356.0, 2183.0, 192.0, 1889.0, 193.0, 1905.0, 2121.0) 
Voter 47: ID 534; Choice (2141.0, 1356.0, 2183.0, 192.0, 193.0, 1905.0, 2092.0, 2121.0, 191.0) 
Voter 48: ID 562; Choice (2141.0, 1356.0, 2183.0, 192.0, 1889.0, 193.0, 1905.0, 2121.0) 
Voter 49: ID 538; Choice (1356.0, 2183.0, 192.0, 1889.0, 193.0, 1905.0, 2092.0, 191.0, 1347.0) 
Voter 50: ID 133; Choice (2141.0, 1356.0, 2183.0, 192.0, 193.0, 1905.0, 2092.0, 2121.0, 191.0) 
---------------------------------------------------------------------------
After Iteration 8 :
Voter 1: ID 126; Choice (1356.0, 2183.0, 192.0, 1889.0, 193.0, 1905.0, 2092.0, 191.0, 1347.0) 
Voter 2: ID 3; Choice (1356.0, 2183.0, 192.0, 1889.0, 193.0, 1905.0, 2092.0, 191.0, 1347.0) 
Voter 3: ID 643; Choice (2141.0, 1356.0, 2183.0, 192.0, 1889.0, 193.0, 1905.0, 2121.0) 
Voter 4: ID 653; Choice (1356.0, 2183.0, 192.0, 1889.0, 193.0, 1905.0, 2092.0, 191.0, 1347.0) 
Voter 5: ID 304; Choice (1356.0, 2183.0, 192.0, 1889.0, 193.0, 1905.0, 2092.0, 191.0, 1347.0) 
Voter 6: ID 18; Choice (1356.0, 2183.0, 192.0, 1889.0, 193.0, 1905.0, 2092.0, 191.0, 1347.0) 
Voter 7: ID 546; Choice (1356.0, 2183.0, 192.0, 1889.0, 193.0, 1905.0, 2092.0, 191.0, 1347.0) 
Voter 8: ID 132; Choice (1356.0, 2183.0, 192.0, 1889.0, 193.0, 1905.0, 2092.0, 191.0, 1347.0) 
Voter 9: ID 502; Choice (1356.0, 2183.0, 192.0, 1889.0, 193.0, 1905.0, 2092.0, 191.0, 1347.0) 
Voter 10: ID 347; Choice (1356.0, 2183.0, 433.0, 192.0, 1889.0, 193.0, 1347.0, 1905.0, 2092.0, 2121.0) 
Voter 11: ID 525; Choice (1356.0, 2183.0, 192.0, 1889.0, 193.0, 1905.0, 2092.0, 191.0, 1347.0) 
Voter 12: ID 682; Choice (1356.0, 2183.0, 192.0, 1889.0, 193.0, 1905.0, 2092.0, 191.0, 1347.0) 
Voter 13: ID 181; Choice (1356.0, 2183.0, 192.0, 1889.0, 193.0, 1905.0, 2092.0, 191.0, 1347.0) 
Voter 14: ID 302; Choice (1356.0, 2183.0, 192.0, 1889.0, 193.0, 1905.0, 2092.0, 191.0, 1347.0) 
Voter 15: ID 577; Choice (1356.0, 2183.0, 192.0, 1889.0, 193.0, 1905.0, 2092.0, 191.0, 1347.0) 
Voter 16: ID 600; Choice (1356.0, 2183.0, 192.0, 1889.0, 193.0, 1905.0, 2092.0, 191.0, 1347.0) 
Voter 17: ID 357; Choice (2141.0, 1356.0, 2183.0, 192.0, 193.0, 1905.0, 2092.0, 2121.0, 191.0) 
Voter 18: ID 288; Choice (1356.0, 2183.0, 192.0, 1889.0, 193.0, 1905.0, 2092.0, 191.0, 1347.0) 
Voter 19: ID 195; Choice (1356.0, 2183.0, 192.0, 1889.0, 193.0, 1905.0, 2092.0, 191.0, 1347.0) 
Voter 20: ID 697; Choice (1356.0, 2183.0, 192.0, 1889.0, 193.0, 1905.0, 2092.0, 191.0, 1347.0) 
Voter 21: ID 641; Choice (1356.0, 2183.0, 192.0, 1889.0, 193.0, 1905.0, 2092.0, 191.0, 1347.0) 
Voter 22: ID 134; Choice (1356.0, 2183.0, 192.0, 1889.0, 193.0, 1905.0, 2092.0, 191.0, 1347.0) 
Voter 23: ID 456; Choice (1356.0, 2183.0, 192.0, 1889.0, 193.0, 1905.0, 2092.0, 191.0, 1347.0) 
Voter 24: ID 639; Choice (2141.0, 1356.0, 2183.0, 192.0, 193.0, 1905.0, 2092.0, 2121.0, 191.0) 
Voter 25: ID 352; Choice (2141.0, 1356.0, 2183.0, 192.0, 1889.0, 193.0, 1905.0, 2121.0) 
Voter 26: ID 469; Choice (1356.0, 2183.0, 192.0, 1889.0, 193.0, 1905.0, 2092.0, 191.0, 1347.0) 
Voter 27: ID 29; Choice (1356.0, 2183.0, 192.0, 1889.0, 193.0, 1905.0, 2092.0, 191.0, 1347.0) 
Voter 28: ID 167; Choice (2141.0, 1356.0, 2183.0, 192.0, 1889.0, 193.0, 1905.0, 2121.0) 
Voter 29: ID 588; Choice (1356.0, 2183.0, 192.0, 1889.0, 193.0, 1905.0, 2092.0, 191.0, 1347.0) 
Voter 30: ID 215; Choice (2141.0, 1356.0, 2183.0, 192.0, 193.0, 1905.0, 2092.0, 2121.0, 191.0) 
Voter 31: ID 514; Choice (2141.0, 1356.0, 2183.0, 192.0, 193.0, 1905.0, 2092.0, 2121.0, 191.0) 
Voter 32: ID 635; Choice (1356.0, 2183.0, 192.0, 1889.0, 193.0, 1905.0, 2092.0, 191.0, 1347.0) 
Voter 33: ID 111; Choice (1356.0, 2183.0, 192.0, 1889.0, 193.0, 1905.0, 2092.0, 191.0, 1347.0) 
Voter 34: ID 67; Choice (1356.0, 2183.0, 192.0, 1889.0, 193.0, 1905.0, 2092.0, 191.0, 1347.0) 
Voter 35: ID 244; Choice (1356.0, 2183.0, 192.0, 1889.0, 193.0, 1905.0, 2092.0, 191.0, 1347.0) 
Voter 36: ID 187; Choice (1356.0, 2183.0, 192.0, 1889.0, 193.0, 1905.0, 2092.0, 191.0, 1347.0) 
Voter 37: ID 495; Choice (1356.0, 2183.0, 192.0, 1889.0, 193.0, 1905.0, 2092.0, 191.0, 1347.0) 
Voter 38: ID 125; Choice (2141.0, 1356.0, 2183.0, 192.0, 193.0, 1905.0, 2092.0, 2121.0, 191.0) 
Voter 39: ID 412; Choice (1356.0, 2183.0, 192.0, 1889.0, 193.0, 1905.0, 2092.0, 191.0, 1347.0) 
Voter 40: ID 297; Choice (1356.0, 2183.0, 192.0, 1889.0, 193.0, 1905.0, 2092.0, 191.0, 1347.0) 
Voter 41: ID 518; Choice (1356.0, 2183.0, 192.0, 1889.0, 1347.0, 1905.0, 2092.0, 2121.0, 191.0) 
Voter 42: ID 571; Choice (2141.0, 1356.0, 2183.0, 192.0, 193.0, 1905.0, 2092.0, 2121.0, 191.0) 
Voter 43: ID 62; Choice (1356.0, 2183.0, 192.0, 1889.0, 193.0, 1905.0, 2092.0, 191.0, 1347.0) 
Voter 44: ID 149; Choice (1356.0, 2183.0, 192.0, 1889.0, 193.0, 1905.0, 2092.0, 191.0, 1347.0) 
Voter 45: ID 522; Choice (2141.0, 1356.0, 2183.0, 192.0, 1889.0, 193.0, 1905.0, 2121.0) 
Voter 46: ID 280; Choice (2141.0, 1356.0, 2183.0, 192.0, 193.0, 1905.0, 2092.0, 2121.0, 191.0) 
Voter 47: ID 534; Choice (1356.0, 2183.0, 192.0, 1889.0, 193.0, 1905.0, 2092.0, 191.0, 1347.0) 
Voter 48: ID 562; Choice (1356.0, 2183.0, 192.0, 1889.0, 193.0, 1905.0, 2092.0, 191.0, 1347.0) 
Voter 49: ID 538; Choice (1356.0, 2183.0, 192.0, 1889.0, 193.0, 1905.0, 2092.0, 191.0, 1347.0) 
Voter 50: ID 133; Choice (2141.0, 1356.0, 2183.0, 192.0, 193.0, 1905.0, 2092.0, 2121.0, 191.0) 
---------------------------------------------------------------------------
After Iteration 9 :
Voter 1: ID 126; Choice (1356.0, 2183.0, 192.0, 1889.0, 193.0, 1905.0, 2092.0, 191.0, 1347.0) 
Voter 2: ID 3; Choice (1356.0, 2183.0, 192.0, 1889.0, 193.0, 1905.0, 2092.0, 191.0, 1347.0) 
Voter 3: ID 643; Choice (1356.0, 2183.0, 192.0, 1889.0, 193.0, 1905.0, 2092.0, 191.0, 1347.0) 
Voter 4: ID 653; Choice (1356.0, 2183.0, 192.0, 1889.0, 193.0, 1905.0, 2092.0, 191.0, 1347.0) 
Voter 5: ID 304; Choice (2141.0, 1356.0, 2183.0, 192.0, 193.0, 1905.0, 2092.0, 2121.0, 191.0) 
Voter 6: ID 18; Choice (1356.0, 2183.0, 192.0, 1889.0, 193.0, 1905.0, 2092.0, 191.0, 1347.0) 
Voter 7: ID 546; Choice (1356.0, 2183.0, 192.0, 1889.0, 193.0, 1905.0, 2092.0, 191.0, 1347.0) 
Voter 8: ID 132; Choice (1356.0, 2183.0, 192.0, 1889.0, 193.0, 1905.0, 2092.0, 191.0, 1347.0) 
Voter 9: ID 502; Choice (1356.0, 2183.0, 192.0, 1889.0, 193.0, 1905.0, 2092.0, 191.0, 1347.0) 
Voter 10: ID 347; Choice (1356.0, 2183.0, 192.0, 1889.0, 193.0, 1905.0, 2092.0, 191.0, 1347.0) 
Voter 11: ID 525; Choice (1356.0, 2183.0, 192.0, 1889.0, 193.0, 1905.0, 2092.0, 191.0, 1347.0) 
Voter 12: ID 682; Choice (1356.0, 2183.0, 192.0, 1889.0, 193.0, 1905.0, 2092.0, 191.0, 1347.0) 
Voter 13: ID 181; Choice (1356.0, 2183.0, 192.0, 1889.0, 193.0, 1905.0, 2092.0, 191.0, 1347.0) 
Voter 14: ID 302; Choice (1356.0, 2183.0, 192.0, 1889.0, 193.0, 1905.0, 2092.0, 191.0, 1347.0) 
Voter 15: ID 577; Choice (1356.0, 2183.0, 192.0, 1889.0, 193.0, 1905.0, 2092.0, 191.0, 1347.0) 
Voter 16: ID 600; Choice (1356.0, 2183.0, 192.0, 1889.0, 193.0, 1905.0, 2092.0, 191.0, 1347.0) 
Voter 17: ID 357; Choice (1356.0, 2183.0, 433.0, 192.0, 1889.0, 193.0, 1347.0, 1905.0, 2092.0, 2121.0) 
Voter 18: ID 288; Choice (1356.0, 2183.0, 192.0, 1889.0, 193.0, 1905.0, 2092.0, 191.0, 1347.0) 
Voter 19: ID 195; Choice (1356.0, 2183.0, 192.0, 1889.0, 193.0, 1905.0, 2092.0, 191.0, 1347.0) 
Voter 20: ID 697; Choice (1356.0, 2183.0, 192.0, 1889.0, 193.0, 1905.0, 2092.0, 191.0, 1347.0) 
Voter 21: ID 641; Choice (1356.0, 2183.0, 192.0, 1889.0, 193.0, 1905.0, 2092.0, 191.0, 1347.0) 
Voter 22: ID 134; Choice (1356.0, 2183.0, 192.0, 1889.0, 193.0, 1905.0, 2092.0, 191.0, 1347.0) 
Voter 23: ID 456; Choice (1356.0, 2183.0, 192.0, 1889.0, 193.0, 1905.0, 2092.0, 191.0, 1347.0) 
Voter 24: ID 639; Choice (1356.0, 2183.0, 433.0, 192.0, 1889.0, 193.0, 1347.0, 1905.0, 2092.0, 2121.0) 
Voter 25: ID 352; Choice (1356.0, 2183.0, 192.0, 1889.0, 193.0, 1905.0, 2092.0, 191.0, 1347.0) 
Voter 26: ID 469; Choice (1356.0, 2183.0, 192.0, 1889.0, 193.0, 1905.0, 2092.0, 191.0, 1347.0) 
Voter 27: ID 29; Choice (1356.0, 2183.0, 192.0, 1889.0, 193.0, 1905.0, 2092.0, 191.0, 1347.0) 
Voter 28: ID 167; Choice (1356.0, 2183.0, 192.0, 1889.0, 193.0, 1905.0, 2092.0, 191.0, 1347.0) 
Voter 29: ID 588; Choice (1356.0, 2183.0, 192.0, 1889.0, 193.0, 1905.0, 2092.0, 191.0, 1347.0) 
Voter 30: ID 215; Choice (2141.0, 1356.0, 2183.0, 192.0, 1889.0, 193.0, 1905.0, 2121.0) 
Voter 31: ID 514; Choice (1356.0, 2183.0, 192.0, 1889.0, 193.0, 1905.0, 2092.0, 191.0, 1347.0) 
Voter 32: ID 635; Choice (1356.0, 2183.0, 192.0, 1889.0, 193.0, 1905.0, 2092.0, 191.0, 1347.0) 
Voter 33: ID 111; Choice (1356.0, 2183.0, 192.0, 1889.0, 193.0, 1905.0, 2092.0, 191.0, 1347.0) 
Voter 34: ID 67; Choice (1356.0, 2183.0, 192.0, 1889.0, 193.0, 1905.0, 2092.0, 191.0, 1347.0) 
Voter 35: ID 244; Choice (1356.0, 2183.0, 192.0, 1889.0, 193.0, 1905.0, 2092.0, 191.0, 1347.0) 
Voter 36: ID 187; Choice (1356.0, 2183.0, 192.0, 1889.0, 193.0, 1905.0, 2092.0, 191.0, 1347.0) 
Voter 37: ID 495; Choice (1356.0, 2183.0, 192.0, 1889.0, 193.0, 1905.0, 2092.0, 191.0, 1347.0) 
Voter 38: ID 125; Choice (2141.0, 1356.0, 2183.0, 192.0, 193.0, 1905.0, 2092.0, 2121.0, 191.0) 
Voter 39: ID 412; Choice (1356.0, 2183.0, 192.0, 1889.0, 193.0, 1905.0, 2092.0, 191.0, 1347.0) 
Voter 40: ID 297; Choice (1356.0, 2183.0, 192.0, 1889.0, 193.0, 1905.0, 2092.0, 191.0, 1347.0) 
Voter 41: ID 518; Choice (1356.0, 2183.0, 192.0, 1889.0, 193.0, 1905.0, 2092.0, 191.0, 1347.0) 
Voter 42: ID 571; Choice (1356.0, 2183.0, 433.0, 192.0, 1889.0, 193.0, 1347.0, 1905.0, 2092.0, 2121.0) 
Voter 43: ID 62; Choice (1356.0, 2183.0, 192.0, 1889.0, 193.0, 1905.0, 2092.0, 191.0, 1347.0) 
Voter 44: ID 149; Choice (1356.0, 2183.0, 192.0, 1889.0, 193.0, 1905.0, 2092.0, 191.0, 1347.0) 
Voter 45: ID 522; Choice (2141.0, 1356.0, 2183.0, 192.0, 193.0, 1905.0, 2092.0, 2121.0, 191.0) 
Voter 46: ID 280; Choice (2141.0, 1356.0, 2183.0, 192.0, 1889.0, 193.0, 1905.0, 2121.0) 
Voter 47: ID 534; Choice (1356.0, 2183.0, 192.0, 1889.0, 193.0, 1905.0, 2092.0, 191.0, 1347.0) 
Voter 48: ID 562; Choice (1356.0, 2183.0, 192.0, 1889.0, 193.0, 1905.0, 2092.0, 191.0, 1347.0) 
Voter 49: ID 538; Choice (1356.0, 2183.0, 192.0, 1889.0, 193.0, 1905.0, 2092.0, 191.0, 1347.0) 
Voter 50: ID 133; Choice (2141.0, 1356.0, 2183.0, 192.0, 193.0, 1905.0, 2092.0, 2121.0, 191.0) 
---------------------------------------------------------------------------
After Iteration 10 :
Voter 1: ID 126; Choice (1356.0, 2183.0, 192.0, 1889.0, 193.0, 1905.0, 2092.0, 191.0, 1347.0) 
Voter 2: ID 3; Choice (1356.0, 2183.0, 192.0, 1889.0, 193.0, 1905.0, 2092.0, 191.0, 1347.0) 
Voter 3: ID 643; Choice (1356.0, 2183.0, 192.0, 1889.0, 193.0, 1905.0, 2092.0, 191.0, 1347.0) 
Voter 4: ID 653; Choice (1356.0, 2183.0, 192.0, 1889.0, 193.0, 1905.0, 2092.0, 191.0, 1347.0) 
Voter 5: ID 304; Choice (1356.0, 2183.0, 192.0, 1889.0, 193.0, 1905.0, 2092.0, 191.0, 1347.0) 
Voter 6: ID 18; Choice (1356.0, 2183.0, 192.0, 1889.0, 193.0, 1905.0, 2092.0, 191.0, 1347.0) 
Voter 7: ID 546; Choice (1356.0, 2183.0, 192.0, 1889.0, 193.0, 1905.0, 2092.0, 191.0, 1347.0) 
Voter 8: ID 132; Choice (1356.0, 2183.0, 192.0, 1889.0, 193.0, 1905.0, 2092.0, 191.0, 1347.0) 
Voter 9: ID 502; Choice (1356.0, 2183.0, 192.0, 1889.0, 193.0, 1905.0, 2092.0, 191.0, 1347.0) 
Voter 10: ID 347; Choice (1356.0, 2183.0, 192.0, 1889.0, 193.0, 1905.0, 2092.0, 191.0, 1347.0) 
Voter 11: ID 525; Choice (1356.0, 2183.0, 192.0, 1889.0, 193.0, 1905.0, 2092.0, 191.0, 1347.0) 
Voter 12: ID 682; Choice (1356.0, 2183.0, 192.0, 1889.0, 193.0, 1905.0, 2092.0, 191.0, 1347.0) 
Voter 13: ID 181; Choice (1356.0, 2183.0, 192.0, 1889.0, 193.0, 1905.0, 2092.0, 191.0, 1347.0) 
Voter 14: ID 302; Choice (2141.0, 1356.0, 2183.0, 433.0, 192.0, 1889.0, 1347.0, 2092.0) 
Voter 15: ID 577; Choice (1356.0, 2183.0, 192.0, 1889.0, 193.0, 1905.0, 2092.0, 191.0, 1347.0) 
Voter 16: ID 600; Choice (1356.0, 2183.0, 192.0, 1889.0, 193.0, 1905.0, 2092.0, 191.0, 1347.0) 
Voter 17: ID 357; Choice (2141.0, 1356.0, 2183.0, 192.0, 193.0, 1905.0, 2092.0, 2121.0, 191.0) 
Voter 18: ID 288; Choice (1356.0, 2183.0, 192.0, 1889.0, 193.0, 1905.0, 2092.0, 191.0, 1347.0) 
Voter 19: ID 195; Choice (1356.0, 2183.0, 192.0, 1889.0, 193.0, 1905.0, 2092.0, 191.0, 1347.0) 
Voter 20: ID 697; Choice (1356.0, 2183.0, 192.0, 1889.0, 193.0, 1905.0, 2092.0, 191.0, 1347.0) 
Voter 21: ID 641; Choice (1356.0, 2183.0, 192.0, 1889.0, 193.0, 1905.0, 2092.0, 191.0, 1347.0) 
Voter 22: ID 134; Choice (1356.0, 2183.0, 192.0, 1889.0, 193.0, 1905.0, 2092.0, 191.0, 1347.0) 
Voter 23: ID 456; Choice (1356.0, 2183.0, 192.0, 1889.0, 193.0, 1905.0, 2092.0, 191.0, 1347.0) 
Voter 24: ID 639; Choice (2141.0, 1356.0, 2183.0, 192.0, 193.0, 1905.0, 2092.0, 2121.0, 191.0) 
Voter 25: ID 352; Choice (1356.0, 2183.0, 192.0, 1889.0, 193.0, 1905.0, 2092.0, 191.0, 1347.0) 
Voter 26: ID 469; Choice (1356.0, 2183.0, 192.0, 1889.0, 193.0, 1905.0, 2092.0, 191.0, 1347.0) 
Voter 27: ID 29; Choice (1356.0, 2183.0, 192.0, 1889.0, 193.0, 1905.0, 2092.0, 191.0, 1347.0) 
Voter 28: ID 167; Choice (1356.0, 2183.0, 192.0, 1889.0, 193.0, 1905.0, 2092.0, 191.0, 1347.0) 
Voter 29: ID 588; Choice (1356.0, 2183.0, 192.0, 1889.0, 193.0, 1905.0, 2092.0, 191.0, 1347.0) 
Voter 30: ID 215; Choice (1356.0, 2183.0, 192.0, 1889.0, 193.0, 1905.0, 2092.0, 191.0, 1347.0) 
Voter 31: ID 514; Choice (1356.0, 2183.0, 192.0, 1889.0, 193.0, 1905.0, 2092.0, 191.0, 1347.0) 
Voter 32: ID 635; Choice (1356.0, 2183.0, 192.0, 1889.0, 193.0, 1905.0, 2092.0, 191.0, 1347.0) 
Voter 33: ID 111; Choice (1356.0, 2183.0, 192.0, 1889.0, 193.0, 1905.0, 2092.0, 191.0, 1347.0) 
Voter 34: ID 67; Choice (1356.0, 2183.0, 192.0, 1889.0, 193.0, 1905.0, 2092.0, 191.0, 1347.0) 
Voter 35: ID 244; Choice (1356.0, 2183.0, 192.0, 1889.0, 193.0, 1905.0, 2092.0, 191.0, 1347.0) 
Voter 36: ID 187; Choice (1356.0, 2183.0, 192.0, 1889.0, 193.0, 1905.0, 2092.0, 191.0, 1347.0) 
Voter 37: ID 495; Choice (1356.0, 2183.0, 192.0, 1889.0, 193.0, 1905.0, 2092.0, 191.0, 1347.0) 
Voter 38: ID 125; Choice (1356.0, 2183.0, 192.0, 1889.0, 193.0, 1905.0, 2092.0, 191.0, 1347.0) 
Voter 39: ID 412; Choice (1356.0, 2183.0, 192.0, 1889.0, 193.0, 1905.0, 2092.0, 191.0, 1347.0) 
Voter 40: ID 297; Choice (1356.0, 2183.0, 192.0, 1889.0, 193.0, 1905.0, 2092.0, 191.0, 1347.0) 
Voter 41: ID 518; Choice (1356.0, 2183.0, 192.0, 1889.0, 193.0, 1905.0, 2092.0, 191.0, 1347.0) 
Voter 42: ID 571; Choice (2141.0, 1356.0, 2183.0, 192.0, 1889.0, 193.0, 1905.0, 2121.0) 
Voter 43: ID 62; Choice (1356.0, 2183.0, 192.0, 1889.0, 193.0, 1905.0, 2092.0, 191.0, 1347.0) 
Voter 44: ID 149; Choice (1356.0, 2183.0, 192.0, 1889.0, 193.0, 1905.0, 2092.0, 191.0, 1347.0) 
Voter 45: ID 522; Choice (1356.0, 2183.0, 192.0, 1889.0, 193.0, 1905.0, 2092.0, 191.0, 1347.0) 
Voter 46: ID 280; Choice (1356.0, 2183.0, 192.0, 1889.0, 193.0, 1905.0, 2092.0, 191.0, 1347.0) 
Voter 47: ID 534; Choice (1356.0, 2183.0, 192.0, 1889.0, 193.0, 1905.0, 2092.0, 191.0, 1347.0) 
Voter 48: ID 562; Choice (1356.0, 2183.0, 192.0, 1889.0, 193.0, 1905.0, 2092.0, 191.0, 1347.0) 
Voter 49: ID 538; Choice (1356.0, 2183.0, 192.0, 1889.0, 193.0, 1905.0, 2092.0, 191.0, 1347.0) 
Voter 50: ID 133; Choice (1356.0, 2183.0, 192.0, 1889.0, 193.0, 1905.0, 2092.0, 191.0, 1347.0) 
---------------------------------------------------------------------------
After Iteration 11 :
Voter 1: ID 126; Choice (1356.0, 2183.0, 192.0, 1889.0, 193.0, 1905.0, 2092.0, 191.0, 1347.0) 
Voter 2: ID 3; Choice (1356.0, 2183.0, 192.0, 1889.0, 193.0, 1905.0, 2092.0, 191.0, 1347.0) 
Voter 3: ID 643; Choice (1356.0, 2183.0, 192.0, 1889.0, 193.0, 1905.0, 2092.0, 191.0, 1347.0) 
Voter 4: ID 653; Choice (1356.0, 2183.0, 192.0, 1889.0, 193.0, 1905.0, 2092.0, 191.0, 1347.0) 
Voter 5: ID 304; Choice (2141.0, 1356.0, 2183.0, 192.0, 193.0, 1905.0, 2092.0, 2121.0, 191.0) 
Voter 6: ID 18; Choice (1356.0, 2183.0, 192.0, 1889.0, 193.0, 1905.0, 2092.0, 191.0, 1347.0) 
Voter 7: ID 546; Choice (1356.0, 2183.0, 192.0, 1889.0, 193.0, 1905.0, 2092.0, 191.0, 1347.0) 
Voter 8: ID 132; Choice (1356.0, 2183.0, 192.0, 1889.0, 193.0, 1905.0, 2092.0, 191.0, 1347.0) 
Voter 9: ID 502; Choice (1356.0, 2183.0, 192.0, 1889.0, 193.0, 1905.0, 2092.0, 191.0, 1347.0) 
Voter 10: ID 347; Choice (1356.0, 2183.0, 192.0, 1889.0, 193.0, 1905.0, 2092.0, 191.0, 1347.0) 
Voter 11: ID 525; Choice (1356.0, 2183.0, 192.0, 1889.0, 193.0, 1905.0, 2092.0, 191.0, 1347.0) 
Voter 12: ID 682; Choice (1356.0, 2183.0, 192.0, 1889.0, 193.0, 1905.0, 2092.0, 191.0, 1347.0) 
Voter 13: ID 181; Choice (1356.0, 2183.0, 192.0, 1889.0, 193.0, 1905.0, 2092.0, 191.0, 1347.0) 
Voter 14: ID 302; Choice (1356.0, 2183.0, 192.0, 1889.0, 193.0, 1905.0, 2092.0, 191.0, 1347.0) 
Voter 15: ID 577; Choice (1356.0, 2183.0, 192.0, 1889.0, 193.0, 1905.0, 2092.0, 191.0, 1347.0) 
Voter 16: ID 600; Choice (1356.0, 2183.0, 192.0, 1889.0, 193.0, 1905.0, 2092.0, 191.0, 1347.0) 
Voter 17: ID 357; Choice (1356.0, 2183.0, 192.0, 1889.0, 193.0, 1905.0, 2092.0, 191.0, 1347.0) 
Voter 18: ID 288; Choice (1356.0, 2183.0, 192.0, 1889.0, 193.0, 1905.0, 2092.0, 191.0, 1347.0) 
Voter 19: ID 195; Choice (1356.0, 2183.0, 192.0, 1889.0, 193.0, 1905.0, 2092.0, 191.0, 1347.0) 
Voter 20: ID 697; Choice (1356.0, 2183.0, 192.0, 1889.0, 193.0, 1905.0, 2092.0, 191.0, 1347.0) 
Voter 21: ID 641; Choice (1356.0, 2183.0, 192.0, 1889.0, 193.0, 1905.0, 2092.0, 191.0, 1347.0) 
Voter 22: ID 134; Choice (1356.0, 2183.0, 192.0, 1889.0, 193.0, 1905.0, 2092.0, 191.0, 1347.0) 
Voter 23: ID 456; Choice (1356.0, 2183.0, 192.0, 1889.0, 193.0, 1905.0, 2092.0, 191.0, 1347.0) 
Voter 24: ID 639; Choice (1356.0, 2183.0, 192.0, 1889.0, 193.0, 1905.0, 2092.0, 191.0, 1347.0) 
Voter 25: ID 352; Choice (1356.0, 2183.0, 192.0, 1889.0, 193.0, 1905.0, 2092.0, 191.0, 1347.0) 
Voter 26: ID 469; Choice (1356.0, 2183.0, 192.0, 1889.0, 193.0, 1905.0, 2092.0, 191.0, 1347.0) 
Voter 27: ID 29; Choice (1356.0, 2183.0, 192.0, 1889.0, 193.0, 1905.0, 2092.0, 191.0, 1347.0) 
Voter 28: ID 167; Choice (1356.0, 2183.0, 192.0, 1889.0, 193.0, 1905.0, 2092.0, 191.0, 1347.0) 
Voter 29: ID 588; Choice (1356.0, 2183.0, 192.0, 1889.0, 193.0, 1905.0, 2092.0, 191.0, 1347.0) 
Voter 30: ID 215; Choice (1356.0, 2183.0, 192.0, 1889.0, 193.0, 1905.0, 2092.0, 191.0, 1347.0) 
Voter 31: ID 514; Choice (1356.0, 2183.0, 192.0, 1889.0, 193.0, 1905.0, 2092.0, 191.0, 1347.0) 
Voter 32: ID 635; Choice (1356.0, 2183.0, 192.0, 1889.0, 193.0, 1905.0, 2092.0, 191.0, 1347.0) 
Voter 33: ID 111; Choice (1356.0, 2183.0, 192.0, 1889.0, 193.0, 1905.0, 2092.0, 191.0, 1347.0) 
Voter 34: ID 67; Choice (1356.0, 2183.0, 192.0, 1889.0, 193.0, 1905.0, 2092.0, 191.0, 1347.0) 
Voter 35: ID 244; Choice (1356.0, 2183.0, 192.0, 1889.0, 193.0, 1905.0, 2092.0, 191.0, 1347.0) 
Voter 36: ID 187; Choice (1356.0, 2183.0, 192.0, 1889.0, 193.0, 1905.0, 2092.0, 191.0, 1347.0) 
Voter 37: ID 495; Choice (1356.0, 2183.0, 192.0, 1889.0, 193.0, 1905.0, 2092.0, 191.0, 1347.0) 
Voter 38: ID 125; Choice (1356.0, 2183.0, 192.0, 1889.0, 193.0, 1905.0, 2092.0, 191.0, 1347.0) 
Voter 39: ID 412; Choice (1356.0, 2183.0, 192.0, 1889.0, 193.0, 1905.0, 2092.0, 191.0, 1347.0) 
Voter 40: ID 297; Choice (1356.0, 2183.0, 192.0, 1889.0, 193.0, 1905.0, 2092.0, 191.0, 1347.0) 
Voter 41: ID 518; Choice (1356.0, 2183.0, 192.0, 1889.0, 193.0, 1905.0, 2092.0, 191.0, 1347.0) 
Voter 42: ID 571; Choice (1356.0, 2183.0, 433.0, 192.0, 1889.0, 193.0, 1347.0, 1905.0, 2092.0, 2121.0) 
Voter 43: ID 62; Choice (1356.0, 2183.0, 192.0, 1889.0, 193.0, 1905.0, 2092.0, 191.0, 1347.0) 
Voter 44: ID 149; Choice (1356.0, 2183.0, 192.0, 1889.0, 193.0, 1905.0, 2092.0, 191.0, 1347.0) 
Voter 45: ID 522; Choice (1356.0, 2183.0, 192.0, 1889.0, 193.0, 1905.0, 2092.0, 191.0, 1347.0) 
Voter 46: ID 280; Choice (1356.0, 2183.0, 192.0, 1889.0, 193.0, 1905.0, 2092.0, 191.0, 1347.0) 
Voter 47: ID 534; Choice (1356.0, 2183.0, 192.0, 1889.0, 193.0, 1905.0, 2092.0, 191.0, 1347.0) 
Voter 48: ID 562; Choice (1356.0, 2183.0, 192.0, 1889.0, 193.0, 1905.0, 2092.0, 191.0, 1347.0) 
Voter 49: ID 538; Choice (1356.0, 2183.0, 192.0, 1889.0, 193.0, 1905.0, 2092.0, 191.0, 1347.0) 
Voter 50: ID 133; Choice (1356.0, 2183.0, 192.0, 1889.0, 193.0, 1905.0, 2092.0, 191.0, 1347.0) 
---------------------------------------------------------------------------
After Iteration 12 :
Voter 1: ID 126; Choice (1356.0, 2183.0, 192.0, 1889.0, 193.0, 1905.0, 2092.0, 191.0, 1347.0) 
Voter 2: ID 3; Choice (1356.0, 2183.0, 192.0, 1889.0, 193.0, 1905.0, 2092.0, 191.0, 1347.0) 
Voter 3: ID 643; Choice (1356.0, 2183.0, 192.0, 1889.0, 193.0, 1905.0, 2092.0, 191.0, 1347.0) 
Voter 4: ID 653; Choice (1356.0, 2183.0, 192.0, 1889.0, 193.0, 1905.0, 2092.0, 191.0, 1347.0) 
Voter 5: ID 304; Choice (1356.0, 2183.0, 192.0, 1889.0, 193.0, 1905.0, 2092.0, 191.0, 1347.0) 
Voter 6: ID 18; Choice (1356.0, 2183.0, 192.0, 1889.0, 193.0, 1905.0, 2092.0, 191.0, 1347.0) 
Voter 7: ID 546; Choice (1356.0, 2183.0, 192.0, 1889.0, 193.0, 1905.0, 2092.0, 191.0, 1347.0) 
Voter 8: ID 132; Choice (1356.0, 2183.0, 192.0, 1889.0, 193.0, 1905.0, 2092.0, 191.0, 1347.0) 
Voter 9: ID 502; Choice (1356.0, 2183.0, 192.0, 1889.0, 193.0, 1905.0, 2092.0, 191.0, 1347.0) 
Voter 10: ID 347; Choice (1356.0, 2183.0, 192.0, 1889.0, 193.0, 1905.0, 2092.0, 191.0, 1347.0) 
Voter 11: ID 525; Choice (1356.0, 2183.0, 192.0, 1889.0, 193.0, 1905.0, 2092.0, 191.0, 1347.0) 
Voter 12: ID 682; Choice (1356.0, 2183.0, 192.0, 1889.0, 193.0, 1905.0, 2092.0, 191.0, 1347.0) 
Voter 13: ID 181; Choice (1356.0, 2183.0, 192.0, 1889.0, 193.0, 1905.0, 2092.0, 191.0, 1347.0) 
Voter 14: ID 302; Choice (1356.0, 2183.0, 192.0, 1889.0, 193.0, 1905.0, 2092.0, 191.0, 1347.0) 
Voter 15: ID 577; Choice (2141.0, 1356.0, 192.0, 1889.0, 193.0, 1347.0, 1905.0, 2092.0, 2121.0) 
Voter 16: ID 600; Choice (1356.0, 2183.0, 192.0, 1889.0, 193.0, 1905.0, 2092.0, 191.0, 1347.0) 
Voter 17: ID 357; Choice (1356.0, 2183.0, 192.0, 1889.0, 193.0, 1905.0, 2092.0, 191.0, 1347.0) 
Voter 18: ID 288; Choice (1356.0, 2183.0, 192.0, 1889.0, 193.0, 1905.0, 2092.0, 191.0, 1347.0) 
Voter 19: ID 195; Choice (1356.0, 2183.0, 192.0, 1889.0, 193.0, 1905.0, 2092.0, 191.0, 1347.0) 
Voter 20: ID 697; Choice (1356.0, 2183.0, 192.0, 1889.0, 193.0, 1905.0, 2092.0, 191.0, 1347.0) 
Voter 21: ID 641; Choice (1356.0, 2183.0, 192.0, 1889.0, 193.0, 1905.0, 2092.0, 191.0, 1347.0) 
Voter 22: ID 134; Choice (1356.0, 2183.0, 192.0, 1889.0, 193.0, 1905.0, 2092.0, 191.0, 1347.0) 
Voter 23: ID 456; Choice (1356.0, 2183.0, 192.0, 1889.0, 193.0, 1905.0, 2092.0, 191.0, 1347.0) 
Voter 24: ID 639; Choice (1356.0, 2183.0, 192.0, 1889.0, 193.0, 1905.0, 2092.0, 191.0, 1347.0) 
Voter 25: ID 352; Choice (1356.0, 2183.0, 192.0, 1889.0, 193.0, 1905.0, 2092.0, 191.0, 1347.0) 
Voter 26: ID 469; Choice (1356.0, 2183.0, 192.0, 1889.0, 193.0, 1905.0, 2092.0, 191.0, 1347.0) 
Voter 27: ID 29; Choice (1356.0, 2183.0, 192.0, 1889.0, 193.0, 1905.0, 2092.0, 191.0, 1347.0) 
Voter 28: ID 167; Choice (1356.0, 2183.0, 192.0, 1889.0, 193.0, 1905.0, 2092.0, 191.0, 1347.0) 
Voter 29: ID 588; Choice (1356.0, 2183.0, 192.0, 1889.0, 193.0, 1905.0, 2092.0, 191.0, 1347.0) 
Voter 30: ID 215; Choice (1356.0, 2183.0, 192.0, 1889.0, 193.0, 1905.0, 2092.0, 191.0, 1347.0) 
Voter 31: ID 514; Choice (1356.0, 2183.0, 192.0, 1889.0, 193.0, 1905.0, 2092.0, 191.0, 1347.0) 
Voter 32: ID 635; Choice (1356.0, 2183.0, 192.0, 1889.0, 193.0, 1905.0, 2092.0, 191.0, 1347.0) 
Voter 33: ID 111; Choice (1356.0, 2183.0, 192.0, 1889.0, 193.0, 1905.0, 2092.0, 191.0, 1347.0) 
Voter 34: ID 67; Choice (1356.0, 2183.0, 192.0, 1889.0, 193.0, 1905.0, 2092.0, 191.0, 1347.0) 
Voter 35: ID 244; Choice (1356.0, 2183.0, 192.0, 1889.0, 193.0, 1905.0, 2092.0, 191.0, 1347.0) 
Voter 36: ID 187; Choice (1356.0, 2183.0, 192.0, 1889.0, 193.0, 1905.0, 2092.0, 191.0, 1347.0) 
Voter 37: ID 495; Choice (1356.0, 2183.0, 192.0, 1889.0, 193.0, 1905.0, 2092.0, 191.0, 1347.0) 
Voter 38: ID 125; Choice (1356.0, 2183.0, 192.0, 1889.0, 193.0, 1905.0, 2092.0, 191.0, 1347.0) 
Voter 39: ID 412; Choice (1356.0, 2183.0, 192.0, 1889.0, 193.0, 1905.0, 2092.0, 191.0, 1347.0) 
Voter 40: ID 297; Choice (1356.0, 2183.0, 192.0, 1889.0, 193.0, 1905.0, 2092.0, 191.0, 1347.0) 
Voter 41: ID 518; Choice (1356.0, 2183.0, 192.0, 1889.0, 193.0, 1905.0, 2092.0, 191.0, 1347.0) 
Voter 42: ID 571; Choice (1356.0, 2183.0, 433.0, 192.0, 1889.0, 193.0, 1347.0, 1905.0, 2092.0, 2121.0) 
Voter 43: ID 62; Choice (1356.0, 2183.0, 192.0, 1889.0, 193.0, 1905.0, 2092.0, 191.0, 1347.0) 
Voter 44: ID 149; Choice (1356.0, 2183.0, 192.0, 1889.0, 193.0, 1905.0, 2092.0, 191.0, 1347.0) 
Voter 45: ID 522; Choice (1356.0, 2183.0, 192.0, 1889.0, 193.0, 1905.0, 2092.0, 191.0, 1347.0) 
Voter 46: ID 280; Choice (1356.0, 2183.0, 192.0, 1889.0, 193.0, 1905.0, 2092.0, 191.0, 1347.0) 
Voter 47: ID 534; Choice (1356.0, 2183.0, 192.0, 1889.0, 193.0, 1905.0, 2092.0, 191.0, 1347.0) 
Voter 48: ID 562; Choice (1356.0, 2183.0, 192.0, 1889.0, 193.0, 1905.0, 2092.0, 191.0, 1347.0) 
Voter 49: ID 538; Choice (1356.0, 2183.0, 192.0, 1889.0, 193.0, 1905.0, 2092.0, 191.0, 1347.0) 
Voter 50: ID 133; Choice (1356.0, 2183.0, 192.0, 1889.0, 193.0, 1905.0, 2092.0, 191.0, 1347.0) 
---------------------------------------------------------------------------
After Iteration 13 :
Voter 1: ID 126; Choice (1356.0, 2183.0, 192.0, 1889.0, 193.0, 1905.0, 2092.0, 191.0, 1347.0) 
Voter 2: ID 3; Choice (1356.0, 2183.0, 192.0, 1889.0, 193.0, 1905.0, 2092.0, 191.0, 1347.0) 
Voter 3: ID 643; Choice (1356.0, 2183.0, 192.0, 1889.0, 193.0, 1905.0, 2092.0, 191.0, 1347.0) 
Voter 4: ID 653; Choice (1356.0, 2183.0, 192.0, 1889.0, 193.0, 1905.0, 2092.0, 191.0, 1347.0) 
Voter 5: ID 304; Choice (1356.0, 2183.0, 192.0, 1889.0, 193.0, 1905.0, 2092.0, 191.0, 1347.0) 
Voter 6: ID 18; Choice (1356.0, 2183.0, 192.0, 1889.0, 193.0, 1905.0, 2092.0, 191.0, 1347.0) 
Voter 7: ID 546; Choice (1356.0, 2183.0, 192.0, 1889.0, 193.0, 1905.0, 2092.0, 191.0, 1347.0) 
Voter 8: ID 132; Choice (1356.0, 2183.0, 192.0, 1889.0, 193.0, 1905.0, 2092.0, 191.0, 1347.0) 
Voter 9: ID 502; Choice (1356.0, 2183.0, 192.0, 1889.0, 193.0, 1905.0, 2092.0, 191.0, 1347.0) 
Voter 10: ID 347; Choice (1356.0, 2183.0, 192.0, 1889.0, 193.0, 1905.0, 2092.0, 191.0, 1347.0) 
Voter 11: ID 525; Choice (1356.0, 2183.0, 192.0, 1889.0, 193.0, 1905.0, 2092.0, 191.0, 1347.0) 
Voter 12: ID 682; Choice (1356.0, 2183.0, 192.0, 1889.0, 193.0, 1905.0, 2092.0, 191.0, 1347.0) 
Voter 13: ID 181; Choice (1356.0, 2183.0, 192.0, 1889.0, 193.0, 1905.0, 2092.0, 191.0, 1347.0) 
Voter 14: ID 302; Choice (1356.0, 2183.0, 192.0, 1889.0, 193.0, 1905.0, 2092.0, 191.0, 1347.0) 
Voter 15: ID 577; Choice (1356.0, 2183.0, 192.0, 1889.0, 193.0, 1905.0, 2092.0, 191.0, 1347.0) 
Voter 16: ID 600; Choice (1356.0, 2183.0, 192.0, 1889.0, 193.0, 1905.0, 2092.0, 191.0, 1347.0) 
Voter 17: ID 357; Choice (1356.0, 2183.0, 192.0, 1889.0, 193.0, 1905.0, 2092.0, 191.0, 1347.0) 
Voter 18: ID 288; Choice (1356.0, 2183.0, 192.0, 1889.0, 193.0, 1905.0, 2092.0, 191.0, 1347.0) 
Voter 19: ID 195; Choice (1356.0, 2183.0, 192.0, 1889.0, 193.0, 1905.0, 2092.0, 191.0, 1347.0) 
Voter 20: ID 697; Choice (1356.0, 2183.0, 192.0, 1889.0, 193.0, 1905.0, 2092.0, 191.0, 1347.0) 
Voter 21: ID 641; Choice (1356.0, 2183.0, 192.0, 1889.0, 193.0, 1905.0, 2092.0, 191.0, 1347.0) 
Voter 22: ID 134; Choice (1356.0, 2183.0, 192.0, 1889.0, 193.0, 1905.0, 2092.0, 191.0, 1347.0) 
Voter 23: ID 456; Choice (1356.0, 2183.0, 192.0, 1889.0, 193.0, 1905.0, 2092.0, 191.0, 1347.0) 
Voter 24: ID 639; Choice (1356.0, 2183.0, 192.0, 1889.0, 193.0, 1905.0, 2092.0, 191.0, 1347.0) 
Voter 25: ID 352; Choice (1356.0, 2183.0, 192.0, 1889.0, 193.0, 1905.0, 2092.0, 191.0, 1347.0) 
Voter 26: ID 469; Choice (1356.0, 2183.0, 192.0, 1889.0, 193.0, 1905.0, 2092.0, 191.0, 1347.0) 
Voter 27: ID 29; Choice (1356.0, 2183.0, 192.0, 1889.0, 193.0, 1905.0, 2092.0, 191.0, 1347.0) 
Voter 28: ID 167; Choice (1356.0, 2183.0, 192.0, 1889.0, 193.0, 1905.0, 2092.0, 191.0, 1347.0) 
Voter 29: ID 588; Choice (1356.0, 2183.0, 192.0, 1889.0, 193.0, 1905.0, 2092.0, 191.0, 1347.0) 
Voter 30: ID 215; Choice (1356.0, 2183.0, 192.0, 1889.0, 193.0, 1905.0, 2092.0, 191.0, 1347.0) 
Voter 31: ID 514; Choice (1356.0, 2183.0, 192.0, 1889.0, 193.0, 1905.0, 2092.0, 191.0, 1347.0) 
Voter 32: ID 635; Choice (1356.0, 2183.0, 192.0, 1889.0, 193.0, 1905.0, 2092.0, 191.0, 1347.0) 
Voter 33: ID 111; Choice (1356.0, 2183.0, 192.0, 1889.0, 193.0, 1905.0, 2092.0, 191.0, 1347.0) 
Voter 34: ID 67; Choice (1356.0, 2183.0, 192.0, 1889.0, 193.0, 1905.0, 2092.0, 191.0, 1347.0) 
Voter 35: ID 244; Choice (1356.0, 2183.0, 192.0, 1889.0, 193.0, 1905.0, 2092.0, 191.0, 1347.0) 
Voter 36: ID 187; Choice (1356.0, 2183.0, 192.0, 1889.0, 193.0, 1905.0, 2092.0, 191.0, 1347.0) 
Voter 37: ID 495; Choice (1356.0, 2183.0, 192.0, 1889.0, 193.0, 1905.0, 2092.0, 191.0, 1347.0) 
Voter 38: ID 125; Choice (1356.0, 2183.0, 192.0, 1889.0, 193.0, 1905.0, 2092.0, 191.0, 1347.0) 
Voter 39: ID 412; Choice (1356.0, 2183.0, 192.0, 1889.0, 193.0, 1905.0, 2092.0, 191.0, 1347.0) 
Voter 40: ID 297; Choice (1356.0, 2183.0, 192.0, 1889.0, 193.0, 1905.0, 2092.0, 191.0, 1347.0) 
Voter 41: ID 518; Choice (1356.0, 2183.0, 192.0, 1889.0, 193.0, 1905.0, 2092.0, 191.0, 1347.0) 
Voter 42: ID 571; Choice (1356.0, 2183.0, 192.0, 1889.0, 193.0, 1905.0, 2092.0, 191.0, 1347.0) 
Voter 43: ID 62; Choice (1356.0, 2183.0, 192.0, 1889.0, 193.0, 1905.0, 2092.0, 191.0, 1347.0) 
Voter 44: ID 149; Choice (1356.0, 2183.0, 192.0, 1889.0, 193.0, 1905.0, 2092.0, 191.0, 1347.0) 
Voter 45: ID 522; Choice (1356.0, 2183.0, 192.0, 1889.0, 193.0, 1905.0, 2092.0, 191.0, 1347.0) 
Voter 46: ID 280; Choice (1356.0, 2183.0, 192.0, 1889.0, 193.0, 1905.0, 2092.0, 191.0, 1347.0) 
Voter 47: ID 534; Choice (1356.0, 2183.0, 192.0, 1889.0, 193.0, 1905.0, 2092.0, 191.0, 1347.0) 
Voter 48: ID 562; Choice (1356.0, 2183.0, 192.0, 1889.0, 193.0, 1905.0, 2092.0, 191.0, 1347.0) 
Voter 49: ID 538; Choice (1356.0, 2183.0, 192.0, 1889.0, 193.0, 1905.0, 2092.0, 191.0, 1347.0) 
Voter 50: ID 133; Choice (1356.0, 2183.0, 192.0, 1889.0, 193.0, 1905.0, 2092.0, 191.0, 1347.0) 
---------------------------------------------------------------------------
Concensus reached after 13 iterations.
Max degree: 16 Number of valid combinations: 15 Using random find.
There are 1 opinions after all iterations.
(1356.0, 2183.0, 192.0, 1889.0, 193.0, 1905.0, 2092.0, 191.0, 1347.0) count: 50
