    project id    reward
0       1211.0 -0.444988
1       2141.0 -0.057202
2       1356.0  0.331482
3       2183.0  0.343395
4        433.0 -0.263659
5        192.0  0.232709
6       1889.0  0.302624
7        193.0  0.251523
8       1347.0  0.192139
9       1905.0  0.121838
10      2092.0  0.245409
11      2121.0 -0.136063
12       191.0  0.215283
Valid Combinations are:
(1356.0, 2183.0, 192.0, 1889.0, 193.0, 1905.0, 2092.0, 191.0, 1347.0)
(1356.0, 2183.0, 192.0, 1889.0, 193.0, 1905.0, 2092.0, 191.0)
(1211.0, 2141.0, 1356.0, 2183.0, 192.0, 193.0)
(2141.0, 2183.0, 1889.0, 193.0, 1347.0, 1905.0, 2092.0, 191.0)
(2141.0, 192.0, 1889.0, 193.0, 1347.0, 1905.0, 2092.0, 191.0)
(1356.0, 2183.0, 433.0, 192.0, 1889.0, 1347.0, 1905.0, 2092.0)
(1356.0, 2183.0, 433.0, 192.0, 1889.0, 1347.0, 1905.0, 2121.0)
(2183.0, 433.0, 192.0, 1889.0, 193.0, 1905.0, 2092.0, 2121.0)
(2141.0, 1356.0, 2183.0, 433.0, 1889.0, 193.0, 1905.0)
(2141.0, 1356.0, 2183.0, 193.0, 1905.0, 2092.0, 191.0)
(2141.0, 1356.0, 433.0, 1889.0, 193.0, 2092.0, 2121.0)
(2141.0, 433.0, 192.0, 1347.0, 1905.0, 2092.0, 2121.0)
(2141.0, 1889.0, 193.0, 1347.0, 2092.0, 2121.0, 191.0)
(1356.0, 2183.0, 192.0, 1889.0, 193.0, 2121.0, 191.0)
(1356.0, 2183.0, 192.0, 193.0, 1905.0, 2121.0, 191.0)
(2183.0, 433.0, 193.0, 1905.0, 2092.0, 2121.0, 191.0)
(1211.0, 2141.0, 2183.0, 192.0, 1905.0, 2092.0)
(1211.0, 2141.0, 192.0, 193.0, 1905.0, 191.0)
(1211.0, 1356.0, 2183.0, 1889.0, 1347.0, 2092.0)
(1211.0, 1356.0, 192.0, 193.0, 1347.0, 1905.0)
(2141.0, 1356.0, 2183.0, 1889.0, 193.0, 1347.0)
(2141.0, 1356.0, 433.0, 192.0, 1347.0, 1905.0)
(2141.0, 1356.0, 192.0, 1347.0, 1905.0, 191.0)
(2141.0, 2183.0, 1889.0, 1905.0, 2092.0, 2121.0)
(2141.0, 2183.0, 193.0, 1347.0, 1905.0, 2121.0)
(1356.0, 433.0, 192.0, 1905.0, 2092.0, 2121.0)
(1356.0, 433.0, 1347.0, 2092.0, 2121.0, 191.0)
(433.0, 192.0, 1889.0, 193.0, 1347.0, 2092.0)
(433.0, 192.0, 1889.0, 1347.0, 1905.0, 191.0)
(433.0, 1889.0, 193.0, 1347.0, 1905.0, 2121.0)
Initial Choices:
---------------------------------------------------------------------------
Voter 1: ID 341; Choice (2141.0, 433.0, 192.0, 1347.0, 1905.0, 2092.0, 2121.0) 
Voter 2: ID 271; Choice (1356.0, 2183.0, 192.0, 193.0, 1905.0, 2121.0, 191.0) 
Voter 3: ID 141; Choice (1211.0, 1356.0, 2183.0, 1889.0, 1347.0, 2092.0) 
Voter 4: ID 547; Choice (2141.0, 1356.0, 2183.0, 433.0, 1889.0, 193.0, 1905.0) 
Voter 5: ID 153; Choice (1211.0, 1356.0, 192.0, 193.0, 1347.0, 1905.0) 
Voter 6: ID 276; Choice (433.0, 1889.0, 193.0, 1347.0, 1905.0, 2121.0) 
Voter 7: ID 174; Choice (1356.0, 2183.0, 433.0, 192.0, 1889.0, 1347.0, 1905.0, 2121.0) 
Voter 8: ID 256; Choice (2141.0, 2183.0, 193.0, 1347.0, 1905.0, 2121.0) 
Voter 9: ID 630; Choice (1211.0, 2141.0, 1356.0, 2183.0, 192.0, 193.0) 
Voter 10: ID 416; Choice (2141.0, 1356.0, 2183.0, 193.0, 1905.0, 2092.0, 191.0) 
Voter 11: ID 56; Choice (2141.0, 1356.0, 2183.0, 193.0, 1905.0, 2092.0, 191.0) 
Voter 12: ID 406; Choice (433.0, 192.0, 1889.0, 1347.0, 1905.0, 191.0) 
Voter 13: ID 23; Choice (2141.0, 2183.0, 193.0, 1347.0, 1905.0, 2121.0) 
Voter 14: ID 43; Choice (2183.0, 433.0, 192.0, 1889.0, 193.0, 1905.0, 2092.0, 2121.0) 
Voter 15: ID 342; Choice (1356.0, 2183.0, 433.0, 192.0, 1889.0, 1347.0, 1905.0, 2121.0) 
Voter 16: ID 210; Choice (1356.0, 2183.0, 192.0, 1889.0, 193.0, 2121.0, 191.0) 
Voter 17: ID 364; Choice (2141.0, 1356.0, 2183.0, 433.0, 1889.0, 193.0, 1905.0) 
Voter 18: ID 645; Choice (433.0, 1889.0, 193.0, 1347.0, 1905.0, 2121.0) 
Voter 19: ID 275; Choice (1211.0, 2141.0, 192.0, 193.0, 1905.0, 191.0) 
Voter 20: ID 260; Choice (2141.0, 1356.0, 2183.0, 193.0, 1905.0, 2092.0, 191.0) 
Voter 21: ID 607; Choice (433.0, 1889.0, 193.0, 1347.0, 1905.0, 2121.0) 
Voter 22: ID 733; Choice (2141.0, 1356.0, 192.0, 1347.0, 1905.0, 191.0) 
Voter 23: ID 6; Choice (2141.0, 2183.0, 193.0, 1347.0, 1905.0, 2121.0) 
Voter 24: ID 709; Choice (2141.0, 1356.0, 433.0, 1889.0, 193.0, 2092.0, 2121.0) 
Voter 25: ID 287; Choice (1356.0, 2183.0, 192.0, 1889.0, 193.0, 1905.0, 2092.0, 191.0) 
Voter 26: ID 71; Choice (1356.0, 433.0, 192.0, 1905.0, 2092.0, 2121.0) 
Voter 27: ID 496; Choice (1356.0, 2183.0, 192.0, 1889.0, 193.0, 1905.0, 2092.0, 191.0, 1347.0) 
Voter 28: ID 682; Choice (2183.0, 433.0, 192.0, 1889.0, 193.0, 1905.0, 2092.0, 2121.0) 
Voter 29: ID 505; Choice (433.0, 192.0, 1889.0, 193.0, 1347.0, 2092.0) 
Voter 30: ID 567; Choice (1211.0, 2141.0, 1356.0, 2183.0, 192.0, 193.0) 
Voter 31: ID 227; Choice (1211.0, 1356.0, 2183.0, 1889.0, 1347.0, 2092.0) 
Voter 32: ID 39; Choice (1356.0, 2183.0, 192.0, 1889.0, 193.0, 1905.0, 2092.0, 191.0, 1347.0) 
Voter 33: ID 353; Choice (2141.0, 1356.0, 2183.0, 1889.0, 193.0, 1347.0) 
Voter 34: ID 248; Choice (433.0, 1889.0, 193.0, 1347.0, 1905.0, 2121.0) 
Voter 35: ID 116; Choice (1356.0, 2183.0, 192.0, 1889.0, 193.0, 1905.0, 2092.0, 191.0) 
Voter 36: ID 539; Choice (1211.0, 1356.0, 192.0, 193.0, 1347.0, 1905.0) 
Voter 37: ID 247; Choice (2141.0, 192.0, 1889.0, 193.0, 1347.0, 1905.0, 2092.0, 191.0) 
Voter 38: ID 152; Choice (1211.0, 1356.0, 2183.0, 1889.0, 1347.0, 2092.0) 
Voter 39: ID 270; Choice (2141.0, 192.0, 1889.0, 193.0, 1347.0, 1905.0, 2092.0, 191.0) 
Voter 40: ID 266; Choice (2141.0, 1356.0, 2183.0, 193.0, 1905.0, 2092.0, 191.0) 
Voter 41: ID 354; Choice (2141.0, 1356.0, 433.0, 1889.0, 193.0, 2092.0, 2121.0) 
Voter 42: ID 610; Choice (1356.0, 2183.0, 433.0, 192.0, 1889.0, 1347.0, 1905.0, 2092.0) 
Voter 43: ID 21; Choice (1211.0, 1356.0, 192.0, 193.0, 1347.0, 1905.0) 
Voter 44: ID 306; Choice (1211.0, 1356.0, 2183.0, 1889.0, 1347.0, 2092.0) 
Voter 45: ID 456; Choice (2183.0, 433.0, 192.0, 1889.0, 193.0, 1905.0, 2092.0, 2121.0) 
Voter 46: ID 90; Choice (1356.0, 2183.0, 433.0, 192.0, 1889.0, 1347.0, 1905.0, 2121.0) 
Voter 47: ID 350; Choice (2141.0, 1356.0, 192.0, 1347.0, 1905.0, 191.0) 
Voter 48: ID 409; Choice (2141.0, 2183.0, 193.0, 1347.0, 1905.0, 2121.0) 
Voter 49: ID 561; Choice (2141.0, 1356.0, 2183.0, 193.0, 1905.0, 2092.0, 191.0) 
Voter 50: ID 511; Choice (2141.0, 192.0, 1889.0, 193.0, 1347.0, 1905.0, 2092.0, 191.0) 
---------------------------------------------------------------------------
After Iteration 1 :
Voter 1: ID 341; Choice (1211.0, 2141.0, 1356.0, 2183.0, 192.0, 193.0) 
Voter 2: ID 271; Choice (1211.0, 2141.0, 2183.0, 192.0, 1905.0, 2092.0) 
Voter 3: ID 141; Choice (2141.0, 2183.0, 1889.0, 193.0, 1347.0, 1905.0, 2092.0, 191.0) 
Voter 4: ID 547; Choice (2141.0, 2183.0, 193.0, 1347.0, 1905.0, 2121.0) 
Voter 5: ID 153; Choice (1356.0, 2183.0, 192.0, 193.0, 1905.0, 2121.0, 191.0) 
Voter 6: ID 276; Choice (1356.0, 2183.0, 192.0, 193.0, 1905.0, 2121.0, 191.0) 
Voter 7: ID 174; Choice (1356.0, 2183.0, 192.0, 1889.0, 193.0, 1905.0, 2092.0, 191.0, 1347.0) 
Voter 8: ID 256; Choice (2141.0, 433.0, 192.0, 1347.0, 1905.0, 2092.0, 2121.0) 
Voter 9: ID 630; Choice (433.0, 192.0, 1889.0, 193.0, 1347.0, 2092.0) 
Voter 10: ID 416; Choice (2141.0, 1356.0, 2183.0, 1889.0, 193.0, 1347.0) 
Voter 11: ID 56; Choice (2141.0, 1356.0, 2183.0, 1889.0, 193.0, 1347.0) 
Voter 12: ID 406; Choice (2141.0, 192.0, 1889.0, 193.0, 1347.0, 1905.0, 2092.0, 191.0) 
Voter 13: ID 23; Choice (2141.0, 433.0, 192.0, 1347.0, 1905.0, 2092.0, 2121.0) 
Voter 14: ID 43; Choice (433.0, 192.0, 1889.0, 193.0, 1347.0, 2092.0) 
Voter 15: ID 342; Choice (1211.0, 2141.0, 1356.0, 2183.0, 192.0, 193.0) 
Voter 16: ID 210; Choice (2141.0, 1356.0, 192.0, 1347.0, 1905.0, 191.0) 
Voter 17: ID 364; Choice (433.0, 1889.0, 193.0, 1347.0, 1905.0, 2121.0) 
Voter 18: ID 645; Choice (2141.0, 2183.0, 193.0, 1347.0, 1905.0, 2121.0) 
Voter 19: ID 275; Choice (433.0, 192.0, 1889.0, 1347.0, 1905.0, 191.0) 
Voter 20: ID 260; Choice (1356.0, 433.0, 1347.0, 2092.0, 2121.0, 191.0) 
Voter 21: ID 607; Choice (1356.0, 2183.0, 192.0, 1889.0, 193.0, 2121.0, 191.0) 
Voter 22: ID 733; Choice (433.0, 192.0, 1889.0, 1347.0, 1905.0, 191.0) 
Voter 23: ID 6; Choice (1211.0, 2141.0, 1356.0, 2183.0, 192.0, 193.0) 
Voter 24: ID 709; Choice (1356.0, 2183.0, 192.0, 1889.0, 193.0, 2121.0, 191.0) 
Voter 25: ID 287; Choice (2141.0, 2183.0, 1889.0, 193.0, 1347.0, 1905.0, 2092.0, 191.0) 
Voter 26: ID 71; Choice (1356.0, 433.0, 1347.0, 2092.0, 2121.0, 191.0) 
Voter 27: ID 496; Choice (1356.0, 2183.0, 192.0, 193.0, 1905.0, 2121.0, 191.0) 
Voter 28: ID 682; Choice (2183.0, 433.0, 193.0, 1905.0, 2092.0, 2121.0, 191.0) 
Voter 29: ID 505; Choice (2141.0, 1356.0, 2183.0, 433.0, 1889.0, 193.0, 1905.0) 
Voter 30: ID 567; Choice (2141.0, 192.0, 1889.0, 193.0, 1347.0, 1905.0, 2092.0, 191.0) 
Voter 31: ID 227; Choice (1211.0, 1356.0, 2183.0, 1889.0, 1347.0, 2092.0) 
Voter 32: ID 39; Choice (1356.0, 2183.0, 192.0, 1889.0, 193.0, 2121.0, 191.0) 
Voter 33: ID 353; Choice (1211.0, 2141.0, 2183.0, 192.0, 1905.0, 2092.0) 
Voter 34: ID 248; Choice (2141.0, 1356.0, 2183.0, 193.0, 1905.0, 2092.0, 191.0) 
Voter 35: ID 116; Choice (2141.0, 1356.0, 433.0, 192.0, 1347.0, 1905.0) 
Voter 36: ID 539; Choice (433.0, 1889.0, 193.0, 1347.0, 1905.0, 2121.0) 
Voter 37: ID 247; Choice (1356.0, 433.0, 1347.0, 2092.0, 2121.0, 191.0) 
Voter 38: ID 152; Choice (1356.0, 2183.0, 192.0, 1889.0, 193.0, 2121.0, 191.0) 
Voter 39: ID 270; Choice (2183.0, 433.0, 193.0, 1905.0, 2092.0, 2121.0, 191.0) 
Voter 40: ID 266; Choice (2141.0, 2183.0, 1889.0, 1905.0, 2092.0, 2121.0) 
Voter 41: ID 354; Choice (2141.0, 1356.0, 433.0, 1889.0, 193.0, 2092.0, 2121.0) 
Voter 42: ID 610; Choice (2141.0, 1356.0, 433.0, 1889.0, 193.0, 2092.0, 2121.0) 
Voter 43: ID 21; Choice (1211.0, 2141.0, 2183.0, 192.0, 1905.0, 2092.0) 
Voter 44: ID 306; Choice (1211.0, 1356.0, 192.0, 193.0, 1347.0, 1905.0) 
Voter 45: ID 456; Choice (1211.0, 1356.0, 192.0, 193.0, 1347.0, 1905.0) 
Voter 46: ID 90; Choice (1356.0, 2183.0, 192.0, 1889.0, 193.0, 2121.0, 191.0) 
Voter 47: ID 350; Choice (1356.0, 433.0, 1347.0, 2092.0, 2121.0, 191.0) 
Voter 48: ID 409; Choice (2141.0, 1356.0, 2183.0, 193.0, 1905.0, 2092.0, 191.0) 
Voter 49: ID 561; Choice (1356.0, 2183.0, 433.0, 192.0, 1889.0, 1347.0, 1905.0, 2121.0) 
Voter 50: ID 511; Choice (1356.0, 433.0, 1347.0, 2092.0, 2121.0, 191.0) 
---------------------------------------------------------------------------
---------------------------------------------------------------------------
{(1356.0, 2183.0, 192.0, 1889.0, 193.0, 1905.0, 2092.0, 191.0, 1347.0): 0.22364029753939524, (1356.0, 2183.0, 192.0, 1889.0, 193.0, 1905.0, 2092.0, 191.0): 0, (1211.0, 2141.0, 1356.0, 2183.0, 192.0, 193.0): 0.06569192918175147, (2141.0, 2183.0, 1889.0, 193.0, 1347.0, 1905.0, 2092.0, 191.0): 0, (2141.0, 192.0, 1889.0, 193.0, 1347.0, 1905.0, 2092.0, 191.0): 0.15043231248753572, (1356.0, 2183.0, 433.0, 192.0, 1889.0, 1347.0, 1905.0, 2092.0): 0.1505938699712146, (1356.0, 2183.0, 433.0, 192.0, 1889.0, 1347.0, 1905.0, 2121.0): 0, (2183.0, 433.0, 192.0, 1889.0, 193.0, 1905.0, 2092.0, 2121.0): 0.10977773461201464, (2141.0, 1356.0, 2183.0, 433.0, 1889.0, 193.0, 1905.0): 0.10300018783714052, (2141.0, 1356.0, 2183.0, 193.0, 1905.0, 2092.0, 191.0): 0.14517284736267785, (2141.0, 1356.0, 433.0, 1889.0, 193.0, 2092.0, 2121.0): 0.0674114577046092, (2141.0, 433.0, 192.0, 1347.0, 1905.0, 2092.0, 2121.0): 0, (2141.0, 1889.0, 193.0, 1347.0, 2092.0, 2121.0, 191.0): 0, (1356.0, 2183.0, 192.0, 1889.0, 193.0, 2121.0, 191.0): 0, (1356.0, 2183.0, 192.0, 193.0, 1905.0, 2121.0, 191.0): 0.13601681238956845, (2183.0, 433.0, 193.0, 1905.0, 2092.0, 2121.0, 191.0): 0, (1211.0, 2141.0, 2183.0, 192.0, 1905.0, 2092.0): 0, (1211.0, 2141.0, 192.0, 193.0, 1905.0, 191.0): 0, (1211.0, 1356.0, 2183.0, 1889.0, 1347.0, 2092.0): 0, (1211.0, 1356.0, 192.0, 193.0, 1347.0, 1905.0): 0, (2141.0, 1356.0, 2183.0, 1889.0, 193.0, 1347.0): 0, (2141.0, 1356.0, 433.0, 192.0, 1347.0, 1905.0): 0, (2141.0, 1356.0, 192.0, 1347.0, 1905.0, 191.0): 0.10362496269690886, (2141.0, 2183.0, 1889.0, 1905.0, 2092.0, 2121.0): 0, (2141.0, 2183.0, 193.0, 1347.0, 1905.0, 2121.0): 0.07156311342299558, (1356.0, 433.0, 192.0, 1905.0, 2092.0, 2121.0): 0, (1356.0, 433.0, 1347.0, 2092.0, 2121.0, 191.0): 0, (433.0, 192.0, 1889.0, 193.0, 1347.0, 2092.0): 0, (433.0, 192.0, 1889.0, 1347.0, 1905.0, 191.0): 0.08009347896659975, (433.0, 1889.0, 193.0, 1347.0, 1905.0, 2121.0): 0}
After Iteration 2 :
Voter 1: ID 341; Choice (433.0, 192.0, 1889.0, 1347.0, 1905.0, 191.0) 
Voter 2: ID 271; Choice (2141.0, 1356.0, 2183.0, 193.0, 1905.0, 2092.0, 191.0) 
Voter 3: ID 141; Choice (2141.0, 433.0, 192.0, 1347.0, 1905.0, 2092.0, 2121.0) 
Voter 4: ID 547; Choice (2141.0, 1356.0, 2183.0, 193.0, 1905.0, 2092.0, 191.0) 
Voter 5: ID 153; Choice (2141.0, 192.0, 1889.0, 193.0, 1347.0, 1905.0, 2092.0, 191.0) 
Voter 6: ID 276; Choice (433.0, 1889.0, 193.0, 1347.0, 1905.0, 2121.0) 
Voter 7: ID 174; Choice (1211.0, 1356.0, 192.0, 193.0, 1347.0, 1905.0) 
Voter 8: ID 256; Choice (1356.0, 2183.0, 192.0, 1889.0, 193.0, 1905.0, 2092.0, 191.0, 1347.0) 
Voter 9: ID 630; Choice (1211.0, 2141.0, 192.0, 193.0, 1905.0, 191.0) 
Voter 10: ID 416; Choice (1211.0, 1356.0, 192.0, 193.0, 1347.0, 1905.0) 
Voter 11: ID 56; Choice (433.0, 1889.0, 193.0, 1347.0, 1905.0, 2121.0) 
Voter 12: ID 406; Choice (1211.0, 2141.0, 2183.0, 192.0, 1905.0, 2092.0) 
Voter 13: ID 23; Choice (1356.0, 2183.0, 192.0, 1889.0, 193.0, 2121.0, 191.0) 
Voter 14: ID 43; Choice (1356.0, 2183.0, 433.0, 192.0, 1889.0, 1347.0, 1905.0, 2092.0) 
Voter 15: ID 342; Choice (2141.0, 1356.0, 2183.0, 193.0, 1905.0, 2092.0, 191.0) 
Voter 16: ID 210; Choice (1356.0, 433.0, 192.0, 1905.0, 2092.0, 2121.0) 
Voter 17: ID 364; Choice (433.0, 1889.0, 193.0, 1347.0, 1905.0, 2121.0) 
Voter 18: ID 645; Choice (2141.0, 2183.0, 1889.0, 1905.0, 2092.0, 2121.0) 
Voter 19: ID 275; Choice (1211.0, 2141.0, 1356.0, 2183.0, 192.0, 193.0) 
Voter 20: ID 260; Choice (433.0, 1889.0, 193.0, 1347.0, 1905.0, 2121.0) 
Voter 21: ID 607; Choice (1356.0, 2183.0, 192.0, 193.0, 1905.0, 2121.0, 191.0) 
Voter 22: ID 733; Choice (1211.0, 2141.0, 1356.0, 2183.0, 192.0, 193.0) 
Voter 23: ID 6; Choice (1356.0, 433.0, 1347.0, 2092.0, 2121.0, 191.0) 
Voter 24: ID 709; Choice (2183.0, 433.0, 192.0, 1889.0, 193.0, 1905.0, 2092.0, 2121.0) 
Voter 25: ID 287; Choice (2141.0, 1356.0, 2183.0, 1889.0, 193.0, 1347.0) 
Voter 26: ID 71; Choice (2141.0, 2183.0, 1889.0, 1905.0, 2092.0, 2121.0) 
Voter 27: ID 496; Choice (1356.0, 2183.0, 433.0, 192.0, 1889.0, 1347.0, 1905.0, 2121.0) 
Voter 28: ID 682; Choice (1211.0, 1356.0, 192.0, 193.0, 1347.0, 1905.0) 
Voter 29: ID 505; Choice (2141.0, 433.0, 192.0, 1347.0, 1905.0, 2092.0, 2121.0) 
Voter 30: ID 567; Choice (2141.0, 192.0, 1889.0, 193.0, 1347.0, 1905.0, 2092.0, 191.0) 
Voter 31: ID 227; Choice (1211.0, 2141.0, 1356.0, 2183.0, 192.0, 193.0) 
Voter 32: ID 39; Choice (2141.0, 2183.0, 193.0, 1347.0, 1905.0, 2121.0) 
Voter 33: ID 353; Choice (1211.0, 1356.0, 2183.0, 1889.0, 1347.0, 2092.0) 
Voter 34: ID 248; Choice (2141.0, 2183.0, 193.0, 1347.0, 1905.0, 2121.0) 
Voter 35: ID 116; Choice (2141.0, 2183.0, 1889.0, 193.0, 1347.0, 1905.0, 2092.0, 191.0) 
Voter 36: ID 539; Choice (2141.0, 2183.0, 1889.0, 193.0, 1347.0, 1905.0, 2092.0, 191.0) 
Voter 37: ID 247; Choice (2141.0, 1356.0, 192.0, 1347.0, 1905.0, 191.0) 
Voter 38: ID 152; Choice (1356.0, 2183.0, 433.0, 192.0, 1889.0, 1347.0, 1905.0, 2092.0) 
Voter 39: ID 270; Choice (1356.0, 2183.0, 192.0, 1889.0, 193.0, 2121.0, 191.0) 
Voter 40: ID 266; Choice (1356.0, 2183.0, 433.0, 192.0, 1889.0, 1347.0, 1905.0, 2092.0) 
Voter 41: ID 354; Choice (2141.0, 2183.0, 1889.0, 1905.0, 2092.0, 2121.0) 
Voter 42: ID 610; Choice (2141.0, 1356.0, 433.0, 1889.0, 193.0, 2092.0, 2121.0) 
Voter 43: ID 21; Choice (2141.0, 1356.0, 433.0, 192.0, 1347.0, 1905.0) 
Voter 44: ID 306; Choice (2141.0, 1356.0, 2183.0, 193.0, 1905.0, 2092.0, 191.0) 
Voter 45: ID 456; Choice (2141.0, 1356.0, 433.0, 1889.0, 193.0, 2092.0, 2121.0) 
Voter 46: ID 90; Choice (1356.0, 2183.0, 192.0, 1889.0, 193.0, 1905.0, 2092.0, 191.0) 
Voter 47: ID 350; Choice (433.0, 192.0, 1889.0, 1347.0, 1905.0, 191.0) 
Voter 48: ID 409; Choice (2141.0, 1356.0, 433.0, 192.0, 1347.0, 1905.0) 
Voter 49: ID 561; Choice (2141.0, 1356.0, 433.0, 192.0, 1347.0, 1905.0) 
Voter 50: ID 511; Choice (1356.0, 2183.0, 192.0, 1889.0, 193.0, 2121.0, 191.0) 
---------------------------------------------------------------------------
After Iteration 3 :
Voter 1: ID 341; Choice (2141.0, 1356.0, 2183.0, 433.0, 1889.0, 193.0, 1905.0) 
Voter 2: ID 271; Choice (1356.0, 433.0, 192.0, 1905.0, 2092.0, 2121.0) 
Voter 3: ID 141; Choice (2183.0, 433.0, 193.0, 1905.0, 2092.0, 2121.0, 191.0) 
Voter 4: ID 547; Choice (1211.0, 2141.0, 192.0, 193.0, 1905.0, 191.0) 
Voter 5: ID 153; Choice (1356.0, 2183.0, 192.0, 1889.0, 193.0, 1905.0, 2092.0, 191.0, 1347.0) 
Voter 6: ID 276; Choice (1356.0, 2183.0, 192.0, 1889.0, 193.0, 1905.0, 2092.0, 191.0) 
Voter 7: ID 174; Choice (1356.0, 2183.0, 433.0, 192.0, 1889.0, 1347.0, 1905.0, 2121.0) 
Voter 8: ID 256; Choice (1211.0, 2141.0, 192.0, 193.0, 1905.0, 191.0) 
Voter 9: ID 630; Choice (1211.0, 2141.0, 1356.0, 2183.0, 192.0, 193.0) 
Voter 10: ID 416; Choice (2141.0, 1356.0, 433.0, 192.0, 1347.0, 1905.0) 
Voter 11: ID 56; Choice (1356.0, 433.0, 1347.0, 2092.0, 2121.0, 191.0) 
Voter 12: ID 406; Choice (2141.0, 192.0, 1889.0, 193.0, 1347.0, 1905.0, 2092.0, 191.0) 
Voter 13: ID 23; Choice (433.0, 192.0, 1889.0, 1347.0, 1905.0, 191.0) 
Voter 14: ID 43; Choice (2141.0, 1356.0, 433.0, 192.0, 1347.0, 1905.0) 
Voter 15: ID 342; Choice (1356.0, 2183.0, 192.0, 1889.0, 193.0, 1905.0, 2092.0, 191.0) 
Voter 16: ID 210; Choice (1211.0, 1356.0, 192.0, 193.0, 1347.0, 1905.0) 
Voter 17: ID 364; Choice (2141.0, 1356.0, 2183.0, 193.0, 1905.0, 2092.0, 191.0) 
Voter 18: ID 645; Choice (1356.0, 2183.0, 192.0, 193.0, 1905.0, 2121.0, 191.0) 
Voter 19: ID 275; Choice (2141.0, 1356.0, 433.0, 192.0, 1347.0, 1905.0) 
Voter 20: ID 260; Choice (1356.0, 2183.0, 192.0, 193.0, 1905.0, 2121.0, 191.0) 
Voter 21: ID 607; Choice (1211.0, 1356.0, 2183.0, 1889.0, 1347.0, 2092.0) 
Voter 22: ID 733; Choice (1356.0, 2183.0, 192.0, 193.0, 1905.0, 2121.0, 191.0) 
Voter 23: ID 6; Choice (433.0, 1889.0, 193.0, 1347.0, 1905.0, 2121.0) 
Voter 24: ID 709; Choice (1356.0, 2183.0, 192.0, 193.0, 1905.0, 2121.0, 191.0) 
Voter 25: ID 287; Choice (1356.0, 433.0, 1347.0, 2092.0, 2121.0, 191.0) 
Voter 26: ID 71; Choice (433.0, 192.0, 1889.0, 193.0, 1347.0, 2092.0) 
Voter 27: ID 496; Choice (1356.0, 2183.0, 433.0, 192.0, 1889.0, 1347.0, 1905.0, 2092.0) 
Voter 28: ID 682; Choice (2183.0, 433.0, 192.0, 1889.0, 193.0, 1905.0, 2092.0, 2121.0) 
Voter 29: ID 505; Choice (2141.0, 192.0, 1889.0, 193.0, 1347.0, 1905.0, 2092.0, 191.0) 
Voter 30: ID 567; Choice (1356.0, 2183.0, 192.0, 1889.0, 193.0, 1905.0, 2092.0, 191.0) 
Voter 31: ID 227; Choice (2141.0, 192.0, 1889.0, 193.0, 1347.0, 1905.0, 2092.0, 191.0) 
Voter 32: ID 39; Choice (433.0, 192.0, 1889.0, 193.0, 1347.0, 2092.0) 
Voter 33: ID 353; Choice (2141.0, 1889.0, 193.0, 1347.0, 2092.0, 2121.0, 191.0) 
Voter 34: ID 248; Choice (2141.0, 2183.0, 193.0, 1347.0, 1905.0, 2121.0) 
Voter 35: ID 116; Choice (2141.0, 2183.0, 1889.0, 193.0, 1347.0, 1905.0, 2092.0, 191.0) 
Voter 36: ID 539; Choice (1211.0, 1356.0, 192.0, 193.0, 1347.0, 1905.0) 
Voter 37: ID 247; Choice (1211.0, 2141.0, 1356.0, 2183.0, 192.0, 193.0) 
Voter 38: ID 152; Choice (2141.0, 1356.0, 192.0, 1347.0, 1905.0, 191.0) 
Voter 39: ID 270; Choice (2141.0, 2183.0, 193.0, 1347.0, 1905.0, 2121.0) 
Voter 40: ID 266; Choice (433.0, 192.0, 1889.0, 1347.0, 1905.0, 191.0) 
Voter 41: ID 354; Choice (2141.0, 433.0, 192.0, 1347.0, 1905.0, 2092.0, 2121.0) 
Voter 42: ID 610; Choice (2141.0, 2183.0, 1889.0, 1905.0, 2092.0, 2121.0) 
Voter 43: ID 21; Choice (1211.0, 1356.0, 2183.0, 1889.0, 1347.0, 2092.0) 
Voter 44: ID 306; Choice (2141.0, 1356.0, 2183.0, 193.0, 1905.0, 2092.0, 191.0) 
Voter 45: ID 456; Choice (1356.0, 2183.0, 433.0, 192.0, 1889.0, 1347.0, 1905.0, 2092.0) 
Voter 46: ID 90; Choice (2141.0, 1356.0, 192.0, 1347.0, 1905.0, 191.0) 
Voter 47: ID 350; Choice (2141.0, 1356.0, 2183.0, 193.0, 1905.0, 2092.0, 191.0) 
Voter 48: ID 409; Choice (433.0, 192.0, 1889.0, 193.0, 1347.0, 2092.0) 
Voter 49: ID 561; Choice (1356.0, 433.0, 192.0, 1905.0, 2092.0, 2121.0) 
Voter 50: ID 511; Choice (1356.0, 2183.0, 192.0, 193.0, 1905.0, 2121.0, 191.0) 
---------------------------------------------------------------------------
After Iteration 4 :
Voter 1: ID 341; Choice (1356.0, 2183.0, 192.0, 1889.0, 193.0, 1905.0, 2092.0, 191.0, 1347.0) 
Voter 2: ID 271; Choice (1356.0, 2183.0, 192.0, 1889.0, 193.0, 1905.0, 2092.0, 191.0, 1347.0) 
Voter 3: ID 141; Choice (1356.0, 2183.0, 192.0, 1889.0, 193.0, 1905.0, 2092.0, 191.0, 1347.0) 
Voter 4: ID 547; Choice (1356.0, 2183.0, 192.0, 1889.0, 193.0, 1905.0, 2092.0, 191.0, 1347.0) 
Voter 5: ID 153; Choice (2141.0, 192.0, 1889.0, 193.0, 1347.0, 1905.0, 2092.0, 191.0) 
Voter 6: ID 276; Choice (1356.0, 2183.0, 192.0, 1889.0, 193.0, 1905.0, 2092.0, 191.0, 1347.0) 
Voter 7: ID 174; Choice (1356.0, 2183.0, 192.0, 1889.0, 193.0, 1905.0, 2092.0, 191.0, 1347.0) 
Voter 8: ID 256; Choice (1356.0, 2183.0, 192.0, 1889.0, 193.0, 1905.0, 2092.0, 191.0, 1347.0) 
Voter 9: ID 630; Choice (1356.0, 2183.0, 192.0, 1889.0, 193.0, 1905.0, 2092.0, 191.0, 1347.0) 
Voter 10: ID 416; Choice (1356.0, 2183.0, 192.0, 1889.0, 193.0, 1905.0, 2092.0, 191.0, 1347.0) 
Voter 11: ID 56; Choice (1356.0, 2183.0, 192.0, 1889.0, 193.0, 1905.0, 2092.0, 191.0, 1347.0) 
Voter 12: ID 406; Choice (1356.0, 2183.0, 192.0, 1889.0, 193.0, 1905.0, 2092.0, 191.0) 
Voter 13: ID 23; Choice (1356.0, 2183.0, 192.0, 1889.0, 193.0, 1905.0, 2092.0, 191.0, 1347.0) 
Voter 14: ID 43; Choice (1356.0, 2183.0, 192.0, 1889.0, 193.0, 1905.0, 2092.0, 191.0, 1347.0) 
Voter 15: ID 342; Choice (2141.0, 1356.0, 2183.0, 193.0, 1905.0, 2092.0, 191.0) 
Voter 16: ID 210; Choice (1356.0, 2183.0, 192.0, 1889.0, 193.0, 1905.0, 2092.0, 191.0, 1347.0) 
Voter 17: ID 364; Choice (1356.0, 2183.0, 192.0, 1889.0, 193.0, 1905.0, 2092.0, 191.0) 
Voter 18: ID 645; Choice (1356.0, 2183.0, 192.0, 1889.0, 193.0, 1905.0, 2092.0, 191.0, 1347.0) 
Voter 19: ID 275; Choice (1356.0, 2183.0, 192.0, 1889.0, 193.0, 1905.0, 2092.0, 191.0, 1347.0) 
Voter 20: ID 260; Choice (1356.0, 2183.0, 192.0, 1889.0, 193.0, 1905.0, 2092.0, 191.0, 1347.0) 
Voter 21: ID 607; Choice (1356.0, 2183.0, 192.0, 193.0, 1905.0, 2121.0, 191.0) 
Voter 22: ID 733; Choice (1356.0, 2183.0, 192.0, 1889.0, 193.0, 1905.0, 2092.0, 191.0, 1347.0) 
Voter 23: ID 6; Choice (1356.0, 2183.0, 192.0, 1889.0, 193.0, 1905.0, 2092.0, 191.0, 1347.0) 
Voter 24: ID 709; Choice (1356.0, 2183.0, 192.0, 1889.0, 193.0, 1905.0, 2092.0, 191.0, 1347.0) 
Voter 25: ID 287; Choice (1356.0, 2183.0, 192.0, 1889.0, 193.0, 1905.0, 2092.0, 191.0, 1347.0) 
Voter 26: ID 71; Choice (1356.0, 2183.0, 192.0, 1889.0, 193.0, 1905.0, 2092.0, 191.0, 1347.0) 
Voter 27: ID 496; Choice (1356.0, 2183.0, 192.0, 1889.0, 193.0, 1905.0, 2092.0, 191.0, 1347.0) 
Voter 28: ID 682; Choice (1356.0, 2183.0, 192.0, 1889.0, 193.0, 1905.0, 2092.0, 191.0, 1347.0) 
Voter 29: ID 505; Choice (1356.0, 2183.0, 192.0, 1889.0, 193.0, 1905.0, 2092.0, 191.0, 1347.0) 
Voter 30: ID 567; Choice (2141.0, 192.0, 1889.0, 193.0, 1347.0, 1905.0, 2092.0, 191.0) 
Voter 31: ID 227; Choice (1356.0, 2183.0, 192.0, 1889.0, 193.0, 1905.0, 2092.0, 191.0, 1347.0) 
Voter 32: ID 39; Choice (1356.0, 2183.0, 192.0, 1889.0, 193.0, 1905.0, 2092.0, 191.0, 1347.0) 
Voter 33: ID 353; Choice (1356.0, 2183.0, 192.0, 1889.0, 193.0, 1905.0, 2092.0, 191.0, 1347.0) 
Voter 34: ID 248; Choice (1356.0, 2183.0, 192.0, 1889.0, 193.0, 1905.0, 2092.0, 191.0, 1347.0) 
Voter 35: ID 116; Choice (1356.0, 2183.0, 192.0, 1889.0, 193.0, 1905.0, 2092.0, 191.0, 1347.0) 
Voter 36: ID 539; Choice (1356.0, 2183.0, 192.0, 1889.0, 193.0, 1905.0, 2092.0, 191.0, 1347.0) 
Voter 37: ID 247; Choice (1356.0, 2183.0, 192.0, 1889.0, 193.0, 1905.0, 2092.0, 191.0, 1347.0) 
Voter 38: ID 152; Choice (1356.0, 2183.0, 192.0, 1889.0, 193.0, 1905.0, 2092.0, 191.0) 
Voter 39: ID 270; Choice (1356.0, 2183.0, 192.0, 1889.0, 193.0, 2121.0, 191.0) 
Voter 40: ID 266; Choice (1356.0, 2183.0, 433.0, 192.0, 1889.0, 1347.0, 1905.0, 2092.0) 
Voter 41: ID 354; Choice (1356.0, 2183.0, 192.0, 1889.0, 193.0, 1905.0, 2092.0, 191.0, 1347.0) 
Voter 42: ID 610; Choice (1356.0, 2183.0, 192.0, 1889.0, 193.0, 1905.0, 2092.0, 191.0) 
Voter 43: ID 21; Choice (1356.0, 2183.0, 192.0, 1889.0, 193.0, 1905.0, 2092.0, 191.0, 1347.0) 
Voter 44: ID 306; Choice (1356.0, 2183.0, 192.0, 1889.0, 193.0, 1905.0, 2092.0, 191.0, 1347.0) 
Voter 45: ID 456; Choice (1356.0, 2183.0, 192.0, 1889.0, 193.0, 1905.0, 2092.0, 191.0, 1347.0) 
Voter 46: ID 90; Choice (1356.0, 2183.0, 192.0, 1889.0, 193.0, 1905.0, 2092.0, 191.0, 1347.0) 
Voter 47: ID 350; Choice (1356.0, 2183.0, 192.0, 1889.0, 193.0, 1905.0, 2092.0, 191.0, 1347.0) 
Voter 48: ID 409; Choice (1356.0, 2183.0, 192.0, 1889.0, 193.0, 1905.0, 2092.0, 191.0, 1347.0) 
Voter 49: ID 561; Choice (1356.0, 2183.0, 192.0, 1889.0, 193.0, 1905.0, 2092.0, 191.0, 1347.0) 
Voter 50: ID 511; Choice (1356.0, 2183.0, 192.0, 1889.0, 193.0, 1905.0, 2092.0, 191.0, 1347.0) 
---------------------------------------------------------------------------
After Iteration 5 :
Voter 1: ID 341; Choice (1356.0, 2183.0, 192.0, 1889.0, 193.0, 1905.0, 2092.0, 191.0, 1347.0) 
Voter 2: ID 271; Choice (1356.0, 2183.0, 192.0, 1889.0, 193.0, 1905.0, 2092.0, 191.0, 1347.0) 
Voter 3: ID 141; Choice (1356.0, 2183.0, 192.0, 1889.0, 193.0, 1905.0, 2092.0, 191.0, 1347.0) 
Voter 4: ID 547; Choice (1356.0, 2183.0, 192.0, 1889.0, 193.0, 1905.0, 2092.0, 191.0, 1347.0) 
Voter 5: ID 153; Choice (1356.0, 2183.0, 192.0, 1889.0, 193.0, 1905.0, 2092.0, 191.0, 1347.0) 
Voter 6: ID 276; Choice (1356.0, 2183.0, 192.0, 1889.0, 193.0, 1905.0, 2092.0, 191.0, 1347.0) 
Voter 7: ID 174; Choice (1356.0, 2183.0, 192.0, 1889.0, 193.0, 1905.0, 2092.0, 191.0, 1347.0) 
Voter 8: ID 256; Choice (1356.0, 2183.0, 192.0, 1889.0, 193.0, 1905.0, 2092.0, 191.0, 1347.0) 
Voter 9: ID 630; Choice (1356.0, 2183.0, 192.0, 1889.0, 193.0, 1905.0, 2092.0, 191.0, 1347.0) 
Voter 10: ID 416; Choice (1356.0, 2183.0, 192.0, 1889.0, 193.0, 1905.0, 2092.0, 191.0, 1347.0) 
Voter 11: ID 56; Choice (1356.0, 2183.0, 192.0, 1889.0, 193.0, 1905.0, 2092.0, 191.0, 1347.0) 
Voter 12: ID 406; Choice (1356.0, 2183.0, 192.0, 1889.0, 193.0, 1905.0, 2092.0, 191.0) 
Voter 13: ID 23; Choice (1356.0, 2183.0, 192.0, 1889.0, 193.0, 1905.0, 2092.0, 191.0, 1347.0) 
Voter 14: ID 43; Choice (1356.0, 2183.0, 192.0, 1889.0, 193.0, 1905.0, 2092.0, 191.0, 1347.0) 
Voter 15: ID 342; Choice (2141.0, 1356.0, 2183.0, 193.0, 1905.0, 2092.0, 191.0) 
Voter 16: ID 210; Choice (1356.0, 2183.0, 192.0, 1889.0, 193.0, 1905.0, 2092.0, 191.0, 1347.0) 
Voter 17: ID 364; Choice (2141.0, 1356.0, 2183.0, 193.0, 1905.0, 2092.0, 191.0) 
Voter 18: ID 645; Choice (1356.0, 2183.0, 192.0, 1889.0, 193.0, 1905.0, 2092.0, 191.0, 1347.0) 
Voter 19: ID 275; Choice (1356.0, 2183.0, 192.0, 1889.0, 193.0, 1905.0, 2092.0, 191.0, 1347.0) 
Voter 20: ID 260; Choice (1356.0, 2183.0, 192.0, 1889.0, 193.0, 1905.0, 2092.0, 191.0, 1347.0) 
Voter 21: ID 607; Choice (1356.0, 2183.0, 192.0, 1889.0, 193.0, 1905.0, 2092.0, 191.0, 1347.0) 
Voter 22: ID 733; Choice (1356.0, 2183.0, 192.0, 1889.0, 193.0, 1905.0, 2092.0, 191.0, 1347.0) 
Voter 23: ID 6; Choice (1356.0, 2183.0, 192.0, 1889.0, 193.0, 1905.0, 2092.0, 191.0, 1347.0) 
Voter 24: ID 709; Choice (1356.0, 2183.0, 192.0, 1889.0, 193.0, 1905.0, 2092.0, 191.0, 1347.0) 
Voter 25: ID 287; Choice (1356.0, 2183.0, 192.0, 1889.0, 193.0, 1905.0, 2092.0, 191.0, 1347.0) 
Voter 26: ID 71; Choice (1356.0, 2183.0, 192.0, 1889.0, 193.0, 1905.0, 2092.0, 191.0, 1347.0) 
Voter 27: ID 496; Choice (1356.0, 2183.0, 192.0, 1889.0, 193.0, 1905.0, 2092.0, 191.0, 1347.0) 
Voter 28: ID 682; Choice (1356.0, 2183.0, 192.0, 1889.0, 193.0, 1905.0, 2092.0, 191.0, 1347.0) 
Voter 29: ID 505; Choice (1356.0, 2183.0, 192.0, 1889.0, 193.0, 1905.0, 2092.0, 191.0, 1347.0) 
Voter 30: ID 567; Choice (1356.0, 2183.0, 192.0, 1889.0, 193.0, 1905.0, 2092.0, 191.0, 1347.0) 
Voter 31: ID 227; Choice (1356.0, 2183.0, 192.0, 1889.0, 193.0, 1905.0, 2092.0, 191.0, 1347.0) 
Voter 32: ID 39; Choice (1356.0, 2183.0, 192.0, 1889.0, 193.0, 1905.0, 2092.0, 191.0, 1347.0) 
Voter 33: ID 353; Choice (1356.0, 2183.0, 192.0, 1889.0, 193.0, 1905.0, 2092.0, 191.0, 1347.0) 
Voter 34: ID 248; Choice (1356.0, 2183.0, 192.0, 1889.0, 193.0, 1905.0, 2092.0, 191.0, 1347.0) 
Voter 35: ID 116; Choice (2141.0, 2183.0, 1889.0, 193.0, 1347.0, 1905.0, 2092.0, 191.0) 
Voter 36: ID 539; Choice (1356.0, 2183.0, 192.0, 1889.0, 193.0, 1905.0, 2092.0, 191.0, 1347.0) 
Voter 37: ID 247; Choice (1356.0, 2183.0, 192.0, 1889.0, 193.0, 1905.0, 2092.0, 191.0, 1347.0) 
Voter 38: ID 152; Choice (1356.0, 2183.0, 192.0, 1889.0, 193.0, 1905.0, 2092.0, 191.0) 
Voter 39: ID 270; Choice (1356.0, 2183.0, 192.0, 1889.0, 193.0, 2121.0, 191.0) 
Voter 40: ID 266; Choice (1356.0, 2183.0, 192.0, 1889.0, 193.0, 1905.0, 2092.0, 191.0, 1347.0) 
Voter 41: ID 354; Choice (1356.0, 2183.0, 192.0, 1889.0, 193.0, 1905.0, 2092.0, 191.0, 1347.0) 
Voter 42: ID 610; Choice (1356.0, 2183.0, 192.0, 1889.0, 193.0, 1905.0, 2092.0, 191.0) 
Voter 43: ID 21; Choice (1356.0, 2183.0, 192.0, 1889.0, 193.0, 1905.0, 2092.0, 191.0, 1347.0) 
Voter 44: ID 306; Choice (2141.0, 1356.0, 2183.0, 193.0, 1905.0, 2092.0, 191.0) 
Voter 45: ID 456; Choice (1356.0, 2183.0, 192.0, 1889.0, 193.0, 1905.0, 2092.0, 191.0, 1347.0) 
Voter 46: ID 90; Choice (1356.0, 2183.0, 192.0, 1889.0, 193.0, 1905.0, 2092.0, 191.0, 1347.0) 
Voter 47: ID 350; Choice (2141.0, 1356.0, 2183.0, 193.0, 1905.0, 2092.0, 191.0) 
Voter 48: ID 409; Choice (1356.0, 2183.0, 192.0, 1889.0, 193.0, 1905.0, 2092.0, 191.0, 1347.0) 
Voter 49: ID 561; Choice (1356.0, 2183.0, 192.0, 1889.0, 193.0, 1905.0, 2092.0, 191.0, 1347.0) 
Voter 50: ID 511; Choice (1356.0, 2183.0, 192.0, 193.0, 1905.0, 2121.0, 191.0) 
---------------------------------------------------------------------------
After Iteration 6 :
Voter 1: ID 341; Choice (1356.0, 2183.0, 192.0, 1889.0, 193.0, 1905.0, 2092.0, 191.0, 1347.0) 
Voter 2: ID 271; Choice (1356.0, 2183.0, 192.0, 1889.0, 193.0, 1905.0, 2092.0, 191.0, 1347.0) 
Voter 3: ID 141; Choice (2141.0, 2183.0, 1889.0, 1905.0, 2092.0, 2121.0) 
Voter 4: ID 547; Choice (1356.0, 2183.0, 192.0, 1889.0, 193.0, 1905.0, 2092.0, 191.0, 1347.0) 
Voter 5: ID 153; Choice (1356.0, 2183.0, 192.0, 1889.0, 193.0, 1905.0, 2092.0, 191.0, 1347.0) 
Voter 6: ID 276; Choice (1356.0, 2183.0, 192.0, 1889.0, 193.0, 1905.0, 2092.0, 191.0, 1347.0) 
Voter 7: ID 174; Choice (1356.0, 2183.0, 192.0, 1889.0, 193.0, 1905.0, 2092.0, 191.0, 1347.0) 
Voter 8: ID 256; Choice (1356.0, 2183.0, 192.0, 1889.0, 193.0, 1905.0, 2092.0, 191.0, 1347.0) 
Voter 9: ID 630; Choice (1356.0, 2183.0, 192.0, 1889.0, 193.0, 1905.0, 2092.0, 191.0, 1347.0) 
Voter 10: ID 416; Choice (1356.0, 2183.0, 192.0, 1889.0, 193.0, 1905.0, 2092.0, 191.0, 1347.0) 
Voter 11: ID 56; Choice (1356.0, 2183.0, 192.0, 1889.0, 193.0, 1905.0, 2092.0, 191.0, 1347.0) 
Voter 12: ID 406; Choice (1356.0, 2183.0, 192.0, 1889.0, 193.0, 1905.0, 2092.0, 191.0, 1347.0) 
Voter 13: ID 23; Choice (1356.0, 2183.0, 192.0, 1889.0, 193.0, 1905.0, 2092.0, 191.0, 1347.0) 
Voter 14: ID 43; Choice (1356.0, 2183.0, 192.0, 1889.0, 193.0, 1905.0, 2092.0, 191.0, 1347.0) 
Voter 15: ID 342; Choice (1356.0, 2183.0, 192.0, 1889.0, 193.0, 1905.0, 2092.0, 191.0, 1347.0) 
Voter 16: ID 210; Choice (1356.0, 2183.0, 192.0, 1889.0, 193.0, 1905.0, 2092.0, 191.0, 1347.0) 
Voter 17: ID 364; Choice (1356.0, 2183.0, 192.0, 1889.0, 193.0, 1905.0, 2092.0, 191.0, 1347.0) 
Voter 18: ID 645; Choice (1356.0, 2183.0, 192.0, 1889.0, 193.0, 1905.0, 2092.0, 191.0, 1347.0) 
Voter 19: ID 275; Choice (1356.0, 2183.0, 192.0, 1889.0, 193.0, 1905.0, 2092.0, 191.0, 1347.0) 
Voter 20: ID 260; Choice (1356.0, 2183.0, 192.0, 1889.0, 193.0, 1905.0, 2092.0, 191.0, 1347.0) 
Voter 21: ID 607; Choice (1356.0, 2183.0, 192.0, 1889.0, 193.0, 1905.0, 2092.0, 191.0, 1347.0) 
Voter 22: ID 733; Choice (1356.0, 2183.0, 192.0, 1889.0, 193.0, 1905.0, 2092.0, 191.0, 1347.0) 
Voter 23: ID 6; Choice (1356.0, 2183.0, 192.0, 1889.0, 193.0, 1905.0, 2092.0, 191.0, 1347.0) 
Voter 24: ID 709; Choice (1356.0, 2183.0, 192.0, 1889.0, 193.0, 1905.0, 2092.0, 191.0, 1347.0) 
Voter 25: ID 287; Choice (1356.0, 2183.0, 192.0, 1889.0, 193.0, 1905.0, 2092.0, 191.0, 1347.0) 
Voter 26: ID 71; Choice (1356.0, 2183.0, 192.0, 1889.0, 193.0, 1905.0, 2092.0, 191.0, 1347.0) 
Voter 27: ID 496; Choice (1356.0, 2183.0, 192.0, 1889.0, 193.0, 1905.0, 2092.0, 191.0, 1347.0) 
Voter 28: ID 682; Choice (1356.0, 2183.0, 192.0, 1889.0, 193.0, 1905.0, 2092.0, 191.0, 1347.0) 
Voter 29: ID 505; Choice (1356.0, 2183.0, 192.0, 1889.0, 193.0, 1905.0, 2092.0, 191.0, 1347.0) 
Voter 30: ID 567; Choice (1356.0, 2183.0, 192.0, 1889.0, 193.0, 1905.0, 2092.0, 191.0, 1347.0) 
Voter 31: ID 227; Choice (1356.0, 2183.0, 192.0, 1889.0, 193.0, 1905.0, 2092.0, 191.0, 1347.0) 
Voter 32: ID 39; Choice (1356.0, 2183.0, 192.0, 1889.0, 193.0, 1905.0, 2092.0, 191.0, 1347.0) 
Voter 33: ID 353; Choice (1356.0, 2183.0, 192.0, 1889.0, 193.0, 1905.0, 2092.0, 191.0, 1347.0) 
Voter 34: ID 248; Choice (1356.0, 2183.0, 192.0, 1889.0, 193.0, 1905.0, 2092.0, 191.0, 1347.0) 
Voter 35: ID 116; Choice (1356.0, 2183.0, 192.0, 1889.0, 193.0, 1905.0, 2092.0, 191.0, 1347.0) 
Voter 36: ID 539; Choice (1356.0, 2183.0, 192.0, 1889.0, 193.0, 1905.0, 2092.0, 191.0, 1347.0) 
Voter 37: ID 247; Choice (1356.0, 2183.0, 192.0, 1889.0, 193.0, 1905.0, 2092.0, 191.0, 1347.0) 
Voter 38: ID 152; Choice (1356.0, 2183.0, 192.0, 1889.0, 193.0, 1905.0, 2092.0, 191.0, 1347.0) 
Voter 39: ID 270; Choice (1356.0, 2183.0, 192.0, 1889.0, 193.0, 1905.0, 2092.0, 191.0, 1347.0) 
Voter 40: ID 266; Choice (1356.0, 2183.0, 192.0, 1889.0, 193.0, 1905.0, 2092.0, 191.0, 1347.0) 
Voter 41: ID 354; Choice (1356.0, 2183.0, 192.0, 1889.0, 193.0, 1905.0, 2092.0, 191.0, 1347.0) 
Voter 42: ID 610; Choice (1356.0, 2183.0, 192.0, 1889.0, 193.0, 1905.0, 2092.0, 191.0, 1347.0) 
Voter 43: ID 21; Choice (1356.0, 2183.0, 192.0, 1889.0, 193.0, 1905.0, 2092.0, 191.0, 1347.0) 
Voter 44: ID 306; Choice (1356.0, 2183.0, 192.0, 1889.0, 193.0, 1905.0, 2092.0, 191.0, 1347.0) 
Voter 45: ID 456; Choice (1356.0, 2183.0, 192.0, 1889.0, 193.0, 1905.0, 2092.0, 191.0, 1347.0) 
Voter 46: ID 90; Choice (1356.0, 2183.0, 192.0, 1889.0, 193.0, 1905.0, 2092.0, 191.0, 1347.0) 
Voter 47: ID 350; Choice (1356.0, 2183.0, 192.0, 1889.0, 193.0, 1905.0, 2092.0, 191.0, 1347.0) 
Voter 48: ID 409; Choice (1356.0, 2183.0, 192.0, 1889.0, 193.0, 1905.0, 2092.0, 191.0, 1347.0) 
Voter 49: ID 561; Choice (1356.0, 2183.0, 192.0, 1889.0, 193.0, 1905.0, 2092.0, 191.0, 1347.0) 
Voter 50: ID 511; Choice (1356.0, 2183.0, 192.0, 1889.0, 193.0, 1905.0, 2092.0, 191.0, 1347.0) 
---------------------------------------------------------------------------
After Iteration 7 :
Voter 1: ID 341; Choice (1356.0, 2183.0, 192.0, 1889.0, 193.0, 1905.0, 2092.0, 191.0, 1347.0) 
Voter 2: ID 271; Choice (1356.0, 2183.0, 192.0, 1889.0, 193.0, 1905.0, 2092.0, 191.0, 1347.0) 
Voter 3: ID 141; Choice (1356.0, 2183.0, 192.0, 1889.0, 193.0, 1905.0, 2092.0, 191.0, 1347.0) 
Voter 4: ID 547; Choice (1356.0, 2183.0, 192.0, 1889.0, 193.0, 1905.0, 2092.0, 191.0, 1347.0) 
Voter 5: ID 153; Choice (1356.0, 2183.0, 192.0, 1889.0, 193.0, 1905.0, 2092.0, 191.0, 1347.0) 
Voter 6: ID 276; Choice (1356.0, 2183.0, 192.0, 1889.0, 193.0, 1905.0, 2092.0, 191.0, 1347.0) 
Voter 7: ID 174; Choice (1356.0, 2183.0, 192.0, 1889.0, 193.0, 1905.0, 2092.0, 191.0, 1347.0) 
Voter 8: ID 256; Choice (1356.0, 2183.0, 192.0, 1889.0, 193.0, 1905.0, 2092.0, 191.0, 1347.0) 
Voter 9: ID 630; Choice (1356.0, 2183.0, 192.0, 1889.0, 193.0, 1905.0, 2092.0, 191.0, 1347.0) 
Voter 10: ID 416; Choice (1356.0, 2183.0, 192.0, 1889.0, 193.0, 1905.0, 2092.0, 191.0, 1347.0) 
Voter 11: ID 56; Choice (1356.0, 2183.0, 192.0, 1889.0, 193.0, 1905.0, 2092.0, 191.0, 1347.0) 
Voter 12: ID 406; Choice (1356.0, 2183.0, 192.0, 1889.0, 193.0, 1905.0, 2092.0, 191.0, 1347.0) 
Voter 13: ID 23; Choice (1356.0, 2183.0, 192.0, 1889.0, 193.0, 1905.0, 2092.0, 191.0, 1347.0) 
Voter 14: ID 43; Choice (1356.0, 2183.0, 192.0, 1889.0, 193.0, 1905.0, 2092.0, 191.0, 1347.0) 
Voter 15: ID 342; Choice (1356.0, 2183.0, 192.0, 1889.0, 193.0, 1905.0, 2092.0, 191.0, 1347.0) 
Voter 16: ID 210; Choice (1356.0, 2183.0, 192.0, 1889.0, 193.0, 1905.0, 2092.0, 191.0, 1347.0) 
Voter 17: ID 364; Choice (1356.0, 2183.0, 192.0, 1889.0, 193.0, 1905.0, 2092.0, 191.0, 1347.0) 
Voter 18: ID 645; Choice (1356.0, 2183.0, 192.0, 1889.0, 193.0, 1905.0, 2092.0, 191.0, 1347.0) 
Voter 19: ID 275; Choice (1356.0, 2183.0, 192.0, 1889.0, 193.0, 1905.0, 2092.0, 191.0, 1347.0) 
Voter 20: ID 260; Choice (1356.0, 2183.0, 192.0, 1889.0, 193.0, 1905.0, 2092.0, 191.0, 1347.0) 
Voter 21: ID 607; Choice (1356.0, 2183.0, 192.0, 1889.0, 193.0, 1905.0, 2092.0, 191.0, 1347.0) 
Voter 22: ID 733; Choice (1356.0, 2183.0, 192.0, 1889.0, 193.0, 1905.0, 2092.0, 191.0, 1347.0) 
Voter 23: ID 6; Choice (1356.0, 2183.0, 192.0, 1889.0, 193.0, 1905.0, 2092.0, 191.0, 1347.0) 
Voter 24: ID 709; Choice (1356.0, 2183.0, 192.0, 1889.0, 193.0, 1905.0, 2092.0, 191.0, 1347.0) 
Voter 25: ID 287; Choice (1356.0, 2183.0, 192.0, 1889.0, 193.0, 1905.0, 2092.0, 191.0, 1347.0) 
Voter 26: ID 71; Choice (1356.0, 2183.0, 192.0, 1889.0, 193.0, 1905.0, 2092.0, 191.0, 1347.0) 
Voter 27: ID 496; Choice (1356.0, 2183.0, 192.0, 1889.0, 193.0, 1905.0, 2092.0, 191.0, 1347.0) 
Voter 28: ID 682; Choice (1356.0, 2183.0, 192.0, 1889.0, 193.0, 1905.0, 2092.0, 191.0, 1347.0) 
Voter 29: ID 505; Choice (1356.0, 2183.0, 192.0, 1889.0, 193.0, 1905.0, 2092.0, 191.0, 1347.0) 
Voter 30: ID 567; Choice (1356.0, 2183.0, 192.0, 1889.0, 193.0, 1905.0, 2092.0, 191.0, 1347.0) 
Voter 31: ID 227; Choice (1356.0, 2183.0, 192.0, 1889.0, 193.0, 1905.0, 2092.0, 191.0, 1347.0) 
Voter 32: ID 39; Choice (1356.0, 2183.0, 192.0, 1889.0, 193.0, 1905.0, 2092.0, 191.0, 1347.0) 
Voter 33: ID 353; Choice (1356.0, 2183.0, 192.0, 1889.0, 193.0, 1905.0, 2092.0, 191.0, 1347.0) 
Voter 34: ID 248; Choice (1356.0, 2183.0, 192.0, 1889.0, 193.0, 1905.0, 2092.0, 191.0, 1347.0) 
Voter 35: ID 116; Choice (2141.0, 2183.0, 1889.0, 193.0, 1347.0, 1905.0, 2092.0, 191.0) 
Voter 36: ID 539; Choice (1356.0, 2183.0, 192.0, 1889.0, 193.0, 1905.0, 2092.0, 191.0, 1347.0) 
Voter 37: ID 247; Choice (1356.0, 2183.0, 192.0, 1889.0, 193.0, 1905.0, 2092.0, 191.0, 1347.0) 
Voter 38: ID 152; Choice (1211.0, 2141.0, 192.0, 193.0, 1905.0, 191.0) 
Voter 39: ID 270; Choice (1356.0, 2183.0, 192.0, 1889.0, 193.0, 1905.0, 2092.0, 191.0, 1347.0) 
Voter 40: ID 266; Choice (1356.0, 2183.0, 192.0, 1889.0, 193.0, 1905.0, 2092.0, 191.0, 1347.0) 
Voter 41: ID 354; Choice (1356.0, 2183.0, 192.0, 1889.0, 193.0, 1905.0, 2092.0, 191.0, 1347.0) 
Voter 42: ID 610; Choice (1356.0, 2183.0, 192.0, 1889.0, 193.0, 1905.0, 2092.0, 191.0, 1347.0) 
Voter 43: ID 21; Choice (1356.0, 2183.0, 192.0, 1889.0, 193.0, 1905.0, 2092.0, 191.0, 1347.0) 
Voter 44: ID 306; Choice (1356.0, 2183.0, 192.0, 1889.0, 193.0, 1905.0, 2092.0, 191.0, 1347.0) 
Voter 45: ID 456; Choice (1356.0, 2183.0, 192.0, 1889.0, 193.0, 1905.0, 2092.0, 191.0, 1347.0) 
Voter 46: ID 90; Choice (1356.0, 2183.0, 192.0, 1889.0, 193.0, 1905.0, 2092.0, 191.0, 1347.0) 
Voter 47: ID 350; Choice (1356.0, 2183.0, 192.0, 1889.0, 193.0, 1905.0, 2092.0, 191.0, 1347.0) 
Voter 48: ID 409; Choice (1356.0, 2183.0, 192.0, 1889.0, 193.0, 1905.0, 2092.0, 191.0, 1347.0) 
Voter 49: ID 561; Choice (1356.0, 2183.0, 192.0, 1889.0, 193.0, 1905.0, 2092.0, 191.0, 1347.0) 
Voter 50: ID 511; Choice (1356.0, 2183.0, 192.0, 1889.0, 193.0, 1905.0, 2092.0, 191.0, 1347.0) 
---------------------------------------------------------------------------
After Iteration 8 :
Voter 1: ID 341; Choice (1356.0, 2183.0, 192.0, 1889.0, 193.0, 1905.0, 2092.0, 191.0, 1347.0) 
Voter 2: ID 271; Choice (1356.0, 2183.0, 192.0, 1889.0, 193.0, 1905.0, 2092.0, 191.0, 1347.0) 
Voter 3: ID 141; Choice (1356.0, 2183.0, 192.0, 1889.0, 193.0, 1905.0, 2092.0, 191.0, 1347.0) 
Voter 4: ID 547; Choice (1356.0, 2183.0, 192.0, 1889.0, 193.0, 1905.0, 2092.0, 191.0, 1347.0) 
Voter 5: ID 153; Choice (1356.0, 2183.0, 192.0, 1889.0, 193.0, 1905.0, 2092.0, 191.0, 1347.0) 
Voter 6: ID 276; Choice (1356.0, 2183.0, 192.0, 1889.0, 193.0, 1905.0, 2092.0, 191.0, 1347.0) 
Voter 7: ID 174; Choice (1356.0, 2183.0, 192.0, 1889.0, 193.0, 1905.0, 2092.0, 191.0, 1347.0) 
Voter 8: ID 256; Choice (1356.0, 2183.0, 192.0, 1889.0, 193.0, 1905.0, 2092.0, 191.0, 1347.0) 
Voter 9: ID 630; Choice (1356.0, 2183.0, 192.0, 1889.0, 193.0, 1905.0, 2092.0, 191.0, 1347.0) 
Voter 10: ID 416; Choice (1356.0, 2183.0, 192.0, 1889.0, 193.0, 1905.0, 2092.0, 191.0, 1347.0) 
Voter 11: ID 56; Choice (1356.0, 2183.0, 192.0, 1889.0, 193.0, 1905.0, 2092.0, 191.0, 1347.0) 
Voter 12: ID 406; Choice (1356.0, 2183.0, 192.0, 1889.0, 193.0, 1905.0, 2092.0, 191.0, 1347.0) 
Voter 13: ID 23; Choice (1356.0, 2183.0, 192.0, 1889.0, 193.0, 1905.0, 2092.0, 191.0, 1347.0) 
Voter 14: ID 43; Choice (1356.0, 2183.0, 192.0, 1889.0, 193.0, 1905.0, 2092.0, 191.0, 1347.0) 
Voter 15: ID 342; Choice (1356.0, 2183.0, 192.0, 1889.0, 193.0, 1905.0, 2092.0, 191.0, 1347.0) 
Voter 16: ID 210; Choice (1356.0, 2183.0, 192.0, 1889.0, 193.0, 1905.0, 2092.0, 191.0, 1347.0) 
Voter 17: ID 364; Choice (1356.0, 2183.0, 192.0, 1889.0, 193.0, 1905.0, 2092.0, 191.0, 1347.0) 
Voter 18: ID 645; Choice (1356.0, 2183.0, 192.0, 1889.0, 193.0, 1905.0, 2092.0, 191.0, 1347.0) 
Voter 19: ID 275; Choice (1356.0, 2183.0, 192.0, 1889.0, 193.0, 1905.0, 2092.0, 191.0, 1347.0) 
Voter 20: ID 260; Choice (1356.0, 2183.0, 192.0, 1889.0, 193.0, 1905.0, 2092.0, 191.0, 1347.0) 
Voter 21: ID 607; Choice (1356.0, 2183.0, 192.0, 1889.0, 193.0, 1905.0, 2092.0, 191.0, 1347.0) 
Voter 22: ID 733; Choice (1356.0, 2183.0, 192.0, 1889.0, 193.0, 1905.0, 2092.0, 191.0, 1347.0) 
Voter 23: ID 6; Choice (1356.0, 2183.0, 192.0, 1889.0, 193.0, 1905.0, 2092.0, 191.0, 1347.0) 
Voter 24: ID 709; Choice (1356.0, 2183.0, 192.0, 1889.0, 193.0, 1905.0, 2092.0, 191.0, 1347.0) 
Voter 25: ID 287; Choice (1356.0, 2183.0, 192.0, 1889.0, 193.0, 1905.0, 2092.0, 191.0, 1347.0) 
Voter 26: ID 71; Choice (1356.0, 2183.0, 192.0, 1889.0, 193.0, 1905.0, 2092.0, 191.0, 1347.0) 
Voter 27: ID 496; Choice (1356.0, 2183.0, 192.0, 1889.0, 193.0, 1905.0, 2092.0, 191.0, 1347.0) 
Voter 28: ID 682; Choice (1356.0, 2183.0, 192.0, 1889.0, 193.0, 1905.0, 2092.0, 191.0, 1347.0) 
Voter 29: ID 505; Choice (1356.0, 2183.0, 192.0, 1889.0, 193.0, 1905.0, 2092.0, 191.0, 1347.0) 
Voter 30: ID 567; Choice (1356.0, 2183.0, 192.0, 1889.0, 193.0, 1905.0, 2092.0, 191.0, 1347.0) 
Voter 31: ID 227; Choice (1356.0, 2183.0, 192.0, 1889.0, 193.0, 1905.0, 2092.0, 191.0, 1347.0) 
Voter 32: ID 39; Choice (1356.0, 2183.0, 192.0, 1889.0, 193.0, 1905.0, 2092.0, 191.0, 1347.0) 
Voter 33: ID 353; Choice (1356.0, 2183.0, 192.0, 1889.0, 193.0, 1905.0, 2092.0, 191.0, 1347.0) 
Voter 34: ID 248; Choice (1356.0, 2183.0, 192.0, 1889.0, 193.0, 1905.0, 2092.0, 191.0, 1347.0) 
Voter 35: ID 116; Choice (1356.0, 2183.0, 192.0, 1889.0, 193.0, 1905.0, 2092.0, 191.0, 1347.0) 
Voter 36: ID 539; Choice (1356.0, 2183.0, 192.0, 1889.0, 193.0, 1905.0, 2092.0, 191.0, 1347.0) 
Voter 37: ID 247; Choice (1356.0, 2183.0, 192.0, 1889.0, 193.0, 1905.0, 2092.0, 191.0, 1347.0) 
Voter 38: ID 152; Choice (1356.0, 2183.0, 192.0, 1889.0, 193.0, 1905.0, 2092.0, 191.0, 1347.0) 
Voter 39: ID 270; Choice (1356.0, 2183.0, 192.0, 1889.0, 193.0, 1905.0, 2092.0, 191.0, 1347.0) 
Voter 40: ID 266; Choice (1356.0, 2183.0, 192.0, 1889.0, 193.0, 1905.0, 2092.0, 191.0, 1347.0) 
Voter 41: ID 354; Choice (1356.0, 2183.0, 192.0, 1889.0, 193.0, 1905.0, 2092.0, 191.0, 1347.0) 
Voter 42: ID 610; Choice (1356.0, 2183.0, 192.0, 1889.0, 193.0, 1905.0, 2092.0, 191.0, 1347.0) 
Voter 43: ID 21; Choice (1356.0, 2183.0, 192.0, 1889.0, 193.0, 1905.0, 2092.0, 191.0, 1347.0) 
Voter 44: ID 306; Choice (1356.0, 2183.0, 192.0, 1889.0, 193.0, 1905.0, 2092.0, 191.0, 1347.0) 
Voter 45: ID 456; Choice (1356.0, 2183.0, 192.0, 1889.0, 193.0, 1905.0, 2092.0, 191.0, 1347.0) 
Voter 46: ID 90; Choice (1356.0, 2183.0, 192.0, 1889.0, 193.0, 1905.0, 2092.0, 191.0, 1347.0) 
Voter 47: ID 350; Choice (1356.0, 2183.0, 192.0, 1889.0, 193.0, 1905.0, 2092.0, 191.0, 1347.0) 
Voter 48: ID 409; Choice (1356.0, 2183.0, 192.0, 1889.0, 193.0, 1905.0, 2092.0, 191.0, 1347.0) 
Voter 49: ID 561; Choice (1356.0, 2183.0, 192.0, 1889.0, 193.0, 1905.0, 2092.0, 191.0, 1347.0) 
Voter 50: ID 511; Choice (1356.0, 2183.0, 192.0, 1889.0, 193.0, 1905.0, 2092.0, 191.0, 1347.0) 
---------------------------------------------------------------------------
Concensus reached after 8 iterations.
Max degree: 16 Number of valid combinations: 30 Using random find.
There are 1 opinions after all iterations.
(1356.0, 2183.0, 192.0, 1889.0, 193.0, 1905.0, 2092.0, 191.0, 1347.0) count: 50
