    project id    reward
0       1211.0 -0.444988
1       2141.0 -0.057202
2       1356.0  0.331482
3       2183.0  0.343395
4        433.0 -0.263659
5        192.0  0.232709
6       1889.0  0.302624
7        193.0  0.251523
8       1347.0  0.192139
9       1905.0  0.121838
10      2092.0  0.245409
11      2121.0 -0.136063
12       191.0  0.215283
Valid Combinations are:
(1356.0, 2183.0, 192.0, 1889.0, 193.0, 1905.0, 2092.0, 191.0, 1347.0)
(1356.0, 2183.0, 192.0, 1889.0, 193.0, 1905.0, 2092.0, 191.0)
(1211.0, 2141.0, 1356.0, 2183.0, 192.0, 193.0)
(2141.0, 1356.0, 2183.0, 433.0, 192.0, 1889.0, 193.0, 1347.0, 1905.0, 2092.0, 191.0)
(2141.0, 1356.0, 2183.0, 192.0, 1889.0, 193.0, 1347.0, 1905.0, 2092.0, 2121.0, 191.0)
(1356.0, 2183.0, 433.0, 192.0, 1889.0, 193.0, 1347.0, 1905.0, 2092.0, 2121.0, 191.0)
(1211.0, 1356.0, 2183.0, 192.0, 1889.0, 193.0, 1905.0, 2092.0, 191.0)
(1211.0, 2183.0, 192.0, 1889.0, 193.0, 1347.0, 1905.0, 2092.0, 191.0)
(2141.0, 2183.0, 433.0, 192.0, 1889.0, 193.0, 1347.0, 1905.0, 2121.0)
(2141.0, 2183.0, 433.0, 192.0, 1889.0, 193.0, 1347.0, 2092.0, 2121.0)
(2141.0, 2183.0, 433.0, 192.0, 1889.0, 193.0, 1347.0, 2121.0, 191.0)
(2141.0, 2183.0, 433.0, 192.0, 1889.0, 193.0, 1905.0, 2092.0, 2121.0)
(2141.0, 2183.0, 433.0, 192.0, 1889.0, 193.0, 1905.0, 2121.0, 191.0)
(2141.0, 2183.0, 433.0, 192.0, 1889.0, 193.0, 2092.0, 2121.0, 191.0)
(2141.0, 2183.0, 433.0, 192.0, 1889.0, 1905.0, 2092.0, 2121.0, 191.0)
(2141.0, 2183.0, 433.0, 192.0, 193.0, 1347.0, 1905.0, 2092.0, 2121.0)
(2141.0, 2183.0, 433.0, 192.0, 193.0, 1347.0, 1905.0, 2121.0, 191.0)
(2141.0, 2183.0, 433.0, 192.0, 193.0, 1347.0, 2092.0, 2121.0, 191.0)
(2141.0, 2183.0, 433.0, 192.0, 193.0, 1905.0, 2092.0, 2121.0, 191.0)
(2141.0, 2183.0, 433.0, 1889.0, 193.0, 1905.0, 2092.0, 2121.0, 191.0)
(2141.0, 433.0, 192.0, 1889.0, 193.0, 1905.0, 2092.0, 2121.0, 191.0)
(1211.0, 1356.0, 2183.0, 192.0, 1889.0, 193.0, 1347.0, 1905.0)
(1211.0, 1356.0, 2183.0, 192.0, 1889.0, 193.0, 1347.0, 2092.0)
(1211.0, 1356.0, 2183.0, 192.0, 1889.0, 193.0, 1347.0, 191.0)
(1211.0, 1356.0, 2183.0, 192.0, 193.0, 1347.0, 1905.0, 2092.0)
(1211.0, 1356.0, 2183.0, 192.0, 193.0, 1347.0, 1905.0, 191.0)
(1211.0, 1356.0, 2183.0, 192.0, 193.0, 1347.0, 2092.0, 191.0)
(1211.0, 1356.0, 2183.0, 1889.0, 193.0, 1347.0, 1905.0, 2092.0)
(1211.0, 1356.0, 2183.0, 1889.0, 193.0, 1347.0, 1905.0, 191.0)
(1211.0, 1356.0, 2183.0, 1889.0, 193.0, 1347.0, 2092.0, 191.0)
(1211.0, 1356.0, 2183.0, 193.0, 1347.0, 1905.0, 2092.0, 191.0)
(2141.0, 1356.0, 2183.0, 433.0, 192.0, 1889.0, 193.0, 2121.0)
(2141.0, 1356.0, 2183.0, 433.0, 192.0, 1889.0, 1905.0, 2121.0)
(2141.0, 1356.0, 2183.0, 433.0, 192.0, 1889.0, 2121.0, 191.0)
(2141.0, 1356.0, 2183.0, 433.0, 192.0, 193.0, 1347.0, 2121.0)
(2141.0, 1356.0, 2183.0, 433.0, 192.0, 193.0, 1905.0, 2121.0)
(2141.0, 1356.0, 2183.0, 433.0, 192.0, 193.0, 2092.0, 2121.0)
(2141.0, 1356.0, 2183.0, 433.0, 192.0, 193.0, 2121.0, 191.0)
(2141.0, 1356.0, 2183.0, 433.0, 192.0, 1905.0, 2092.0, 2121.0)
(2141.0, 1356.0, 2183.0, 433.0, 192.0, 1905.0, 2121.0, 191.0)
(2141.0, 1356.0, 2183.0, 433.0, 1889.0, 193.0, 1905.0, 2121.0)
(2141.0, 1356.0, 2183.0, 433.0, 1889.0, 193.0, 2092.0, 2121.0)
(2141.0, 1356.0, 2183.0, 433.0, 1889.0, 193.0, 2121.0, 191.0)
(2141.0, 1356.0, 2183.0, 433.0, 193.0, 1905.0, 2092.0, 2121.0)
(2141.0, 1356.0, 2183.0, 433.0, 193.0, 1905.0, 2121.0, 191.0)
(2141.0, 1356.0, 2183.0, 433.0, 193.0, 2092.0, 2121.0, 191.0)
(2141.0, 1356.0, 433.0, 192.0, 1889.0, 193.0, 1905.0, 2121.0)
(2141.0, 1356.0, 433.0, 192.0, 193.0, 1905.0, 2092.0, 2121.0)
(2141.0, 1356.0, 433.0, 192.0, 193.0, 1905.0, 2121.0, 191.0)
(2141.0, 2183.0, 433.0, 1889.0, 1347.0, 1905.0, 2092.0, 2121.0)
(2141.0, 2183.0, 433.0, 1889.0, 1347.0, 1905.0, 2121.0, 191.0)
(2141.0, 2183.0, 433.0, 1347.0, 1905.0, 2092.0, 2121.0, 191.0)
(2141.0, 433.0, 1889.0, 193.0, 1347.0, 1905.0, 2121.0, 191.0)
(1211.0, 2141.0, 2183.0, 192.0, 1889.0, 193.0, 1905.0)
(1211.0, 2141.0, 2183.0, 192.0, 1889.0, 193.0, 2092.0)
(1211.0, 2141.0, 2183.0, 192.0, 1889.0, 193.0, 191.0)
(1211.0, 2141.0, 2183.0, 192.0, 193.0, 1905.0, 2092.0)
(1211.0, 2141.0, 2183.0, 192.0, 193.0, 1905.0, 191.0)
(1211.0, 2141.0, 2183.0, 192.0, 193.0, 2092.0, 191.0)
(1211.0, 1356.0, 192.0, 1889.0, 1347.0, 1905.0, 2092.0)
(1211.0, 1356.0, 192.0, 1889.0, 1347.0, 1905.0, 191.0)
(1211.0, 1356.0, 192.0, 1347.0, 1905.0, 2092.0, 191.0)
(1211.0, 2183.0, 192.0, 1889.0, 193.0, 1905.0, 2121.0)
(1211.0, 2183.0, 192.0, 1889.0, 193.0, 2092.0, 2121.0)
(1211.0, 2183.0, 192.0, 1889.0, 193.0, 2121.0, 191.0)
(1211.0, 2183.0, 192.0, 193.0, 1905.0, 2092.0, 2121.0)
(1211.0, 2183.0, 192.0, 193.0, 1905.0, 2121.0, 191.0)
(1211.0, 2183.0, 192.0, 193.0, 2092.0, 2121.0, 191.0)
(1211.0, 2183.0, 1889.0, 193.0, 1905.0, 2121.0, 191.0)
(2141.0, 1356.0, 2183.0, 433.0, 1347.0, 1905.0, 2121.0)
(2141.0, 1356.0, 433.0, 192.0, 1889.0, 2092.0, 2121.0)
(2141.0, 1356.0, 433.0, 192.0, 2092.0, 2121.0, 191.0)
(2141.0, 1356.0, 433.0, 193.0, 1347.0, 1905.0, 2121.0)
(2141.0, 433.0, 1889.0, 1347.0, 2092.0, 2121.0, 191.0)
(1211.0, 2141.0, 2183.0, 192.0, 193.0, 1347.0)
(1211.0, 2141.0, 2183.0, 1889.0, 193.0, 1347.0)
(1211.0, 2141.0, 2183.0, 1889.0, 1905.0, 191.0)
(1211.0, 2141.0, 2183.0, 193.0, 1347.0, 1905.0)
(1211.0, 2141.0, 2183.0, 193.0, 1347.0, 2092.0)
(1211.0, 2141.0, 2183.0, 193.0, 1347.0, 191.0)
(1211.0, 2141.0, 1889.0, 193.0, 1905.0, 191.0)
(1211.0, 1356.0, 2183.0, 192.0, 193.0, 2121.0)
(1211.0, 1356.0, 2183.0, 193.0, 1905.0, 2121.0)
(1211.0, 2183.0, 192.0, 193.0, 1347.0, 2121.0)
(1211.0, 2183.0, 192.0, 1347.0, 1905.0, 2121.0)
Initial Choices:
---------------------------------------------------------------------------
Voter 1: ID 324; Choice (1211.0, 2141.0, 2183.0, 192.0, 193.0, 1347.0) 
Voter 2: ID 38; Choice (2141.0, 2183.0, 433.0, 192.0, 193.0, 1347.0, 1905.0, 2121.0, 191.0) 
Voter 3: ID 50; Choice (1211.0, 1356.0, 2183.0, 193.0, 1905.0, 2121.0) 
Voter 4: ID 238; Choice (2141.0, 1356.0, 433.0, 192.0, 1889.0, 2092.0, 2121.0) 
Voter 5: ID 426; Choice (1211.0, 1356.0, 192.0, 1347.0, 1905.0, 2092.0, 191.0) 
Voter 6: ID 83; Choice (1211.0, 2183.0, 192.0, 1889.0, 193.0, 2121.0, 191.0) 
Voter 7: ID 538; Choice (2141.0, 1356.0, 2183.0, 433.0, 1889.0, 193.0, 2121.0, 191.0) 
Voter 8: ID 266; Choice (2141.0, 1356.0, 433.0, 192.0, 1889.0, 2092.0, 2121.0) 
Voter 9: ID 249; Choice (2141.0, 1356.0, 2183.0, 433.0, 1347.0, 1905.0, 2121.0) 
Voter 10: ID 705; Choice (2141.0, 1356.0, 433.0, 192.0, 2092.0, 2121.0, 191.0) 
Voter 11: ID 700; Choice (1211.0, 2183.0, 192.0, 1889.0, 193.0, 2092.0, 2121.0) 
Voter 12: ID 126; Choice (1211.0, 1356.0, 2183.0, 193.0, 1905.0, 2121.0) 
Voter 13: ID 666; Choice (2141.0, 1356.0, 2183.0, 433.0, 1889.0, 193.0, 2092.0, 2121.0) 
Voter 14: ID 64; Choice (1211.0, 1356.0, 2183.0, 1889.0, 193.0, 1347.0, 1905.0, 2092.0) 
Voter 15: ID 28; Choice (2141.0, 1356.0, 2183.0, 433.0, 192.0, 1889.0, 1905.0, 2121.0) 
Voter 16: ID 30; Choice (1211.0, 2141.0, 1356.0, 2183.0, 192.0, 193.0) 
Voter 17: ID 585; Choice (2141.0, 1356.0, 2183.0, 433.0, 193.0, 2092.0, 2121.0, 191.0) 
Voter 18: ID 393; Choice (1211.0, 2141.0, 2183.0, 192.0, 193.0, 1905.0, 2092.0) 
Voter 19: ID 351; Choice (1211.0, 2183.0, 192.0, 1889.0, 193.0, 2121.0, 191.0) 
Voter 20: ID 55; Choice (2141.0, 2183.0, 433.0, 192.0, 1889.0, 193.0, 1905.0, 2092.0, 2121.0) 
Voter 21: ID 259; Choice (2141.0, 1356.0, 2183.0, 433.0, 192.0, 1889.0, 193.0, 1347.0, 1905.0, 2092.0, 191.0) 
Voter 22: ID 208; Choice (2141.0, 433.0, 192.0, 1889.0, 193.0, 1905.0, 2092.0, 2121.0, 191.0) 
Voter 23: ID 66; Choice (2141.0, 1356.0, 2183.0, 433.0, 1889.0, 193.0, 1905.0, 2121.0) 
Voter 24: ID 395; Choice (2141.0, 2183.0, 433.0, 192.0, 193.0, 1347.0, 1905.0, 2121.0, 191.0) 
Voter 25: ID 715; Choice (2141.0, 2183.0, 433.0, 192.0, 193.0, 1905.0, 2092.0, 2121.0, 191.0) 
Voter 26: ID 151; Choice (2141.0, 1356.0, 433.0, 192.0, 1889.0, 2092.0, 2121.0) 
Voter 27: ID 291; Choice (2141.0, 1356.0, 2183.0, 433.0, 1347.0, 1905.0, 2121.0) 
Voter 28: ID 696; Choice (1211.0, 2183.0, 192.0, 1347.0, 1905.0, 2121.0) 
Voter 29: ID 360; Choice (1211.0, 2141.0, 2183.0, 192.0, 193.0, 1347.0) 
Voter 30: ID 376; Choice (1211.0, 2141.0, 2183.0, 192.0, 193.0, 1347.0) 
Voter 31: ID 622; Choice (2141.0, 1356.0, 2183.0, 192.0, 1889.0, 193.0, 1347.0, 1905.0, 2092.0, 2121.0, 191.0) 
Voter 32: ID 175; Choice (2141.0, 1356.0, 2183.0, 433.0, 1889.0, 193.0, 1905.0, 2121.0) 
Voter 33: ID 545; Choice (1211.0, 2141.0, 1889.0, 193.0, 1905.0, 191.0) 
Voter 34: ID 60; Choice (2141.0, 1356.0, 2183.0, 433.0, 192.0, 1905.0, 2121.0, 191.0) 
Voter 35: ID 645; Choice (1211.0, 2141.0, 2183.0, 192.0, 193.0, 1905.0, 2092.0) 
Voter 36: ID 145; Choice (1211.0, 1356.0, 2183.0, 192.0, 1889.0, 193.0, 1347.0, 1905.0) 
Voter 37: ID 297; Choice (2141.0, 1356.0, 2183.0, 433.0, 192.0, 193.0, 1347.0, 2121.0) 
Voter 38: ID 470; Choice (2141.0, 2183.0, 433.0, 192.0, 1889.0, 193.0, 1347.0, 2092.0, 2121.0) 
Voter 39: ID 108; Choice (2141.0, 1356.0, 433.0, 192.0, 1889.0, 2092.0, 2121.0) 
Voter 40: ID 486; Choice (1211.0, 2141.0, 2183.0, 193.0, 1347.0, 191.0) 
Voter 41: ID 320; Choice (2141.0, 2183.0, 433.0, 192.0, 1889.0, 1905.0, 2092.0, 2121.0, 191.0) 
Voter 42: ID 77; Choice (1356.0, 2183.0, 192.0, 1889.0, 193.0, 1905.0, 2092.0, 191.0, 1347.0) 
Voter 43: ID 726; Choice (1211.0, 1356.0, 2183.0, 192.0, 1889.0, 193.0, 1347.0, 191.0) 
Voter 44: ID 125; Choice (2141.0, 1356.0, 2183.0, 433.0, 192.0, 1905.0, 2092.0, 2121.0) 
Voter 45: ID 199; Choice (2141.0, 1356.0, 2183.0, 433.0, 1889.0, 193.0, 1905.0, 2121.0) 
Voter 46: ID 621; Choice (2141.0, 1356.0, 433.0, 192.0, 2092.0, 2121.0, 191.0) 
Voter 47: ID 254; Choice (2141.0, 1356.0, 433.0, 193.0, 1347.0, 1905.0, 2121.0) 
Voter 48: ID 162; Choice (1211.0, 2183.0, 192.0, 1889.0, 193.0, 1347.0, 1905.0, 2092.0, 191.0) 
Voter 49: ID 628; Choice (1211.0, 2141.0, 2183.0, 192.0, 193.0, 1905.0, 191.0) 
Voter 50: ID 663; Choice (2141.0, 1356.0, 2183.0, 433.0, 1347.0, 1905.0, 2121.0) 
---------------------------------------------------------------------------
After Iteration 1 :
Voter 1: ID 324; Choice (1211.0, 2141.0, 2183.0, 1889.0, 193.0, 1347.0) 
Voter 2: ID 38; Choice (2141.0, 2183.0, 433.0, 1889.0, 1347.0, 1905.0, 2121.0, 191.0) 
Voter 3: ID 50; Choice (2141.0, 1356.0, 2183.0, 433.0, 192.0, 1905.0, 2092.0, 2121.0) 
Voter 4: ID 238; Choice (1211.0, 1356.0, 2183.0, 193.0, 1347.0, 1905.0, 2092.0, 191.0) 
Voter 5: ID 426; Choice (2141.0, 2183.0, 433.0, 192.0, 1889.0, 193.0, 1347.0, 2121.0, 191.0) 
Voter 6: ID 83; Choice (2141.0, 1356.0, 2183.0, 433.0, 192.0, 1889.0, 193.0, 1347.0, 1905.0, 2092.0, 191.0) 
Voter 7: ID 538; Choice (2141.0, 1356.0, 2183.0, 433.0, 192.0, 1889.0, 1905.0, 2121.0) 
Voter 8: ID 266; Choice (1211.0, 1356.0, 2183.0, 192.0, 193.0, 1347.0, 1905.0, 191.0) 
Voter 9: ID 249; Choice (2141.0, 1356.0, 433.0, 192.0, 193.0, 1905.0, 2092.0, 2121.0) 
Voter 10: ID 705; Choice (1211.0, 2183.0, 192.0, 1889.0, 193.0, 1347.0, 1905.0, 2092.0, 191.0) 
Voter 11: ID 700; Choice (2141.0, 433.0, 1889.0, 1347.0, 2092.0, 2121.0, 191.0) 
Voter 12: ID 126; Choice (1211.0, 1356.0, 192.0, 1889.0, 1347.0, 1905.0, 191.0) 
Voter 13: ID 666; Choice (2141.0, 433.0, 1889.0, 1347.0, 2092.0, 2121.0, 191.0) 
Voter 14: ID 64; Choice (1211.0, 2183.0, 192.0, 1889.0, 193.0, 1347.0, 1905.0, 2092.0, 191.0) 
Voter 15: ID 28; Choice (2141.0, 1356.0, 2183.0, 433.0, 193.0, 2092.0, 2121.0, 191.0) 
Voter 16: ID 30; Choice (1211.0, 1356.0, 2183.0, 1889.0, 193.0, 1347.0, 2092.0, 191.0) 
Voter 17: ID 585; Choice (2141.0, 2183.0, 433.0, 192.0, 1889.0, 193.0, 1347.0, 2121.0, 191.0) 
Voter 18: ID 393; Choice (1211.0, 2183.0, 192.0, 193.0, 1905.0, 2121.0, 191.0) 
Voter 19: ID 351; Choice (1211.0, 1356.0, 2183.0, 192.0, 1889.0, 193.0, 1347.0, 2092.0) 
Voter 20: ID 55; Choice (2141.0, 1356.0, 2183.0, 433.0, 193.0, 1905.0, 2121.0, 191.0) 
Voter 21: ID 259; Choice (1211.0, 1356.0, 2183.0, 192.0, 1889.0, 193.0, 1347.0, 191.0) 
Voter 22: ID 208; Choice (2141.0, 1356.0, 2183.0, 433.0, 1347.0, 1905.0, 2121.0) 
Voter 23: ID 66; Choice (1211.0, 2183.0, 192.0, 1889.0, 193.0, 2092.0, 2121.0) 
Voter 24: ID 395; Choice (2141.0, 2183.0, 433.0, 192.0, 1889.0, 193.0, 2092.0, 2121.0, 191.0) 
Voter 25: ID 715; Choice (1211.0, 1356.0, 2183.0, 1889.0, 193.0, 1347.0, 1905.0, 191.0) 
Voter 26: ID 151; Choice (1211.0, 2141.0, 2183.0, 193.0, 1347.0, 1905.0) 
Voter 27: ID 291; Choice (2141.0, 2183.0, 433.0, 192.0, 1889.0, 193.0, 1905.0, 2121.0, 191.0) 
Voter 28: ID 696; Choice (2141.0, 2183.0, 433.0, 192.0, 1889.0, 193.0, 1347.0, 1905.0, 2121.0) 
Voter 29: ID 360; Choice (1211.0, 2141.0, 2183.0, 192.0, 193.0, 2092.0, 191.0) 
Voter 30: ID 376; Choice (2141.0, 2183.0, 433.0, 192.0, 1889.0, 193.0, 2092.0, 2121.0, 191.0) 
Voter 31: ID 622; Choice (1211.0, 1356.0, 2183.0, 192.0, 1889.0, 193.0, 1347.0, 2092.0) 
Voter 32: ID 175; Choice (1211.0, 2141.0, 2183.0, 192.0, 193.0, 1905.0, 2092.0) 
Voter 33: ID 545; Choice (1211.0, 2141.0, 2183.0, 1889.0, 1905.0, 191.0) 
Voter 34: ID 60; Choice (1211.0, 1356.0, 2183.0, 192.0, 1889.0, 193.0, 1347.0, 1905.0) 
Voter 35: ID 645; Choice (2141.0, 2183.0, 433.0, 192.0, 1889.0, 193.0, 1347.0, 1905.0, 2121.0) 
Voter 36: ID 145; Choice (1211.0, 1356.0, 2183.0, 192.0, 1889.0, 193.0, 1347.0, 2092.0) 
Voter 37: ID 297; Choice (1211.0, 1356.0, 2183.0, 192.0, 1889.0, 193.0, 1347.0, 191.0) 
Voter 38: ID 470; Choice (1211.0, 1356.0, 2183.0, 193.0, 1905.0, 2121.0) 
Voter 39: ID 108; Choice (1211.0, 1356.0, 192.0, 1889.0, 1347.0, 1905.0, 191.0) 
Voter 40: ID 486; Choice (1211.0, 2141.0, 1889.0, 193.0, 1905.0, 191.0) 
Voter 41: ID 320; Choice (2141.0, 1356.0, 433.0, 192.0, 1889.0, 2092.0, 2121.0) 
Voter 42: ID 77; Choice (1211.0, 2141.0, 2183.0, 193.0, 1347.0, 2092.0) 
Voter 43: ID 726; Choice (1211.0, 2141.0, 2183.0, 192.0, 193.0, 2092.0, 191.0) 
Voter 44: ID 125; Choice (2141.0, 2183.0, 433.0, 192.0, 1889.0, 193.0, 1347.0, 2121.0, 191.0) 
Voter 45: ID 199; Choice (1211.0, 2183.0, 1889.0, 193.0, 1905.0, 2121.0, 191.0) 
Voter 46: ID 621; Choice (1211.0, 2141.0, 2183.0, 1889.0, 1905.0, 191.0) 
Voter 47: ID 254; Choice (2141.0, 433.0, 1889.0, 1347.0, 2092.0, 2121.0, 191.0) 
Voter 48: ID 162; Choice (2141.0, 2183.0, 433.0, 192.0, 193.0, 1347.0, 1905.0, 2121.0, 191.0) 
Voter 49: ID 628; Choice (1211.0, 2141.0, 2183.0, 192.0, 193.0, 2092.0, 191.0) 
Voter 50: ID 663; Choice (1211.0, 2183.0, 1889.0, 193.0, 1905.0, 2121.0, 191.0) 
---------------------------------------------------------------------------
---------------------------------------------------------------------------
{(1356.0, 2183.0, 192.0, 1889.0, 193.0, 1905.0, 2092.0, 191.0, 1347.0): 0.22364029753939524, (1356.0, 2183.0, 192.0, 1889.0, 193.0, 1905.0, 2092.0, 191.0): 0, (1211.0, 2141.0, 1356.0, 2183.0, 192.0, 193.0): 0, (2141.0, 1356.0, 2183.0, 433.0, 192.0, 1889.0, 193.0, 1347.0, 1905.0, 2092.0, 191.0): 0.19155421023630412, (2141.0, 1356.0, 2183.0, 192.0, 1889.0, 193.0, 1347.0, 1905.0, 2092.0, 2121.0, 191.0): 0, (1356.0, 2183.0, 433.0, 192.0, 1889.0, 193.0, 1347.0, 1905.0, 2092.0, 2121.0, 191.0): 0, (1211.0, 1356.0, 2183.0, 192.0, 1889.0, 193.0, 1905.0, 2092.0, 191.0): 0, (1211.0, 2183.0, 192.0, 1889.0, 193.0, 1347.0, 1905.0, 2092.0, 191.0): 0, (2141.0, 2183.0, 433.0, 192.0, 1889.0, 193.0, 1347.0, 1905.0, 2121.0): 0, (2141.0, 2183.0, 433.0, 192.0, 1889.0, 193.0, 1347.0, 2092.0, 2121.0): 0.11108759174225871, (2141.0, 2183.0, 433.0, 192.0, 1889.0, 193.0, 1347.0, 2121.0, 191.0): 0, (2141.0, 2183.0, 433.0, 192.0, 1889.0, 193.0, 1905.0, 2092.0, 2121.0): 0, (2141.0, 2183.0, 433.0, 192.0, 1889.0, 193.0, 1905.0, 2121.0, 191.0): 0, (2141.0, 2183.0, 433.0, 192.0, 1889.0, 193.0, 2092.0, 2121.0, 191.0): 0, (2141.0, 2183.0, 433.0, 192.0, 1889.0, 1905.0, 2092.0, 2121.0, 191.0): 0, (2141.0, 2183.0, 433.0, 192.0, 193.0, 1347.0, 1905.0, 2092.0, 2121.0): 0, (2141.0, 2183.0, 433.0, 192.0, 193.0, 1347.0, 1905.0, 2121.0, 191.0): 0.08999643442185867, (2141.0, 2183.0, 433.0, 192.0, 193.0, 1347.0, 2092.0, 2121.0, 191.0): 0, (2141.0, 2183.0, 433.0, 192.0, 193.0, 1905.0, 2092.0, 2121.0, 191.0): 0, (2141.0, 2183.0, 433.0, 1889.0, 193.0, 1905.0, 2092.0, 2121.0, 191.0): 0, (2141.0, 433.0, 192.0, 1889.0, 193.0, 1905.0, 2092.0, 2121.0, 191.0): 0, (1211.0, 1356.0, 2183.0, 192.0, 1889.0, 193.0, 1347.0, 1905.0): 0, (1211.0, 1356.0, 2183.0, 192.0, 1889.0, 193.0, 1347.0, 2092.0): 0, (1211.0, 1356.0, 2183.0, 192.0, 1889.0, 193.0, 1347.0, 191.0): 0, (1211.0, 1356.0, 2183.0, 192.0, 193.0, 1347.0, 1905.0, 2092.0): 0, (1211.0, 1356.0, 2183.0, 192.0, 193.0, 1347.0, 1905.0, 191.0): 0, (1211.0, 1356.0, 2183.0, 192.0, 193.0, 1347.0, 2092.0, 191.0): 0, (1211.0, 1356.0, 2183.0, 1889.0, 193.0, 1347.0, 1905.0, 2092.0): 0.13434232210338035, (1211.0, 1356.0, 2183.0, 1889.0, 193.0, 1347.0, 1905.0, 191.0): 0, (1211.0, 1356.0, 2183.0, 1889.0, 193.0, 1347.0, 2092.0, 191.0): 0, (1211.0, 1356.0, 2183.0, 193.0, 1347.0, 1905.0, 2092.0, 191.0): 0, (2141.0, 1356.0, 2183.0, 433.0, 192.0, 1889.0, 193.0, 2121.0): 0, (2141.0, 1356.0, 2183.0, 433.0, 192.0, 1889.0, 1905.0, 2121.0): 0.08751251616984222, (2141.0, 1356.0, 2183.0, 433.0, 192.0, 1889.0, 2121.0, 191.0): 0, (2141.0, 1356.0, 2183.0, 433.0, 192.0, 193.0, 1347.0, 2121.0): 0.08943255086826694, (2141.0, 1356.0, 2183.0, 433.0, 192.0, 193.0, 1905.0, 2121.0): 0, (2141.0, 1356.0, 2183.0, 433.0, 192.0, 193.0, 2092.0, 2121.0): 0, (2141.0, 1356.0, 2183.0, 433.0, 192.0, 193.0, 2121.0, 191.0): 0, (2141.0, 1356.0, 2183.0, 433.0, 192.0, 1905.0, 2092.0, 2121.0): 0, (2141.0, 1356.0, 2183.0, 433.0, 192.0, 1905.0, 2121.0, 191.0): 0, (2141.0, 1356.0, 2183.0, 433.0, 1889.0, 193.0, 1905.0, 2121.0): 0.0893939179754504, (2141.0, 1356.0, 2183.0, 433.0, 1889.0, 193.0, 2092.0, 2121.0): 0, (2141.0, 1356.0, 2183.0, 433.0, 1889.0, 193.0, 2121.0, 191.0): 0, (2141.0, 1356.0, 2183.0, 433.0, 193.0, 1905.0, 2092.0, 2121.0): 0, (2141.0, 1356.0, 2183.0, 433.0, 193.0, 1905.0, 2121.0, 191.0): 0, (2141.0, 1356.0, 2183.0, 433.0, 193.0, 2092.0, 2121.0, 191.0): 0.09301687529585045, (2141.0, 1356.0, 433.0, 192.0, 1889.0, 193.0, 1905.0, 2121.0): 0, (2141.0, 1356.0, 433.0, 192.0, 193.0, 1905.0, 2092.0, 2121.0): 0, (2141.0, 1356.0, 433.0, 192.0, 193.0, 1905.0, 2121.0, 191.0): 0, (2141.0, 2183.0, 433.0, 1889.0, 1347.0, 1905.0, 2092.0, 2121.0): 0, (2141.0, 2183.0, 433.0, 1889.0, 1347.0, 1905.0, 2121.0, 191.0): 0, (2141.0, 2183.0, 433.0, 1347.0, 1905.0, 2092.0, 2121.0, 191.0): 0, (2141.0, 433.0, 1889.0, 193.0, 1347.0, 1905.0, 2121.0, 191.0): 0, (1211.0, 2141.0, 2183.0, 192.0, 1889.0, 193.0, 1905.0): 0, (1211.0, 2141.0, 2183.0, 192.0, 1889.0, 193.0, 2092.0): 0, (1211.0, 2141.0, 2183.0, 192.0, 1889.0, 193.0, 191.0): 0, (1211.0, 2141.0, 2183.0, 192.0, 193.0, 1905.0, 2092.0): 0.06926845360933498, (1211.0, 2141.0, 2183.0, 192.0, 193.0, 1905.0, 191.0): 0.0662558127353432, (1211.0, 2141.0, 2183.0, 192.0, 193.0, 2092.0, 191.0): 0, (1211.0, 1356.0, 192.0, 1889.0, 1347.0, 1905.0, 2092.0): 0, (1211.0, 1356.0, 192.0, 1889.0, 1347.0, 1905.0, 191.0): 0, (1211.0, 1356.0, 192.0, 1347.0, 1905.0, 2092.0, 191.0): 0, (1211.0, 2183.0, 192.0, 1889.0, 193.0, 1905.0, 2121.0): 0, (1211.0, 2183.0, 192.0, 1889.0, 193.0, 2092.0, 2121.0): 0, (1211.0, 2183.0, 192.0, 1889.0, 193.0, 2121.0, 191.0): 0.07644829424129784, (1211.0, 2183.0, 192.0, 193.0, 1905.0, 2092.0, 2121.0): 0, (1211.0, 2183.0, 192.0, 193.0, 1905.0, 2121.0, 191.0): 0, (1211.0, 2183.0, 192.0, 193.0, 2092.0, 2121.0, 191.0): 0, (1211.0, 2183.0, 1889.0, 193.0, 1905.0, 2121.0, 191.0): 0, (2141.0, 1356.0, 2183.0, 433.0, 1347.0, 1905.0, 2121.0): 0.05319318466388759, (2141.0, 1356.0, 433.0, 192.0, 1889.0, 2092.0, 2121.0): 0.06553005589900099, (2141.0, 1356.0, 433.0, 192.0, 2092.0, 2121.0, 191.0): 0, (2141.0, 1356.0, 433.0, 193.0, 1347.0, 1905.0, 2121.0): 0, (2141.0, 433.0, 1889.0, 1347.0, 2092.0, 2121.0, 191.0): 0, (1211.0, 2141.0, 2183.0, 192.0, 193.0, 1347.0): 0.051757638517132845, (1211.0, 2141.0, 2183.0, 1889.0, 193.0, 1347.0): 0, (1211.0, 2141.0, 2183.0, 1889.0, 1905.0, 191.0): 0, (1211.0, 2141.0, 2183.0, 193.0, 1347.0, 1905.0): 0, (1211.0, 2141.0, 2183.0, 193.0, 1347.0, 2092.0): 0, (1211.0, 2141.0, 2183.0, 193.0, 1347.0, 191.0): 0.05001499767579685, (1211.0, 2141.0, 1889.0, 193.0, 1905.0, 191.0): 0, (1211.0, 1356.0, 2183.0, 192.0, 193.0, 2121.0): 0, (1211.0, 1356.0, 2183.0, 193.0, 1905.0, 2121.0): 0, (1211.0, 2183.0, 192.0, 193.0, 1347.0, 2121.0): 0, (1211.0, 2183.0, 192.0, 1347.0, 1905.0, 2121.0): 0}
After Iteration 2 :
Voter 1: ID 324; Choice (1211.0, 2141.0, 2183.0, 1889.0, 1905.0, 191.0) 
Voter 2: ID 38; Choice (1211.0, 2141.0, 2183.0, 192.0, 193.0, 1905.0, 191.0) 
Voter 3: ID 50; Choice (1211.0, 2141.0, 2183.0, 192.0, 1889.0, 193.0, 2092.0) 
Voter 4: ID 238; Choice (1211.0, 1356.0, 2183.0, 1889.0, 193.0, 1347.0, 1905.0, 191.0) 
Voter 5: ID 426; Choice (2141.0, 2183.0, 433.0, 192.0, 1889.0, 193.0, 1905.0, 2121.0, 191.0) 
Voter 6: ID 83; Choice (1211.0, 1356.0, 2183.0, 1889.0, 193.0, 1347.0, 2092.0, 191.0) 
Voter 7: ID 538; Choice (1211.0, 2141.0, 2183.0, 192.0, 193.0, 1347.0) 
Voter 8: ID 266; Choice (2141.0, 2183.0, 433.0, 192.0, 1889.0, 1905.0, 2092.0, 2121.0, 191.0) 
Voter 9: ID 249; Choice (2141.0, 1356.0, 2183.0, 433.0, 1889.0, 193.0, 2121.0, 191.0) 
Voter 10: ID 705; Choice (2141.0, 2183.0, 433.0, 192.0, 1889.0, 193.0, 1905.0, 2092.0, 2121.0) 
Voter 11: ID 700; Choice (2141.0, 1356.0, 2183.0, 433.0, 192.0, 193.0, 2121.0, 191.0) 
Voter 12: ID 126; Choice (1211.0, 1356.0, 192.0, 1889.0, 1347.0, 1905.0, 191.0) 
Voter 13: ID 666; Choice (2141.0, 2183.0, 433.0, 192.0, 1889.0, 193.0, 1347.0, 1905.0, 2121.0) 
Voter 14: ID 64; Choice (2141.0, 433.0, 1889.0, 193.0, 1347.0, 1905.0, 2121.0, 191.0) 
Voter 15: ID 28; Choice (2141.0, 2183.0, 433.0, 192.0, 193.0, 1347.0, 2092.0, 2121.0, 191.0) 
Voter 16: ID 30; Choice (1211.0, 2183.0, 192.0, 193.0, 1905.0, 2092.0, 2121.0) 
Voter 17: ID 585; Choice (2141.0, 1356.0, 2183.0, 433.0, 192.0, 1889.0, 1905.0, 2121.0) 
Voter 18: ID 393; Choice (2141.0, 2183.0, 433.0, 192.0, 1889.0, 193.0, 1905.0, 2092.0, 2121.0) 
Voter 19: ID 351; Choice (2141.0, 1356.0, 433.0, 192.0, 193.0, 1905.0, 2121.0, 191.0) 
Voter 20: ID 55; Choice (2141.0, 433.0, 192.0, 1889.0, 193.0, 1905.0, 2092.0, 2121.0, 191.0) 
Voter 21: ID 259; Choice (2141.0, 1356.0, 2183.0, 433.0, 192.0, 1889.0, 193.0, 2121.0) 
Voter 22: ID 208; Choice (2141.0, 2183.0, 433.0, 192.0, 193.0, 1905.0, 2092.0, 2121.0, 191.0) 
Voter 23: ID 66; Choice (1211.0, 2141.0, 2183.0, 192.0, 1889.0, 193.0, 191.0) 
Voter 24: ID 395; Choice (2141.0, 2183.0, 433.0, 192.0, 1889.0, 193.0, 2092.0, 2121.0, 191.0) 
Voter 25: ID 715; Choice (1356.0, 2183.0, 433.0, 192.0, 1889.0, 193.0, 1347.0, 1905.0, 2092.0, 2121.0, 191.0) 
Voter 26: ID 151; Choice (1356.0, 2183.0, 433.0, 192.0, 1889.0, 193.0, 1347.0, 1905.0, 2092.0, 2121.0, 191.0) 
Voter 27: ID 291; Choice (1211.0, 1356.0, 2183.0, 192.0, 193.0, 2121.0) 
Voter 28: ID 696; Choice (2141.0, 1356.0, 2183.0, 433.0, 193.0, 1905.0, 2092.0, 2121.0) 
Voter 29: ID 360; Choice (2141.0, 2183.0, 433.0, 1889.0, 1347.0, 1905.0, 2121.0, 191.0) 
Voter 30: ID 376; Choice (2141.0, 1356.0, 2183.0, 433.0, 192.0, 193.0, 1905.0, 2121.0) 
Voter 31: ID 622; Choice (1211.0, 1356.0, 2183.0, 192.0, 1889.0, 193.0, 1905.0, 2092.0, 191.0) 
Voter 32: ID 175; Choice (2141.0, 1356.0, 2183.0, 433.0, 192.0, 1889.0, 1905.0, 2121.0) 
Voter 33: ID 545; Choice (2141.0, 2183.0, 433.0, 192.0, 1889.0, 193.0, 1347.0, 2092.0, 2121.0) 
Voter 34: ID 60; Choice (2141.0, 1356.0, 2183.0, 433.0, 192.0, 1889.0, 193.0, 1347.0, 1905.0, 2092.0, 191.0) 
Voter 35: ID 645; Choice (2141.0, 1356.0, 433.0, 192.0, 193.0, 1905.0, 2092.0, 2121.0) 
Voter 36: ID 145; Choice (1211.0, 2141.0, 2183.0, 192.0, 1889.0, 193.0, 2092.0) 
Voter 37: ID 297; Choice (2141.0, 1356.0, 2183.0, 433.0, 192.0, 193.0, 1905.0, 2121.0) 
Voter 38: ID 470; Choice (1211.0, 2183.0, 192.0, 1889.0, 193.0, 2121.0, 191.0) 
Voter 39: ID 108; Choice (1211.0, 2183.0, 192.0, 1889.0, 193.0, 1347.0, 1905.0, 2092.0, 191.0) 
Voter 40: ID 486; Choice (1211.0, 2183.0, 192.0, 1889.0, 193.0, 2121.0, 191.0) 
Voter 41: ID 320; Choice (1211.0, 2183.0, 192.0, 193.0, 2092.0, 2121.0, 191.0) 
Voter 42: ID 77; Choice (1211.0, 1356.0, 2183.0, 192.0, 1889.0, 193.0, 1905.0, 2092.0, 191.0) 
Voter 43: ID 726; Choice (1211.0, 2183.0, 192.0, 1347.0, 1905.0, 2121.0) 
Voter 44: ID 125; Choice (2141.0, 1356.0, 2183.0, 433.0, 193.0, 1905.0, 2121.0, 191.0) 
Voter 45: ID 199; Choice (2141.0, 1356.0, 2183.0, 433.0, 192.0, 1889.0, 2121.0, 191.0) 
Voter 46: ID 621; Choice (1211.0, 1356.0, 2183.0, 193.0, 1905.0, 2121.0) 
Voter 47: ID 254; Choice (2141.0, 2183.0, 433.0, 192.0, 193.0, 1347.0, 1905.0, 2092.0, 2121.0) 
Voter 48: ID 162; Choice (2141.0, 1356.0, 2183.0, 433.0, 192.0, 1889.0, 1905.0, 2121.0) 
Voter 49: ID 628; Choice (1211.0, 2183.0, 1889.0, 193.0, 1905.0, 2121.0, 191.0) 
Voter 50: ID 663; Choice (1211.0, 2183.0, 192.0, 193.0, 1905.0, 2121.0, 191.0) 
---------------------------------------------------------------------------
After Iteration 3 :
Voter 1: ID 324; Choice (1211.0, 1356.0, 192.0, 1347.0, 1905.0, 2092.0, 191.0) 
Voter 2: ID 38; Choice (1211.0, 2141.0, 2183.0, 1889.0, 1905.0, 191.0) 
Voter 3: ID 50; Choice (1356.0, 2183.0, 433.0, 192.0, 1889.0, 193.0, 1347.0, 1905.0, 2092.0, 2121.0, 191.0) 
Voter 4: ID 238; Choice (2141.0, 2183.0, 433.0, 1347.0, 1905.0, 2092.0, 2121.0, 191.0) 
Voter 5: ID 426; Choice (1211.0, 2183.0, 192.0, 193.0, 1905.0, 2121.0, 191.0) 
Voter 6: ID 83; Choice (1211.0, 2183.0, 1889.0, 193.0, 1905.0, 2121.0, 191.0) 
Voter 7: ID 538; Choice (1211.0, 1356.0, 192.0, 1889.0, 1347.0, 1905.0, 191.0) 
Voter 8: ID 266; Choice (2141.0, 433.0, 1889.0, 1347.0, 2092.0, 2121.0, 191.0) 
Voter 9: ID 249; Choice (1211.0, 2141.0, 2183.0, 193.0, 1347.0, 2092.0) 
Voter 10: ID 705; Choice (2141.0, 1356.0, 2183.0, 433.0, 1347.0, 1905.0, 2121.0) 
Voter 11: ID 700; Choice (2141.0, 2183.0, 433.0, 1889.0, 1347.0, 1905.0, 2121.0, 191.0) 
Voter 12: ID 126; Choice (1211.0, 1356.0, 2183.0, 192.0, 1889.0, 193.0, 1347.0, 191.0) 
Voter 13: ID 666; Choice (2141.0, 433.0, 192.0, 1889.0, 193.0, 1905.0, 2092.0, 2121.0, 191.0) 
Voter 14: ID 64; Choice (1356.0, 2183.0, 192.0, 1889.0, 193.0, 1905.0, 2092.0, 191.0) 
Voter 15: ID 28; Choice (1211.0, 2141.0, 2183.0, 192.0, 1889.0, 193.0, 191.0) 
Voter 16: ID 30; Choice (1211.0, 2141.0, 2183.0, 193.0, 1347.0, 2092.0) 
Voter 17: ID 585; Choice (1211.0, 1356.0, 2183.0, 1889.0, 193.0, 1347.0, 2092.0, 191.0) 
Voter 18: ID 393; Choice (1211.0, 1356.0, 2183.0, 192.0, 1889.0, 193.0, 1347.0, 191.0) 
Voter 19: ID 351; Choice (2141.0, 1356.0, 2183.0, 433.0, 193.0, 2092.0, 2121.0, 191.0) 
Voter 20: ID 55; Choice (1211.0, 1356.0, 2183.0, 192.0, 1889.0, 193.0, 1347.0, 1905.0) 
Voter 21: ID 259; Choice (1211.0, 2141.0, 2183.0, 1889.0, 1905.0, 191.0) 
Voter 22: ID 208; Choice (1211.0, 2141.0, 2183.0, 192.0, 1889.0, 193.0, 2092.0) 
Voter 23: ID 66; Choice (1211.0, 2183.0, 192.0, 193.0, 1347.0, 2121.0) 
Voter 24: ID 395; Choice (1211.0, 1356.0, 192.0, 1347.0, 1905.0, 2092.0, 191.0) 
Voter 25: ID 715; Choice (2141.0, 1356.0, 2183.0, 433.0, 192.0, 193.0, 1347.0, 2121.0) 
Voter 26: ID 151; Choice (1211.0, 1356.0, 2183.0, 193.0, 1347.0, 1905.0, 2092.0, 191.0) 
Voter 27: ID 291; Choice (2141.0, 433.0, 1889.0, 193.0, 1347.0, 1905.0, 2121.0, 191.0) 
Voter 28: ID 696; Choice (1211.0, 1356.0, 2183.0, 193.0, 1905.0, 2121.0) 
Voter 29: ID 360; Choice (2141.0, 1356.0, 433.0, 192.0, 1889.0, 2092.0, 2121.0) 
Voter 30: ID 376; Choice (2141.0, 2183.0, 433.0, 1889.0, 1347.0, 1905.0, 2121.0, 191.0) 
Voter 31: ID 622; Choice (2141.0, 1356.0, 2183.0, 433.0, 1889.0, 193.0, 2121.0, 191.0) 
Voter 32: ID 175; Choice (2141.0, 1356.0, 2183.0, 433.0, 192.0, 1905.0, 2092.0, 2121.0) 
Voter 33: ID 545; Choice (1211.0, 1356.0, 2183.0, 192.0, 1889.0, 193.0, 1347.0, 191.0) 
Voter 34: ID 60; Choice (2141.0, 1356.0, 2183.0, 433.0, 193.0, 2092.0, 2121.0, 191.0) 
Voter 35: ID 645; Choice (2141.0, 1356.0, 433.0, 192.0, 1889.0, 193.0, 1905.0, 2121.0) 
Voter 36: ID 145; Choice (1211.0, 2183.0, 192.0, 1889.0, 193.0, 2121.0, 191.0) 
Voter 37: ID 297; Choice (2141.0, 1356.0, 2183.0, 433.0, 192.0, 193.0, 1905.0, 2121.0) 
Voter 38: ID 470; Choice (1211.0, 2141.0, 2183.0, 193.0, 1347.0, 1905.0) 
Voter 39: ID 108; Choice (2141.0, 1356.0, 2183.0, 433.0, 192.0, 1889.0, 193.0, 2121.0) 
Voter 40: ID 486; Choice (2141.0, 2183.0, 433.0, 192.0, 1889.0, 193.0, 1905.0, 2092.0, 2121.0) 
Voter 41: ID 320; Choice (1356.0, 2183.0, 192.0, 1889.0, 193.0, 1905.0, 2092.0, 191.0, 1347.0) 
Voter 42: ID 77; Choice (1211.0, 1356.0, 192.0, 1347.0, 1905.0, 2092.0, 191.0) 
Voter 43: ID 726; Choice (2141.0, 1356.0, 2183.0, 433.0, 192.0, 1889.0, 2121.0, 191.0) 
Voter 44: ID 125; Choice (2141.0, 2183.0, 433.0, 1889.0, 1347.0, 1905.0, 2121.0, 191.0) 
Voter 45: ID 199; Choice (2141.0, 1356.0, 2183.0, 433.0, 192.0, 1889.0, 1905.0, 2121.0) 
Voter 46: ID 621; Choice (2141.0, 1356.0, 2183.0, 433.0, 1889.0, 193.0, 2092.0, 2121.0) 
Voter 47: ID 254; Choice (2141.0, 1356.0, 2183.0, 433.0, 192.0, 193.0, 1347.0, 2121.0) 
Voter 48: ID 162; Choice (2141.0, 1356.0, 2183.0, 433.0, 192.0, 1889.0, 193.0, 1347.0, 1905.0, 2092.0, 191.0) 
Voter 49: ID 628; Choice (1211.0, 2183.0, 192.0, 1889.0, 193.0, 2092.0, 2121.0) 
Voter 50: ID 663; Choice (1211.0, 2183.0, 192.0, 1889.0, 193.0, 2092.0, 2121.0) 
---------------------------------------------------------------------------
After Iteration 4 :
Voter 1: ID 324; Choice (1211.0, 1356.0, 2183.0, 192.0, 1889.0, 193.0, 1347.0, 191.0) 
Voter 2: ID 38; Choice (1356.0, 2183.0, 192.0, 1889.0, 193.0, 1905.0, 2092.0, 191.0, 1347.0) 
Voter 3: ID 50; Choice (1356.0, 2183.0, 192.0, 1889.0, 193.0, 1905.0, 2092.0, 191.0, 1347.0) 
Voter 4: ID 238; Choice (1356.0, 2183.0, 192.0, 1889.0, 193.0, 1905.0, 2092.0, 191.0, 1347.0) 
Voter 5: ID 426; Choice (1211.0, 1356.0, 2183.0, 192.0, 1889.0, 193.0, 1347.0, 191.0) 
Voter 6: ID 83; Choice (1356.0, 2183.0, 192.0, 1889.0, 193.0, 1905.0, 2092.0, 191.0, 1347.0) 
Voter 7: ID 538; Choice (1356.0, 2183.0, 192.0, 1889.0, 193.0, 1905.0, 2092.0, 191.0, 1347.0) 
Voter 8: ID 266; Choice (1356.0, 2183.0, 192.0, 1889.0, 193.0, 1905.0, 2092.0, 191.0, 1347.0) 
Voter 9: ID 249; Choice (1211.0, 1356.0, 2183.0, 192.0, 1889.0, 193.0, 1347.0, 191.0) 
Voter 10: ID 705; Choice (1211.0, 2183.0, 192.0, 1889.0, 193.0, 1347.0, 1905.0, 2092.0, 191.0) 
Voter 11: ID 700; Choice (1211.0, 1356.0, 2183.0, 192.0, 1889.0, 193.0, 1347.0, 191.0) 
Voter 12: ID 126; Choice (2141.0, 1356.0, 2183.0, 433.0, 192.0, 1889.0, 193.0, 1347.0, 1905.0, 2092.0, 191.0) 
Voter 13: ID 666; Choice (1356.0, 2183.0, 192.0, 1889.0, 193.0, 1905.0, 2092.0, 191.0, 1347.0) 
Voter 14: ID 64; Choice (1356.0, 2183.0, 192.0, 1889.0, 193.0, 1905.0, 2092.0, 191.0, 1347.0) 
Voter 15: ID 28; Choice (1356.0, 2183.0, 192.0, 1889.0, 193.0, 1905.0, 2092.0, 191.0, 1347.0) 
Voter 16: ID 30; Choice (1211.0, 1356.0, 2183.0, 192.0, 1889.0, 193.0, 1347.0, 191.0) 
Voter 17: ID 585; Choice (1211.0, 1356.0, 2183.0, 192.0, 1889.0, 193.0, 1347.0, 191.0) 
Voter 18: ID 393; Choice (1356.0, 2183.0, 192.0, 1889.0, 193.0, 1905.0, 2092.0, 191.0, 1347.0) 
Voter 19: ID 351; Choice (1356.0, 2183.0, 192.0, 1889.0, 193.0, 1905.0, 2092.0, 191.0, 1347.0) 
Voter 20: ID 55; Choice (1356.0, 2183.0, 192.0, 1889.0, 193.0, 1905.0, 2092.0, 191.0, 1347.0) 
Voter 21: ID 259; Choice (1356.0, 2183.0, 192.0, 1889.0, 193.0, 1905.0, 2092.0, 191.0, 1347.0) 
Voter 22: ID 208; Choice (1356.0, 2183.0, 192.0, 1889.0, 193.0, 1905.0, 2092.0, 191.0, 1347.0) 
Voter 23: ID 66; Choice (1211.0, 1356.0, 2183.0, 192.0, 1889.0, 193.0, 1347.0, 191.0) 
Voter 24: ID 395; Choice (1356.0, 2183.0, 192.0, 1889.0, 193.0, 1905.0, 2092.0, 191.0, 1347.0) 
Voter 25: ID 715; Choice (1356.0, 2183.0, 192.0, 1889.0, 193.0, 1905.0, 2092.0, 191.0, 1347.0) 
Voter 26: ID 151; Choice (1356.0, 2183.0, 192.0, 1889.0, 193.0, 1905.0, 2092.0, 191.0, 1347.0) 
Voter 27: ID 291; Choice (1356.0, 2183.0, 192.0, 1889.0, 193.0, 1905.0, 2092.0, 191.0, 1347.0) 
Voter 28: ID 696; Choice (1356.0, 2183.0, 192.0, 1889.0, 193.0, 1905.0, 2092.0, 191.0, 1347.0) 
Voter 29: ID 360; Choice (1211.0, 1356.0, 2183.0, 192.0, 1889.0, 193.0, 1347.0, 191.0) 
Voter 30: ID 376; Choice (1356.0, 2183.0, 192.0, 1889.0, 193.0, 1905.0, 2092.0, 191.0, 1347.0) 
Voter 31: ID 622; Choice (1356.0, 2183.0, 192.0, 1889.0, 193.0, 1905.0, 2092.0, 191.0, 1347.0) 
Voter 32: ID 175; Choice (1356.0, 2183.0, 192.0, 1889.0, 193.0, 1905.0, 2092.0, 191.0, 1347.0) 
Voter 33: ID 545; Choice (1356.0, 2183.0, 192.0, 1889.0, 193.0, 1905.0, 2092.0, 191.0, 1347.0) 
Voter 34: ID 60; Choice (1356.0, 2183.0, 192.0, 1889.0, 193.0, 1905.0, 2092.0, 191.0, 1347.0) 
Voter 35: ID 645; Choice (1356.0, 2183.0, 192.0, 1889.0, 193.0, 1905.0, 2092.0, 191.0, 1347.0) 
Voter 36: ID 145; Choice (1356.0, 2183.0, 192.0, 1889.0, 193.0, 1905.0, 2092.0, 191.0, 1347.0) 
Voter 37: ID 297; Choice (1211.0, 1356.0, 2183.0, 192.0, 1889.0, 193.0, 1347.0, 191.0) 
Voter 38: ID 470; Choice (1356.0, 2183.0, 192.0, 1889.0, 193.0, 1905.0, 2092.0, 191.0, 1347.0) 
Voter 39: ID 108; Choice (1356.0, 2183.0, 192.0, 1889.0, 193.0, 1905.0, 2092.0, 191.0, 1347.0) 
Voter 40: ID 486; Choice (1356.0, 2183.0, 192.0, 1889.0, 193.0, 1905.0, 2092.0, 191.0, 1347.0) 
Voter 41: ID 320; Choice (1356.0, 2183.0, 192.0, 1889.0, 193.0, 1905.0, 2092.0, 191.0, 1347.0) 
Voter 42: ID 77; Choice (1211.0, 1356.0, 2183.0, 192.0, 1889.0, 193.0, 1347.0, 191.0) 
Voter 43: ID 726; Choice (1356.0, 2183.0, 192.0, 1889.0, 193.0, 1905.0, 2092.0, 191.0, 1347.0) 
Voter 44: ID 125; Choice (1211.0, 1356.0, 2183.0, 192.0, 1889.0, 193.0, 1347.0, 191.0) 
Voter 45: ID 199; Choice (2141.0, 1356.0, 2183.0, 192.0, 1889.0, 193.0, 1347.0, 1905.0, 2092.0, 2121.0, 191.0) 
Voter 46: ID 621; Choice (1356.0, 2183.0, 192.0, 1889.0, 193.0, 1905.0, 2092.0, 191.0, 1347.0) 
Voter 47: ID 254; Choice (1356.0, 2183.0, 192.0, 1889.0, 193.0, 1905.0, 2092.0, 191.0, 1347.0) 
Voter 48: ID 162; Choice (1356.0, 2183.0, 192.0, 1889.0, 193.0, 1905.0, 2092.0, 191.0, 1347.0) 
Voter 49: ID 628; Choice (2141.0, 1356.0, 2183.0, 433.0, 192.0, 1889.0, 193.0, 1347.0, 1905.0, 2092.0, 191.0) 
Voter 50: ID 663; Choice (1356.0, 2183.0, 192.0, 1889.0, 193.0, 1905.0, 2092.0, 191.0, 1347.0) 
---------------------------------------------------------------------------
After Iteration 5 :
Voter 1: ID 324; Choice (1356.0, 2183.0, 192.0, 1889.0, 193.0, 1905.0, 2092.0, 191.0, 1347.0) 
Voter 2: ID 38; Choice (1356.0, 2183.0, 192.0, 1889.0, 193.0, 1905.0, 2092.0, 191.0, 1347.0) 
Voter 3: ID 50; Choice (1356.0, 2183.0, 192.0, 1889.0, 193.0, 1905.0, 2092.0, 191.0, 1347.0) 
Voter 4: ID 238; Choice (1356.0, 2183.0, 192.0, 1889.0, 193.0, 1905.0, 2092.0, 191.0, 1347.0) 
Voter 5: ID 426; Choice (1211.0, 1356.0, 2183.0, 192.0, 1889.0, 193.0, 1347.0, 191.0) 
Voter 6: ID 83; Choice (1211.0, 1356.0, 2183.0, 192.0, 1889.0, 193.0, 1347.0, 191.0) 
Voter 7: ID 538; Choice (1211.0, 2141.0, 2183.0, 193.0, 1347.0, 191.0) 
Voter 8: ID 266; Choice (1356.0, 2183.0, 192.0, 1889.0, 193.0, 1905.0, 2092.0, 191.0, 1347.0) 
Voter 9: ID 249; Choice (1356.0, 2183.0, 192.0, 1889.0, 193.0, 1905.0, 2092.0, 191.0, 1347.0) 
Voter 10: ID 705; Choice (1211.0, 2183.0, 192.0, 1889.0, 193.0, 1347.0, 1905.0, 2092.0, 191.0) 
Voter 11: ID 700; Choice (1211.0, 1356.0, 2183.0, 192.0, 1889.0, 193.0, 1347.0, 191.0) 
Voter 12: ID 126; Choice (2141.0, 1356.0, 2183.0, 433.0, 192.0, 1889.0, 193.0, 1347.0, 1905.0, 2092.0, 191.0) 
Voter 13: ID 666; Choice (1211.0, 1356.0, 2183.0, 192.0, 1889.0, 193.0, 1347.0, 191.0) 
Voter 14: ID 64; Choice (1356.0, 2183.0, 192.0, 1889.0, 193.0, 1905.0, 2092.0, 191.0, 1347.0) 
Voter 15: ID 28; Choice (1356.0, 2183.0, 192.0, 1889.0, 193.0, 1905.0, 2092.0, 191.0, 1347.0) 
Voter 16: ID 30; Choice (1356.0, 2183.0, 192.0, 1889.0, 193.0, 1905.0, 2092.0, 191.0, 1347.0) 
Voter 17: ID 585; Choice (1356.0, 2183.0, 192.0, 1889.0, 193.0, 1905.0, 2092.0, 191.0, 1347.0) 
Voter 18: ID 393; Choice (1356.0, 2183.0, 192.0, 1889.0, 193.0, 1905.0, 2092.0, 191.0, 1347.0) 
Voter 19: ID 351; Choice (1356.0, 2183.0, 192.0, 1889.0, 193.0, 1905.0, 2092.0, 191.0, 1347.0) 
Voter 20: ID 55; Choice (1356.0, 2183.0, 192.0, 1889.0, 193.0, 1905.0, 2092.0, 191.0, 1347.0) 
Voter 21: ID 259; Choice (1356.0, 2183.0, 192.0, 1889.0, 193.0, 1905.0, 2092.0, 191.0, 1347.0) 
Voter 22: ID 208; Choice (1356.0, 2183.0, 192.0, 1889.0, 193.0, 1905.0, 2092.0, 191.0, 1347.0) 
Voter 23: ID 66; Choice (1356.0, 2183.0, 192.0, 1889.0, 193.0, 1905.0, 2092.0, 191.0, 1347.0) 
Voter 24: ID 395; Choice (1211.0, 1356.0, 2183.0, 192.0, 1889.0, 193.0, 1347.0, 191.0) 
Voter 25: ID 715; Choice (1356.0, 2183.0, 192.0, 1889.0, 193.0, 1905.0, 2092.0, 191.0, 1347.0) 
Voter 26: ID 151; Choice (1356.0, 2183.0, 192.0, 1889.0, 193.0, 1905.0, 2092.0, 191.0, 1347.0) 
Voter 27: ID 291; Choice (1356.0, 2183.0, 192.0, 1889.0, 193.0, 1905.0, 2092.0, 191.0, 1347.0) 
Voter 28: ID 696; Choice (1356.0, 2183.0, 192.0, 1889.0, 193.0, 1905.0, 2092.0, 191.0, 1347.0) 
Voter 29: ID 360; Choice (1356.0, 2183.0, 192.0, 1889.0, 193.0, 1905.0, 2092.0, 191.0, 1347.0) 
Voter 30: ID 376; Choice (1356.0, 2183.0, 192.0, 1889.0, 193.0, 1905.0, 2092.0, 191.0, 1347.0) 
Voter 31: ID 622; Choice (1356.0, 2183.0, 192.0, 1889.0, 193.0, 1905.0, 2092.0, 191.0, 1347.0) 
Voter 32: ID 175; Choice (1211.0, 1356.0, 2183.0, 192.0, 1889.0, 193.0, 1347.0, 191.0) 
Voter 33: ID 545; Choice (1211.0, 1356.0, 2183.0, 192.0, 1889.0, 193.0, 1347.0, 191.0) 
Voter 34: ID 60; Choice (1356.0, 2183.0, 192.0, 1889.0, 193.0, 1905.0, 2092.0, 191.0, 1347.0) 
Voter 35: ID 645; Choice (1356.0, 2183.0, 192.0, 1889.0, 193.0, 1905.0, 2092.0, 191.0, 1347.0) 
Voter 36: ID 145; Choice (2141.0, 2183.0, 433.0, 1889.0, 1347.0, 1905.0, 2092.0, 2121.0) 
Voter 37: ID 297; Choice (1211.0, 1356.0, 2183.0, 192.0, 1889.0, 193.0, 1347.0, 191.0) 
Voter 38: ID 470; Choice (1211.0, 1356.0, 2183.0, 192.0, 1889.0, 193.0, 1347.0, 191.0) 
Voter 39: ID 108; Choice (1356.0, 2183.0, 192.0, 1889.0, 193.0, 1905.0, 2092.0, 191.0, 1347.0) 
Voter 40: ID 486; Choice (1356.0, 2183.0, 192.0, 1889.0, 193.0, 1905.0, 2092.0, 191.0, 1347.0) 
Voter 41: ID 320; Choice (1356.0, 2183.0, 192.0, 1889.0, 193.0, 1905.0, 2092.0, 191.0, 1347.0) 
Voter 42: ID 77; Choice (1356.0, 2183.0, 192.0, 1889.0, 193.0, 1905.0, 2092.0, 191.0, 1347.0) 
Voter 43: ID 726; Choice (1356.0, 2183.0, 192.0, 1889.0, 193.0, 1905.0, 2092.0, 191.0, 1347.0) 
Voter 44: ID 125; Choice (1211.0, 1356.0, 2183.0, 192.0, 1889.0, 193.0, 1347.0, 191.0) 
Voter 45: ID 199; Choice (2141.0, 1356.0, 2183.0, 192.0, 1889.0, 193.0, 1347.0, 1905.0, 2092.0, 2121.0, 191.0) 
Voter 46: ID 621; Choice (1356.0, 2183.0, 192.0, 1889.0, 193.0, 1905.0, 2092.0, 191.0, 1347.0) 
Voter 47: ID 254; Choice (1211.0, 1356.0, 2183.0, 192.0, 1889.0, 193.0, 1347.0, 191.0) 
Voter 48: ID 162; Choice (1356.0, 2183.0, 192.0, 1889.0, 193.0, 1905.0, 2092.0, 191.0, 1347.0) 
Voter 49: ID 628; Choice (1356.0, 2183.0, 192.0, 1889.0, 193.0, 1905.0, 2092.0, 191.0, 1347.0) 
Voter 50: ID 663; Choice (1211.0, 1356.0, 2183.0, 192.0, 1889.0, 193.0, 1347.0, 191.0) 
---------------------------------------------------------------------------
After Iteration 6 :
Voter 1: ID 324; Choice (1211.0, 1356.0, 2183.0, 192.0, 1889.0, 193.0, 1347.0, 191.0) 
Voter 2: ID 38; Choice (1356.0, 2183.0, 192.0, 1889.0, 193.0, 1905.0, 2092.0, 191.0, 1347.0) 
Voter 3: ID 50; Choice (1356.0, 2183.0, 192.0, 1889.0, 193.0, 1905.0, 2092.0, 191.0, 1347.0) 
Voter 4: ID 238; Choice (1356.0, 2183.0, 192.0, 1889.0, 193.0, 1905.0, 2092.0, 191.0, 1347.0) 
Voter 5: ID 426; Choice (1356.0, 2183.0, 192.0, 1889.0, 193.0, 1905.0, 2092.0, 191.0, 1347.0) 
Voter 6: ID 83; Choice (1356.0, 2183.0, 192.0, 1889.0, 193.0, 1905.0, 2092.0, 191.0, 1347.0) 
Voter 7: ID 538; Choice (1356.0, 2183.0, 192.0, 1889.0, 193.0, 1905.0, 2092.0, 191.0, 1347.0) 
Voter 8: ID 266; Choice (1356.0, 2183.0, 192.0, 1889.0, 193.0, 1905.0, 2092.0, 191.0, 1347.0) 
Voter 9: ID 249; Choice (1356.0, 2183.0, 192.0, 1889.0, 193.0, 1905.0, 2092.0, 191.0, 1347.0) 
Voter 10: ID 705; Choice (1211.0, 2183.0, 192.0, 1889.0, 193.0, 1347.0, 1905.0, 2092.0, 191.0) 
Voter 11: ID 700; Choice (1356.0, 2183.0, 192.0, 1889.0, 193.0, 1905.0, 2092.0, 191.0, 1347.0) 
Voter 12: ID 126; Choice (1356.0, 2183.0, 192.0, 1889.0, 193.0, 1905.0, 2092.0, 191.0, 1347.0) 
Voter 13: ID 666; Choice (1356.0, 2183.0, 192.0, 1889.0, 193.0, 1905.0, 2092.0, 191.0, 1347.0) 
Voter 14: ID 64; Choice (1356.0, 2183.0, 192.0, 1889.0, 193.0, 1905.0, 2092.0, 191.0, 1347.0) 
Voter 15: ID 28; Choice (1356.0, 2183.0, 192.0, 1889.0, 193.0, 1905.0, 2092.0, 191.0, 1347.0) 
Voter 16: ID 30; Choice (1211.0, 1356.0, 2183.0, 192.0, 1889.0, 193.0, 1347.0, 191.0) 
Voter 17: ID 585; Choice (1356.0, 2183.0, 192.0, 1889.0, 193.0, 1905.0, 2092.0, 191.0, 1347.0) 
Voter 18: ID 393; Choice (1356.0, 2183.0, 192.0, 1889.0, 193.0, 1905.0, 2092.0, 191.0, 1347.0) 
Voter 19: ID 351; Choice (1356.0, 2183.0, 192.0, 1889.0, 193.0, 1905.0, 2092.0, 191.0, 1347.0) 
Voter 20: ID 55; Choice (1356.0, 2183.0, 192.0, 1889.0, 193.0, 1905.0, 2092.0, 191.0, 1347.0) 
Voter 21: ID 259; Choice (1356.0, 2183.0, 192.0, 1889.0, 193.0, 1905.0, 2092.0, 191.0, 1347.0) 
Voter 22: ID 208; Choice (1356.0, 2183.0, 192.0, 1889.0, 193.0, 1905.0, 2092.0, 191.0, 1347.0) 
Voter 23: ID 66; Choice (1356.0, 2183.0, 192.0, 1889.0, 193.0, 1905.0, 2092.0, 191.0, 1347.0) 
Voter 24: ID 395; Choice (1356.0, 2183.0, 192.0, 1889.0, 193.0, 1905.0, 2092.0, 191.0, 1347.0) 
Voter 25: ID 715; Choice (1356.0, 2183.0, 192.0, 1889.0, 193.0, 1905.0, 2092.0, 191.0, 1347.0) 
Voter 26: ID 151; Choice (1356.0, 2183.0, 192.0, 1889.0, 193.0, 1905.0, 2092.0, 191.0, 1347.0) 
Voter 27: ID 291; Choice (1356.0, 2183.0, 192.0, 1889.0, 193.0, 1905.0, 2092.0, 191.0, 1347.0) 
Voter 28: ID 696; Choice (1356.0, 2183.0, 192.0, 1889.0, 193.0, 1905.0, 2092.0, 191.0, 1347.0) 
Voter 29: ID 360; Choice (1356.0, 2183.0, 192.0, 1889.0, 193.0, 1905.0, 2092.0, 191.0, 1347.0) 
Voter 30: ID 376; Choice (1356.0, 2183.0, 192.0, 1889.0, 193.0, 1905.0, 2092.0, 191.0, 1347.0) 
Voter 31: ID 622; Choice (1356.0, 2183.0, 192.0, 1889.0, 193.0, 1905.0, 2092.0, 191.0, 1347.0) 
Voter 32: ID 175; Choice (1356.0, 2183.0, 192.0, 1889.0, 193.0, 1905.0, 2092.0, 191.0, 1347.0) 
Voter 33: ID 545; Choice (1356.0, 2183.0, 192.0, 1889.0, 193.0, 1905.0, 2092.0, 191.0, 1347.0) 
Voter 34: ID 60; Choice (1356.0, 2183.0, 192.0, 1889.0, 193.0, 1905.0, 2092.0, 191.0, 1347.0) 
Voter 35: ID 645; Choice (1356.0, 2183.0, 192.0, 1889.0, 193.0, 1905.0, 2092.0, 191.0, 1347.0) 
Voter 36: ID 145; Choice (1356.0, 2183.0, 192.0, 1889.0, 193.0, 1905.0, 2092.0, 191.0, 1347.0) 
Voter 37: ID 297; Choice (1356.0, 2183.0, 192.0, 1889.0, 193.0, 1905.0, 2092.0, 191.0, 1347.0) 
Voter 38: ID 470; Choice (1356.0, 2183.0, 192.0, 1889.0, 193.0, 1905.0, 2092.0, 191.0, 1347.0) 
Voter 39: ID 108; Choice (1356.0, 2183.0, 192.0, 1889.0, 193.0, 1905.0, 2092.0, 191.0, 1347.0) 
Voter 40: ID 486; Choice (1356.0, 2183.0, 192.0, 1889.0, 193.0, 1905.0, 2092.0, 191.0, 1347.0) 
Voter 41: ID 320; Choice (1356.0, 2183.0, 192.0, 1889.0, 193.0, 1905.0, 2092.0, 191.0, 1347.0) 
Voter 42: ID 77; Choice (1356.0, 2183.0, 192.0, 1889.0, 193.0, 1905.0, 2092.0, 191.0, 1347.0) 
Voter 43: ID 726; Choice (1356.0, 2183.0, 192.0, 1889.0, 193.0, 1905.0, 2092.0, 191.0, 1347.0) 
Voter 44: ID 125; Choice (1356.0, 2183.0, 192.0, 1889.0, 193.0, 1905.0, 2092.0, 191.0, 1347.0) 
Voter 45: ID 199; Choice (1356.0, 2183.0, 192.0, 1889.0, 193.0, 1905.0, 2092.0, 191.0, 1347.0) 
Voter 46: ID 621; Choice (1356.0, 2183.0, 192.0, 1889.0, 193.0, 1905.0, 2092.0, 191.0, 1347.0) 
Voter 47: ID 254; Choice (1356.0, 2183.0, 192.0, 1889.0, 193.0, 1905.0, 2092.0, 191.0, 1347.0) 
Voter 48: ID 162; Choice (1356.0, 2183.0, 192.0, 1889.0, 193.0, 1905.0, 2092.0, 191.0, 1347.0) 
Voter 49: ID 628; Choice (2141.0, 1356.0, 2183.0, 192.0, 1889.0, 193.0, 1347.0, 1905.0, 2092.0, 2121.0, 191.0) 
Voter 50: ID 663; Choice (1356.0, 2183.0, 192.0, 1889.0, 193.0, 1905.0, 2092.0, 191.0, 1347.0) 
---------------------------------------------------------------------------
After Iteration 7 :
Voter 1: ID 324; Choice (1356.0, 2183.0, 192.0, 1889.0, 193.0, 1905.0, 2092.0, 191.0, 1347.0) 
Voter 2: ID 38; Choice (1356.0, 2183.0, 192.0, 1889.0, 193.0, 1905.0, 2092.0, 191.0, 1347.0) 
Voter 3: ID 50; Choice (1356.0, 2183.0, 192.0, 1889.0, 193.0, 1905.0, 2092.0, 191.0, 1347.0) 
Voter 4: ID 238; Choice (1356.0, 2183.0, 192.0, 1889.0, 193.0, 1905.0, 2092.0, 191.0, 1347.0) 
Voter 5: ID 426; Choice (1356.0, 2183.0, 192.0, 1889.0, 193.0, 1905.0, 2092.0, 191.0, 1347.0) 
Voter 6: ID 83; Choice (1356.0, 2183.0, 192.0, 1889.0, 193.0, 1905.0, 2092.0, 191.0, 1347.0) 
Voter 7: ID 538; Choice (1356.0, 2183.0, 192.0, 1889.0, 193.0, 1905.0, 2092.0, 191.0, 1347.0) 
Voter 8: ID 266; Choice (1356.0, 2183.0, 192.0, 1889.0, 193.0, 1905.0, 2092.0, 191.0, 1347.0) 
Voter 9: ID 249; Choice (1356.0, 2183.0, 192.0, 1889.0, 193.0, 1905.0, 2092.0, 191.0, 1347.0) 
Voter 10: ID 705; Choice (1356.0, 2183.0, 192.0, 1889.0, 193.0, 1905.0, 2092.0, 191.0, 1347.0) 
Voter 11: ID 700; Choice (1211.0, 1356.0, 2183.0, 192.0, 1889.0, 193.0, 1347.0, 191.0) 
Voter 12: ID 126; Choice (1356.0, 2183.0, 192.0, 1889.0, 193.0, 1905.0, 2092.0, 191.0, 1347.0) 
Voter 13: ID 666; Choice (1211.0, 2183.0, 192.0, 1889.0, 193.0, 2092.0, 2121.0) 
Voter 14: ID 64; Choice (1211.0, 1356.0, 2183.0, 192.0, 1889.0, 193.0, 1905.0, 2092.0, 191.0) 
Voter 15: ID 28; Choice (1356.0, 2183.0, 192.0, 1889.0, 193.0, 1905.0, 2092.0, 191.0, 1347.0) 
Voter 16: ID 30; Choice (1356.0, 2183.0, 192.0, 1889.0, 193.0, 1905.0, 2092.0, 191.0, 1347.0) 
Voter 17: ID 585; Choice (1356.0, 2183.0, 192.0, 1889.0, 193.0, 1905.0, 2092.0, 191.0, 1347.0) 
Voter 18: ID 393; Choice (1356.0, 2183.0, 192.0, 1889.0, 193.0, 1905.0, 2092.0, 191.0, 1347.0) 
Voter 19: ID 351; Choice (1356.0, 2183.0, 192.0, 1889.0, 193.0, 1905.0, 2092.0, 191.0, 1347.0) 
Voter 20: ID 55; Choice (1356.0, 2183.0, 192.0, 1889.0, 193.0, 1905.0, 2092.0, 191.0, 1347.0) 
Voter 21: ID 259; Choice (1356.0, 2183.0, 192.0, 1889.0, 193.0, 1905.0, 2092.0, 191.0, 1347.0) 
Voter 22: ID 208; Choice (1356.0, 2183.0, 192.0, 1889.0, 193.0, 1905.0, 2092.0, 191.0, 1347.0) 
Voter 23: ID 66; Choice (1356.0, 2183.0, 192.0, 1889.0, 193.0, 1905.0, 2092.0, 191.0, 1347.0) 
Voter 24: ID 395; Choice (1356.0, 2183.0, 192.0, 1889.0, 193.0, 1905.0, 2092.0, 191.0, 1347.0) 
Voter 25: ID 715; Choice (1356.0, 2183.0, 192.0, 1889.0, 193.0, 1905.0, 2092.0, 191.0, 1347.0) 
Voter 26: ID 151; Choice (1356.0, 2183.0, 192.0, 1889.0, 193.0, 1905.0, 2092.0, 191.0, 1347.0) 
Voter 27: ID 291; Choice (1356.0, 2183.0, 192.0, 1889.0, 193.0, 1905.0, 2092.0, 191.0, 1347.0) 
Voter 28: ID 696; Choice (1356.0, 2183.0, 192.0, 1889.0, 193.0, 1905.0, 2092.0, 191.0, 1347.0) 
Voter 29: ID 360; Choice (1356.0, 2183.0, 192.0, 1889.0, 193.0, 1905.0, 2092.0, 191.0, 1347.0) 
Voter 30: ID 376; Choice (1356.0, 2183.0, 192.0, 1889.0, 193.0, 1905.0, 2092.0, 191.0, 1347.0) 
Voter 31: ID 622; Choice (1356.0, 2183.0, 192.0, 1889.0, 193.0, 1905.0, 2092.0, 191.0, 1347.0) 
Voter 32: ID 175; Choice (1356.0, 2183.0, 192.0, 1889.0, 193.0, 1905.0, 2092.0, 191.0, 1347.0) 
Voter 33: ID 545; Choice (1356.0, 2183.0, 192.0, 1889.0, 193.0, 1905.0, 2092.0, 191.0, 1347.0) 
Voter 34: ID 60; Choice (1356.0, 2183.0, 192.0, 1889.0, 193.0, 1905.0, 2092.0, 191.0, 1347.0) 
Voter 35: ID 645; Choice (1356.0, 2183.0, 192.0, 1889.0, 193.0, 1905.0, 2092.0, 191.0, 1347.0) 
Voter 36: ID 145; Choice (1356.0, 2183.0, 192.0, 1889.0, 193.0, 1905.0, 2092.0, 191.0, 1347.0) 
Voter 37: ID 297; Choice (1211.0, 1356.0, 2183.0, 192.0, 1889.0, 193.0, 1347.0, 191.0) 
Voter 38: ID 470; Choice (1356.0, 2183.0, 192.0, 1889.0, 193.0, 1905.0, 2092.0, 191.0, 1347.0) 
Voter 39: ID 108; Choice (2141.0, 2183.0, 433.0, 192.0, 193.0, 1347.0, 1905.0, 2121.0, 191.0) 
Voter 40: ID 486; Choice (1356.0, 2183.0, 192.0, 1889.0, 193.0, 1905.0, 2092.0, 191.0, 1347.0) 
Voter 41: ID 320; Choice (1356.0, 2183.0, 192.0, 1889.0, 193.0, 1905.0, 2092.0, 191.0, 1347.0) 
Voter 42: ID 77; Choice (1356.0, 2183.0, 192.0, 1889.0, 193.0, 1905.0, 2092.0, 191.0, 1347.0) 
Voter 43: ID 726; Choice (1356.0, 2183.0, 192.0, 1889.0, 193.0, 1905.0, 2092.0, 191.0, 1347.0) 
Voter 44: ID 125; Choice (1356.0, 2183.0, 192.0, 1889.0, 193.0, 1905.0, 2092.0, 191.0, 1347.0) 
Voter 45: ID 199; Choice (2141.0, 1356.0, 2183.0, 192.0, 1889.0, 193.0, 1347.0, 1905.0, 2092.0, 2121.0, 191.0) 
Voter 46: ID 621; Choice (1356.0, 2183.0, 192.0, 1889.0, 193.0, 1905.0, 2092.0, 191.0, 1347.0) 
Voter 47: ID 254; Choice (1356.0, 2183.0, 192.0, 1889.0, 193.0, 1905.0, 2092.0, 191.0, 1347.0) 
Voter 48: ID 162; Choice (1356.0, 2183.0, 192.0, 1889.0, 193.0, 1905.0, 2092.0, 191.0, 1347.0) 
Voter 49: ID 628; Choice (1356.0, 2183.0, 192.0, 1889.0, 193.0, 1905.0, 2092.0, 191.0, 1347.0) 
Voter 50: ID 663; Choice (1356.0, 2183.0, 192.0, 1889.0, 193.0, 1905.0, 2092.0, 191.0, 1347.0) 
---------------------------------------------------------------------------
After Iteration 8 :
Voter 1: ID 324; Choice (1356.0, 2183.0, 192.0, 1889.0, 193.0, 1905.0, 2092.0, 191.0, 1347.0) 
Voter 2: ID 38; Choice (1356.0, 2183.0, 192.0, 1889.0, 193.0, 1905.0, 2092.0, 191.0, 1347.0) 
Voter 3: ID 50; Choice (1356.0, 2183.0, 192.0, 1889.0, 193.0, 1905.0, 2092.0, 191.0, 1347.0) 
Voter 4: ID 238; Choice (1356.0, 2183.0, 192.0, 1889.0, 193.0, 1905.0, 2092.0, 191.0, 1347.0) 
Voter 5: ID 426; Choice (1356.0, 2183.0, 192.0, 1889.0, 193.0, 1905.0, 2092.0, 191.0, 1347.0) 
Voter 6: ID 83; Choice (1356.0, 2183.0, 192.0, 1889.0, 193.0, 1905.0, 2092.0, 191.0, 1347.0) 
Voter 7: ID 538; Choice (1356.0, 2183.0, 192.0, 1889.0, 193.0, 1905.0, 2092.0, 191.0, 1347.0) 
Voter 8: ID 266; Choice (1356.0, 2183.0, 192.0, 1889.0, 193.0, 1905.0, 2092.0, 191.0, 1347.0) 
Voter 9: ID 249; Choice (1356.0, 2183.0, 192.0, 1889.0, 193.0, 1905.0, 2092.0, 191.0, 1347.0) 
Voter 10: ID 705; Choice (1211.0, 2183.0, 192.0, 1889.0, 193.0, 1347.0, 1905.0, 2092.0, 191.0) 
Voter 11: ID 700; Choice (1356.0, 2183.0, 192.0, 1889.0, 193.0, 1905.0, 2092.0, 191.0, 1347.0) 
Voter 12: ID 126; Choice (1356.0, 2183.0, 192.0, 1889.0, 193.0, 1905.0, 2092.0, 191.0, 1347.0) 
Voter 13: ID 666; Choice (1211.0, 2141.0, 1889.0, 193.0, 1905.0, 191.0) 
Voter 14: ID 64; Choice (1356.0, 2183.0, 192.0, 1889.0, 193.0, 1905.0, 2092.0, 191.0, 1347.0) 
Voter 15: ID 28; Choice (1356.0, 2183.0, 192.0, 1889.0, 193.0, 1905.0, 2092.0, 191.0, 1347.0) 
Voter 16: ID 30; Choice (1356.0, 2183.0, 192.0, 1889.0, 193.0, 1905.0, 2092.0, 191.0, 1347.0) 
Voter 17: ID 585; Choice (1356.0, 2183.0, 192.0, 1889.0, 193.0, 1905.0, 2092.0, 191.0, 1347.0) 
Voter 18: ID 393; Choice (1356.0, 2183.0, 192.0, 1889.0, 193.0, 1905.0, 2092.0, 191.0, 1347.0) 
Voter 19: ID 351; Choice (1356.0, 2183.0, 192.0, 1889.0, 193.0, 1905.0, 2092.0, 191.0, 1347.0) 
Voter 20: ID 55; Choice (1356.0, 2183.0, 192.0, 1889.0, 193.0, 1905.0, 2092.0, 191.0, 1347.0) 
Voter 21: ID 259; Choice (1356.0, 2183.0, 192.0, 1889.0, 193.0, 1905.0, 2092.0, 191.0, 1347.0) 
Voter 22: ID 208; Choice (1356.0, 2183.0, 192.0, 1889.0, 193.0, 1905.0, 2092.0, 191.0, 1347.0) 
Voter 23: ID 66; Choice (1356.0, 2183.0, 192.0, 1889.0, 193.0, 1905.0, 2092.0, 191.0, 1347.0) 
Voter 24: ID 395; Choice (1356.0, 2183.0, 192.0, 1889.0, 193.0, 1905.0, 2092.0, 191.0, 1347.0) 
Voter 25: ID 715; Choice (1356.0, 2183.0, 192.0, 1889.0, 193.0, 1905.0, 2092.0, 191.0, 1347.0) 
Voter 26: ID 151; Choice (1356.0, 2183.0, 192.0, 1889.0, 193.0, 1905.0, 2092.0, 191.0, 1347.0) 
Voter 27: ID 291; Choice (1356.0, 2183.0, 192.0, 1889.0, 193.0, 1905.0, 2092.0, 191.0, 1347.0) 
Voter 28: ID 696; Choice (1356.0, 2183.0, 192.0, 1889.0, 193.0, 1905.0, 2092.0, 191.0, 1347.0) 
Voter 29: ID 360; Choice (1356.0, 2183.0, 192.0, 1889.0, 193.0, 1905.0, 2092.0, 191.0, 1347.0) 
Voter 30: ID 376; Choice (1356.0, 2183.0, 192.0, 1889.0, 193.0, 1905.0, 2092.0, 191.0, 1347.0) 
Voter 31: ID 622; Choice (1356.0, 2183.0, 192.0, 1889.0, 193.0, 1905.0, 2092.0, 191.0, 1347.0) 
Voter 32: ID 175; Choice (1211.0, 2183.0, 1889.0, 193.0, 1905.0, 2121.0, 191.0) 
Voter 33: ID 545; Choice (1356.0, 2183.0, 192.0, 1889.0, 193.0, 1905.0, 2092.0, 191.0, 1347.0) 
Voter 34: ID 60; Choice (1356.0, 2183.0, 192.0, 1889.0, 193.0, 1905.0, 2092.0, 191.0, 1347.0) 
Voter 35: ID 645; Choice (1356.0, 2183.0, 192.0, 1889.0, 193.0, 1905.0, 2092.0, 191.0, 1347.0) 
Voter 36: ID 145; Choice (1356.0, 2183.0, 192.0, 1889.0, 193.0, 1905.0, 2092.0, 191.0, 1347.0) 
Voter 37: ID 297; Choice (1356.0, 2183.0, 192.0, 1889.0, 193.0, 1905.0, 2092.0, 191.0, 1347.0) 
Voter 38: ID 470; Choice (1356.0, 2183.0, 192.0, 1889.0, 193.0, 1905.0, 2092.0, 191.0, 1347.0) 
Voter 39: ID 108; Choice (1356.0, 2183.0, 192.0, 1889.0, 193.0, 1905.0, 2092.0, 191.0, 1347.0) 
Voter 40: ID 486; Choice (1356.0, 2183.0, 192.0, 1889.0, 193.0, 1905.0, 2092.0, 191.0, 1347.0) 
Voter 41: ID 320; Choice (1356.0, 2183.0, 192.0, 1889.0, 193.0, 1905.0, 2092.0, 191.0, 1347.0) 
Voter 42: ID 77; Choice (1356.0, 2183.0, 192.0, 1889.0, 193.0, 1905.0, 2092.0, 191.0, 1347.0) 
Voter 43: ID 726; Choice (1356.0, 2183.0, 192.0, 1889.0, 193.0, 1905.0, 2092.0, 191.0, 1347.0) 
Voter 44: ID 125; Choice (1356.0, 2183.0, 192.0, 1889.0, 193.0, 1905.0, 2092.0, 191.0, 1347.0) 
Voter 45: ID 199; Choice (1356.0, 2183.0, 192.0, 1889.0, 193.0, 1905.0, 2092.0, 191.0, 1347.0) 
Voter 46: ID 621; Choice (1356.0, 2183.0, 192.0, 1889.0, 193.0, 1905.0, 2092.0, 191.0, 1347.0) 
Voter 47: ID 254; Choice (1356.0, 2183.0, 192.0, 1889.0, 193.0, 1905.0, 2092.0, 191.0, 1347.0) 
Voter 48: ID 162; Choice (1356.0, 2183.0, 192.0, 1889.0, 193.0, 1905.0, 2092.0, 191.0, 1347.0) 
Voter 49: ID 628; Choice (1356.0, 2183.0, 192.0, 1889.0, 193.0, 1905.0, 2092.0, 191.0, 1347.0) 
Voter 50: ID 663; Choice (1356.0, 2183.0, 192.0, 1889.0, 193.0, 1905.0, 2092.0, 191.0, 1347.0) 
---------------------------------------------------------------------------
After Iteration 9 :
Voter 1: ID 324; Choice (1356.0, 2183.0, 192.0, 1889.0, 193.0, 1905.0, 2092.0, 191.0, 1347.0) 
Voter 2: ID 38; Choice (1356.0, 2183.0, 192.0, 1889.0, 193.0, 1905.0, 2092.0, 191.0, 1347.0) 
Voter 3: ID 50; Choice (1356.0, 2183.0, 192.0, 1889.0, 193.0, 1905.0, 2092.0, 191.0, 1347.0) 
Voter 4: ID 238; Choice (1356.0, 2183.0, 192.0, 1889.0, 193.0, 1905.0, 2092.0, 191.0, 1347.0) 
Voter 5: ID 426; Choice (1356.0, 2183.0, 192.0, 1889.0, 193.0, 1905.0, 2092.0, 191.0, 1347.0) 
Voter 6: ID 83; Choice (1356.0, 2183.0, 192.0, 1889.0, 193.0, 1905.0, 2092.0, 191.0, 1347.0) 
Voter 7: ID 538; Choice (1356.0, 2183.0, 192.0, 1889.0, 193.0, 1905.0, 2092.0, 191.0, 1347.0) 
Voter 8: ID 266; Choice (1356.0, 2183.0, 192.0, 1889.0, 193.0, 1905.0, 2092.0, 191.0, 1347.0) 
Voter 9: ID 249; Choice (1356.0, 2183.0, 192.0, 1889.0, 193.0, 1905.0, 2092.0, 191.0, 1347.0) 
Voter 10: ID 705; Choice (1356.0, 2183.0, 192.0, 1889.0, 193.0, 1905.0, 2092.0, 191.0, 1347.0) 
Voter 11: ID 700; Choice (1356.0, 2183.0, 192.0, 1889.0, 193.0, 1905.0, 2092.0, 191.0, 1347.0) 
Voter 12: ID 126; Choice (1356.0, 2183.0, 192.0, 1889.0, 193.0, 1905.0, 2092.0, 191.0, 1347.0) 
Voter 13: ID 666; Choice (1356.0, 2183.0, 192.0, 1889.0, 193.0, 1905.0, 2092.0, 191.0, 1347.0) 
Voter 14: ID 64; Choice (1356.0, 2183.0, 192.0, 1889.0, 193.0, 1905.0, 2092.0, 191.0, 1347.0) 
Voter 15: ID 28; Choice (1356.0, 2183.0, 192.0, 1889.0, 193.0, 1905.0, 2092.0, 191.0, 1347.0) 
Voter 16: ID 30; Choice (1356.0, 2183.0, 192.0, 1889.0, 193.0, 1905.0, 2092.0, 191.0, 1347.0) 
Voter 17: ID 585; Choice (1356.0, 2183.0, 192.0, 1889.0, 193.0, 1905.0, 2092.0, 191.0, 1347.0) 
Voter 18: ID 393; Choice (1356.0, 2183.0, 192.0, 1889.0, 193.0, 1905.0, 2092.0, 191.0, 1347.0) 
Voter 19: ID 351; Choice (1356.0, 2183.0, 192.0, 1889.0, 193.0, 1905.0, 2092.0, 191.0, 1347.0) 
Voter 20: ID 55; Choice (1356.0, 2183.0, 192.0, 1889.0, 193.0, 1905.0, 2092.0, 191.0, 1347.0) 
Voter 21: ID 259; Choice (1356.0, 2183.0, 192.0, 1889.0, 193.0, 1905.0, 2092.0, 191.0, 1347.0) 
Voter 22: ID 208; Choice (1356.0, 2183.0, 192.0, 1889.0, 193.0, 1905.0, 2092.0, 191.0, 1347.0) 
Voter 23: ID 66; Choice (1356.0, 2183.0, 192.0, 1889.0, 193.0, 1905.0, 2092.0, 191.0, 1347.0) 
Voter 24: ID 395; Choice (1356.0, 2183.0, 192.0, 1889.0, 193.0, 1905.0, 2092.0, 191.0, 1347.0) 
Voter 25: ID 715; Choice (1356.0, 2183.0, 192.0, 1889.0, 193.0, 1905.0, 2092.0, 191.0, 1347.0) 
Voter 26: ID 151; Choice (1356.0, 2183.0, 192.0, 1889.0, 193.0, 1905.0, 2092.0, 191.0, 1347.0) 
Voter 27: ID 291; Choice (1356.0, 2183.0, 192.0, 1889.0, 193.0, 1905.0, 2092.0, 191.0, 1347.0) 
Voter 28: ID 696; Choice (1356.0, 2183.0, 192.0, 1889.0, 193.0, 1905.0, 2092.0, 191.0, 1347.0) 
Voter 29: ID 360; Choice (1356.0, 2183.0, 192.0, 1889.0, 193.0, 1905.0, 2092.0, 191.0, 1347.0) 
Voter 30: ID 376; Choice (1356.0, 2183.0, 192.0, 1889.0, 193.0, 1905.0, 2092.0, 191.0, 1347.0) 
Voter 31: ID 622; Choice (1356.0, 2183.0, 192.0, 1889.0, 193.0, 1905.0, 2092.0, 191.0, 1347.0) 
Voter 32: ID 175; Choice (1356.0, 2183.0, 192.0, 1889.0, 193.0, 1905.0, 2092.0, 191.0, 1347.0) 
Voter 33: ID 545; Choice (1356.0, 2183.0, 192.0, 1889.0, 193.0, 1905.0, 2092.0, 191.0, 1347.0) 
Voter 34: ID 60; Choice (1356.0, 2183.0, 192.0, 1889.0, 193.0, 1905.0, 2092.0, 191.0, 1347.0) 
Voter 35: ID 645; Choice (1356.0, 2183.0, 192.0, 1889.0, 193.0, 1905.0, 2092.0, 191.0, 1347.0) 
Voter 36: ID 145; Choice (1356.0, 2183.0, 192.0, 1889.0, 193.0, 1905.0, 2092.0, 191.0, 1347.0) 
Voter 37: ID 297; Choice (1356.0, 2183.0, 192.0, 1889.0, 193.0, 1905.0, 2092.0, 191.0, 1347.0) 
Voter 38: ID 470; Choice (1356.0, 2183.0, 192.0, 1889.0, 193.0, 1905.0, 2092.0, 191.0, 1347.0) 
Voter 39: ID 108; Choice (1356.0, 2183.0, 192.0, 1889.0, 193.0, 1905.0, 2092.0, 191.0, 1347.0) 
Voter 40: ID 486; Choice (1356.0, 2183.0, 192.0, 1889.0, 193.0, 1905.0, 2092.0, 191.0, 1347.0) 
Voter 41: ID 320; Choice (1356.0, 2183.0, 192.0, 1889.0, 193.0, 1905.0, 2092.0, 191.0, 1347.0) 
Voter 42: ID 77; Choice (1356.0, 2183.0, 192.0, 1889.0, 193.0, 1905.0, 2092.0, 191.0, 1347.0) 
Voter 43: ID 726; Choice (1356.0, 2183.0, 192.0, 1889.0, 193.0, 1905.0, 2092.0, 191.0, 1347.0) 
Voter 44: ID 125; Choice (1356.0, 2183.0, 192.0, 1889.0, 193.0, 1905.0, 2092.0, 191.0, 1347.0) 
Voter 45: ID 199; Choice (1356.0, 2183.0, 192.0, 1889.0, 193.0, 1905.0, 2092.0, 191.0, 1347.0) 
Voter 46: ID 621; Choice (1356.0, 2183.0, 192.0, 1889.0, 193.0, 1905.0, 2092.0, 191.0, 1347.0) 
Voter 47: ID 254; Choice (1356.0, 2183.0, 192.0, 1889.0, 193.0, 1905.0, 2092.0, 191.0, 1347.0) 
Voter 48: ID 162; Choice (1356.0, 2183.0, 192.0, 1889.0, 193.0, 1905.0, 2092.0, 191.0, 1347.0) 
Voter 49: ID 628; Choice (1356.0, 2183.0, 192.0, 1889.0, 193.0, 1905.0, 2092.0, 191.0, 1347.0) 
Voter 50: ID 663; Choice (1356.0, 2183.0, 192.0, 1889.0, 193.0, 1905.0, 2092.0, 191.0, 1347.0) 
---------------------------------------------------------------------------
Concensus reached after 9 iterations.
Max degree: 16 Number of valid combinations: 85 Using random find.
There are 1 opinions after all iterations.
(1356.0, 2183.0, 192.0, 1889.0, 193.0, 1905.0, 2092.0, 191.0, 1347.0) count: 50
