    project id    reward
0       1211.0 -0.444988
1       2141.0 -0.057202
2       1356.0  0.331482
3       2183.0  0.343395
4        433.0 -0.263659
5        192.0  0.232709
6       1889.0  0.302624
7        193.0  0.251523
8       1347.0  0.192139
9       1905.0  0.121838
10      2092.0  0.245409
11      2121.0 -0.136063
12       191.0  0.215283
Valid Combinations are:
(1356.0, 2183.0, 192.0, 1889.0, 193.0, 1905.0, 2092.0, 191.0, 1347.0)
(1356.0, 2183.0, 192.0, 1889.0, 193.0, 1905.0, 2092.0, 191.0)
(1211.0, 2141.0, 1356.0, 2183.0, 192.0, 193.0)
(1356.0, 2183.0, 192.0, 193.0, 1347.0, 1905.0, 2092.0, 2121.0, 191.0)
(1211.0, 1356.0, 2183.0, 192.0, 193.0, 1905.0, 2092.0, 191.0)
(2141.0, 1356.0, 2183.0, 1889.0, 193.0, 1347.0, 1905.0, 2092.0)
(2141.0, 1356.0, 433.0, 192.0, 1889.0, 1347.0, 1905.0, 191.0)
(2141.0, 1356.0, 1889.0, 1347.0, 1905.0, 2092.0, 2121.0, 191.0)
(2141.0, 2183.0, 1889.0, 193.0, 1347.0, 1905.0, 2092.0, 2121.0)
(2141.0, 433.0, 192.0, 1889.0, 1347.0, 1905.0, 2092.0, 191.0)
(2141.0, 433.0, 1889.0, 193.0, 1905.0, 2092.0, 2121.0, 191.0)
(1356.0, 2183.0, 433.0, 192.0, 1889.0, 1905.0, 2092.0, 191.0)
(1356.0, 2183.0, 433.0, 192.0, 193.0, 1347.0, 2092.0, 191.0)
(1356.0, 2183.0, 433.0, 1889.0, 1905.0, 2092.0, 2121.0, 191.0)
(1356.0, 433.0, 192.0, 193.0, 1347.0, 1905.0, 2121.0, 191.0)
(1211.0, 2183.0, 192.0, 1889.0, 193.0, 1905.0, 191.0)
(2141.0, 1356.0, 2183.0, 433.0, 192.0, 1347.0, 191.0)
(2141.0, 1356.0, 2183.0, 433.0, 1889.0, 1347.0, 1905.0)
(2141.0, 1356.0, 2183.0, 433.0, 1889.0, 2121.0, 191.0)
(2141.0, 1356.0, 2183.0, 1889.0, 1905.0, 2092.0, 2121.0)
(2141.0, 1356.0, 433.0, 1889.0, 193.0, 2092.0, 191.0)
(2141.0, 1356.0, 192.0, 1889.0, 193.0, 1905.0, 191.0)
(2141.0, 2183.0, 433.0, 192.0, 1889.0, 193.0, 2121.0)
(2141.0, 2183.0, 433.0, 192.0, 1889.0, 193.0, 191.0)
(2141.0, 2183.0, 433.0, 193.0, 1905.0, 2121.0, 191.0)
(2141.0, 2183.0, 192.0, 193.0, 1347.0, 2092.0, 2121.0)
(2141.0, 433.0, 192.0, 1889.0, 193.0, 2092.0, 2121.0)
(1356.0, 2183.0, 433.0, 192.0, 193.0, 1905.0, 2092.0)
(1356.0, 2183.0, 433.0, 1889.0, 193.0, 1347.0, 191.0)
(1356.0, 2183.0, 1889.0, 193.0, 1905.0, 2121.0, 191.0)
(1356.0, 433.0, 192.0, 1889.0, 193.0, 2092.0, 191.0)
(1356.0, 433.0, 193.0, 1347.0, 2092.0, 2121.0, 191.0)
(2183.0, 433.0, 192.0, 1889.0, 1347.0, 1905.0, 191.0)
(2183.0, 192.0, 1889.0, 193.0, 2092.0, 2121.0, 191.0)
(1211.0, 2141.0, 2183.0, 192.0, 1889.0, 2092.0)
(1211.0, 1356.0, 192.0, 1889.0, 193.0, 1905.0)
(1211.0, 1889.0, 193.0, 1905.0, 2121.0, 191.0)
(2141.0, 1356.0, 2183.0, 1347.0, 1905.0, 2121.0)
(2141.0, 1356.0, 433.0, 1889.0, 1347.0, 2121.0)
(2141.0, 1356.0, 433.0, 1905.0, 2092.0, 191.0)
(2141.0, 2183.0, 433.0, 2092.0, 2121.0, 191.0)
(2141.0, 2183.0, 192.0, 193.0, 2092.0, 191.0)
(2141.0, 2183.0, 192.0, 2092.0, 2121.0, 191.0)
(2141.0, 433.0, 192.0, 1905.0, 2092.0, 2121.0)
(1356.0, 2183.0, 433.0, 192.0, 1889.0, 193.0)
Initial Choices:
---------------------------------------------------------------------------
Voter 1: ID 561; Choice (2141.0, 1356.0, 1889.0, 1347.0, 1905.0, 2092.0, 2121.0, 191.0) 
Voter 2: ID 400; Choice (1356.0, 2183.0, 433.0, 192.0, 1889.0, 193.0) 
Voter 3: ID 506; Choice (2141.0, 2183.0, 433.0, 192.0, 1889.0, 193.0, 2121.0) 
Voter 4: ID 574; Choice (2141.0, 1356.0, 2183.0, 1347.0, 1905.0, 2121.0) 
Voter 5: ID 165; Choice (2141.0, 1356.0, 192.0, 1889.0, 193.0, 1905.0, 191.0) 
Voter 6: ID 725; Choice (2141.0, 433.0, 1889.0, 193.0, 1905.0, 2092.0, 2121.0, 191.0) 
Voter 7: ID 292; Choice (2141.0, 2183.0, 433.0, 192.0, 1889.0, 193.0, 2121.0) 
Voter 8: ID 120; Choice (2141.0, 2183.0, 192.0, 193.0, 2092.0, 191.0) 
Voter 9: ID 261; Choice (1356.0, 2183.0, 433.0, 192.0, 193.0, 1905.0, 2092.0) 
Voter 10: ID 123; Choice (2141.0, 1356.0, 433.0, 1889.0, 1347.0, 2121.0) 
Voter 11: ID 84; Choice (2141.0, 1356.0, 1889.0, 1347.0, 1905.0, 2092.0, 2121.0, 191.0) 
Voter 12: ID 325; Choice (1211.0, 1356.0, 192.0, 1889.0, 193.0, 1905.0) 
Voter 13: ID 431; Choice (2141.0, 433.0, 192.0, 1905.0, 2092.0, 2121.0) 
Voter 14: ID 358; Choice (2141.0, 1356.0, 433.0, 1905.0, 2092.0, 191.0) 
Voter 15: ID 688; Choice (2141.0, 433.0, 1889.0, 193.0, 1905.0, 2092.0, 2121.0, 191.0) 
Voter 16: ID 479; Choice (1356.0, 2183.0, 433.0, 1889.0, 1905.0, 2092.0, 2121.0, 191.0) 
Voter 17: ID 607; Choice (2141.0, 2183.0, 192.0, 193.0, 1347.0, 2092.0, 2121.0) 
Voter 18: ID 99; Choice (1356.0, 433.0, 193.0, 1347.0, 2092.0, 2121.0, 191.0) 
Voter 19: ID 601; Choice (1356.0, 2183.0, 433.0, 192.0, 193.0, 1347.0, 2092.0, 191.0) 
Voter 20: ID 128; Choice (1211.0, 1889.0, 193.0, 1905.0, 2121.0, 191.0) 
Voter 21: ID 267; Choice (1356.0, 2183.0, 192.0, 1889.0, 193.0, 1905.0, 2092.0, 191.0, 1347.0) 
Voter 22: ID 496; Choice (1211.0, 1356.0, 192.0, 1889.0, 193.0, 1905.0) 
Voter 23: ID 116; Choice (2141.0, 2183.0, 433.0, 193.0, 1905.0, 2121.0, 191.0) 
Voter 24: ID 295; Choice (1356.0, 433.0, 192.0, 193.0, 1347.0, 1905.0, 2121.0, 191.0) 
Voter 25: ID 578; Choice (1356.0, 2183.0, 433.0, 192.0, 1889.0, 193.0) 
Voter 26: ID 206; Choice (2141.0, 2183.0, 192.0, 193.0, 1347.0, 2092.0, 2121.0) 
Voter 27: ID 469; Choice (1211.0, 2141.0, 2183.0, 192.0, 1889.0, 2092.0) 
Voter 28: ID 11; Choice (2141.0, 2183.0, 192.0, 193.0, 1347.0, 2092.0, 2121.0) 
Voter 29: ID 177; Choice (2141.0, 1356.0, 192.0, 1889.0, 193.0, 1905.0, 191.0) 
Voter 30: ID 604; Choice (2141.0, 1356.0, 2183.0, 1347.0, 1905.0, 2121.0) 
Voter 31: ID 594; Choice (2141.0, 433.0, 192.0, 1905.0, 2092.0, 2121.0) 
Voter 32: ID 186; Choice (1356.0, 2183.0, 192.0, 1889.0, 193.0, 1905.0, 2092.0, 191.0) 
Voter 33: ID 491; Choice (1356.0, 2183.0, 433.0, 192.0, 193.0, 1905.0, 2092.0) 
Voter 34: ID 322; Choice (1211.0, 1356.0, 2183.0, 192.0, 193.0, 1905.0, 2092.0, 191.0) 
Voter 35: ID 146; Choice (1356.0, 433.0, 192.0, 1889.0, 193.0, 2092.0, 191.0) 
Voter 36: ID 697; Choice (2141.0, 2183.0, 192.0, 193.0, 2092.0, 191.0) 
Voter 37: ID 692; Choice (2141.0, 1356.0, 2183.0, 433.0, 1889.0, 2121.0, 191.0) 
Voter 38: ID 285; Choice (2141.0, 2183.0, 192.0, 193.0, 1347.0, 2092.0, 2121.0) 
Voter 39: ID 633; Choice (2141.0, 1356.0, 433.0, 1889.0, 1347.0, 2121.0) 
Voter 40: ID 632; Choice (1356.0, 2183.0, 433.0, 192.0, 193.0, 1905.0, 2092.0) 
Voter 41: ID 159; Choice (2141.0, 2183.0, 433.0, 192.0, 1889.0, 193.0, 2121.0) 
Voter 42: ID 701; Choice (2141.0, 2183.0, 433.0, 2092.0, 2121.0, 191.0) 
Voter 43: ID 608; Choice (2141.0, 433.0, 192.0, 1889.0, 193.0, 2092.0, 2121.0) 
Voter 44: ID 387; Choice (2141.0, 433.0, 192.0, 1889.0, 1347.0, 1905.0, 2092.0, 191.0) 
Voter 45: ID 168; Choice (2141.0, 433.0, 192.0, 1889.0, 193.0, 2092.0, 2121.0) 
Voter 46: ID 649; Choice (1356.0, 2183.0, 433.0, 192.0, 193.0, 1905.0, 2092.0) 
Voter 47: ID 46; Choice (1211.0, 1356.0, 2183.0, 192.0, 193.0, 1905.0, 2092.0, 191.0) 
Voter 48: ID 13; Choice (2183.0, 433.0, 192.0, 1889.0, 1347.0, 1905.0, 191.0) 
Voter 49: ID 75; Choice (1356.0, 2183.0, 433.0, 192.0, 1889.0, 1905.0, 2092.0, 191.0) 
Voter 50: ID 219; Choice (2141.0, 1356.0, 2183.0, 1347.0, 1905.0, 2121.0) 
---------------------------------------------------------------------------
After Iteration 1 :
Voter 1: ID 561; Choice (1211.0, 2183.0, 192.0, 1889.0, 193.0, 1905.0, 191.0) 
Voter 2: ID 400; Choice (2141.0, 1356.0, 433.0, 1905.0, 2092.0, 191.0) 
Voter 3: ID 506; Choice (2141.0, 433.0, 192.0, 1889.0, 193.0, 2092.0, 2121.0) 
Voter 4: ID 574; Choice (1211.0, 1356.0, 192.0, 1889.0, 193.0, 1905.0) 
Voter 5: ID 165; Choice (1211.0, 1356.0, 2183.0, 192.0, 193.0, 1905.0, 2092.0, 191.0) 
Voter 6: ID 725; Choice (1211.0, 1356.0, 2183.0, 192.0, 193.0, 1905.0, 2092.0, 191.0) 
Voter 7: ID 292; Choice (1356.0, 433.0, 192.0, 1889.0, 193.0, 2092.0, 191.0) 
Voter 8: ID 120; Choice (2141.0, 1356.0, 433.0, 1889.0, 1347.0, 2121.0) 
Voter 9: ID 261; Choice (2141.0, 433.0, 192.0, 1889.0, 1347.0, 1905.0, 2092.0, 191.0) 
Voter 10: ID 123; Choice (2141.0, 1356.0, 433.0, 1889.0, 1347.0, 2121.0) 
Voter 11: ID 84; Choice (2141.0, 433.0, 192.0, 1889.0, 1347.0, 1905.0, 2092.0, 191.0) 
Voter 12: ID 325; Choice (2141.0, 2183.0, 192.0, 193.0, 2092.0, 191.0) 
Voter 13: ID 431; Choice (1211.0, 1356.0, 192.0, 1889.0, 193.0, 1905.0) 
Voter 14: ID 358; Choice (1356.0, 2183.0, 433.0, 192.0, 1889.0, 193.0) 
Voter 15: ID 688; Choice (1356.0, 2183.0, 1889.0, 193.0, 1905.0, 2121.0, 191.0) 
Voter 16: ID 479; Choice (1356.0, 2183.0, 192.0, 193.0, 1347.0, 1905.0, 2092.0, 2121.0, 191.0) 
Voter 17: ID 607; Choice (2141.0, 1356.0, 2183.0, 433.0, 1889.0, 1347.0, 1905.0) 
Voter 18: ID 99; Choice (2141.0, 1356.0, 1889.0, 1347.0, 1905.0, 2092.0, 2121.0, 191.0) 
Voter 19: ID 601; Choice (2141.0, 433.0, 192.0, 1889.0, 1347.0, 1905.0, 2092.0, 191.0) 
Voter 20: ID 128; Choice (1356.0, 2183.0, 192.0, 1889.0, 193.0, 1905.0, 2092.0, 191.0, 1347.0) 
Voter 21: ID 267; Choice (1356.0, 2183.0, 192.0, 193.0, 1347.0, 1905.0, 2092.0, 2121.0, 191.0) 
Voter 22: ID 496; Choice (2183.0, 433.0, 192.0, 1889.0, 1347.0, 1905.0, 191.0) 
Voter 23: ID 116; Choice (1356.0, 2183.0, 433.0, 192.0, 1889.0, 1905.0, 2092.0, 191.0) 
Voter 24: ID 295; Choice (1211.0, 1889.0, 193.0, 1905.0, 2121.0, 191.0) 
Voter 25: ID 578; Choice (1356.0, 433.0, 192.0, 193.0, 1347.0, 1905.0, 2121.0, 191.0) 
Voter 26: ID 206; Choice (2141.0, 2183.0, 1889.0, 193.0, 1347.0, 1905.0, 2092.0, 2121.0) 
Voter 27: ID 469; Choice (1356.0, 2183.0, 433.0, 1889.0, 193.0, 1347.0, 191.0) 
Voter 28: ID 11; Choice (1211.0, 1889.0, 193.0, 1905.0, 2121.0, 191.0) 
Voter 29: ID 177; Choice (1356.0, 2183.0, 433.0, 1889.0, 193.0, 1347.0, 191.0) 
Voter 30: ID 604; Choice (1356.0, 2183.0, 433.0, 192.0, 193.0, 1347.0, 2092.0, 191.0) 
Voter 31: ID 594; Choice (1211.0, 1356.0, 192.0, 1889.0, 193.0, 1905.0) 
Voter 32: ID 186; Choice (1356.0, 433.0, 192.0, 193.0, 1347.0, 1905.0, 2121.0, 191.0) 
Voter 33: ID 491; Choice (1356.0, 2183.0, 192.0, 193.0, 1347.0, 1905.0, 2092.0, 2121.0, 191.0) 
Voter 34: ID 322; Choice (1356.0, 2183.0, 433.0, 192.0, 1889.0, 193.0) 
Voter 35: ID 146; Choice (2141.0, 1356.0, 2183.0, 1347.0, 1905.0, 2121.0) 
Voter 36: ID 697; Choice (2141.0, 433.0, 192.0, 1889.0, 1347.0, 1905.0, 2092.0, 191.0) 
Voter 37: ID 692; Choice (2141.0, 2183.0, 433.0, 192.0, 1889.0, 193.0, 2121.0) 
Voter 38: ID 285; Choice (2141.0, 433.0, 192.0, 1905.0, 2092.0, 2121.0) 
Voter 39: ID 633; Choice (2141.0, 2183.0, 433.0, 192.0, 1889.0, 193.0, 191.0) 
Voter 40: ID 632; Choice (2141.0, 1356.0, 2183.0, 1889.0, 1905.0, 2092.0, 2121.0) 
Voter 41: ID 159; Choice (2141.0, 2183.0, 433.0, 193.0, 1905.0, 2121.0, 191.0) 
Voter 42: ID 701; Choice (2141.0, 2183.0, 192.0, 193.0, 1347.0, 2092.0, 2121.0) 
Voter 43: ID 608; Choice (2141.0, 1356.0, 2183.0, 433.0, 1889.0, 1347.0, 1905.0) 
Voter 44: ID 387; Choice (1356.0, 2183.0, 433.0, 1889.0, 1905.0, 2092.0, 2121.0, 191.0) 
Voter 45: ID 168; Choice (1356.0, 2183.0, 192.0, 1889.0, 193.0, 1905.0, 2092.0, 191.0) 
Voter 46: ID 649; Choice (1356.0, 433.0, 193.0, 1347.0, 2092.0, 2121.0, 191.0) 
Voter 47: ID 46; Choice (2141.0, 433.0, 192.0, 1889.0, 193.0, 2092.0, 2121.0) 
Voter 48: ID 13; Choice (1211.0, 2141.0, 1356.0, 2183.0, 192.0, 193.0) 
Voter 49: ID 75; Choice (2141.0, 1356.0, 433.0, 1889.0, 1347.0, 2121.0) 
Voter 50: ID 219; Choice (2141.0, 433.0, 1889.0, 193.0, 1905.0, 2092.0, 2121.0, 191.0) 
---------------------------------------------------------------------------
---------------------------------------------------------------------------
{(1356.0, 2183.0, 192.0, 1889.0, 193.0, 1905.0, 2092.0, 191.0, 1347.0): 0.22364029753939524, (1356.0, 2183.0, 192.0, 1889.0, 193.0, 1905.0, 2092.0, 191.0): 0.2044263556646321, (1211.0, 2141.0, 1356.0, 2183.0, 192.0, 193.0): 0, (1356.0, 2183.0, 192.0, 193.0, 1347.0, 1905.0, 2092.0, 2121.0, 191.0): 0, (1211.0, 1356.0, 2183.0, 192.0, 193.0, 1905.0, 2092.0, 191.0): 0.12966518733964408, (2141.0, 1356.0, 2183.0, 1889.0, 193.0, 1347.0, 1905.0, 2092.0): 0, (2141.0, 1356.0, 433.0, 192.0, 1889.0, 1347.0, 1905.0, 191.0): 0, (2141.0, 1356.0, 1889.0, 1347.0, 1905.0, 2092.0, 2121.0, 191.0): 0, (2141.0, 2183.0, 1889.0, 193.0, 1347.0, 1905.0, 2092.0, 2121.0): 0, (2141.0, 433.0, 192.0, 1889.0, 1347.0, 1905.0, 2092.0, 191.0): 0, (2141.0, 433.0, 1889.0, 193.0, 1905.0, 2092.0, 2121.0, 191.0): 0.06797534125820091, (1356.0, 2183.0, 433.0, 192.0, 1889.0, 1905.0, 2092.0, 191.0): 0, (1356.0, 2183.0, 433.0, 192.0, 193.0, 1347.0, 2092.0, 191.0): 0, (1356.0, 2183.0, 433.0, 1889.0, 1905.0, 2092.0, 2121.0, 191.0): 0, (1356.0, 433.0, 192.0, 193.0, 1347.0, 1905.0, 2121.0, 191.0): 0, (1211.0, 2183.0, 192.0, 1889.0, 193.0, 1905.0, 191.0): 0, (2141.0, 1356.0, 2183.0, 433.0, 192.0, 1347.0, 191.0): 0, (2141.0, 1356.0, 2183.0, 433.0, 1889.0, 1347.0, 1905.0): 0, (2141.0, 1356.0, 2183.0, 433.0, 1889.0, 2121.0, 191.0): 0, (2141.0, 1356.0, 2183.0, 1889.0, 1905.0, 2092.0, 2121.0): 0, (2141.0, 1356.0, 433.0, 1889.0, 193.0, 2092.0, 191.0): 0, (2141.0, 1356.0, 192.0, 1889.0, 193.0, 1905.0, 191.0): 0.1398256960084717, (2141.0, 2183.0, 433.0, 192.0, 1889.0, 193.0, 2121.0): 0.06733274272381291, (2141.0, 2183.0, 433.0, 192.0, 1889.0, 193.0, 191.0): 0, (2141.0, 2183.0, 433.0, 193.0, 1905.0, 2121.0, 191.0): 0, (2141.0, 2183.0, 192.0, 193.0, 1347.0, 2092.0, 2121.0): 0, (2141.0, 433.0, 192.0, 1889.0, 193.0, 2092.0, 2121.0): 0.057534132276254306, (1356.0, 2183.0, 433.0, 192.0, 193.0, 1905.0, 2092.0): 0, (1356.0, 2183.0, 433.0, 1889.0, 193.0, 1347.0, 191.0): 0, (1356.0, 2183.0, 1889.0, 193.0, 1905.0, 2121.0, 191.0): 0, (1356.0, 433.0, 192.0, 1889.0, 193.0, 2092.0, 191.0): 0.13153713586825352, (1356.0, 433.0, 193.0, 1347.0, 2092.0, 2121.0, 191.0): 0, (2183.0, 433.0, 192.0, 1889.0, 1347.0, 1905.0, 191.0): 0, (2183.0, 192.0, 1889.0, 193.0, 2092.0, 2121.0, 191.0): 0, (1211.0, 2141.0, 2183.0, 192.0, 1889.0, 2092.0): 0, (1211.0, 1356.0, 192.0, 1889.0, 193.0, 1905.0): 0.07951886260472017, (1211.0, 1889.0, 193.0, 1905.0, 2121.0, 191.0): 0, (2141.0, 1356.0, 2183.0, 1347.0, 1905.0, 2121.0): 0.07955903704574228, (2141.0, 1356.0, 433.0, 1889.0, 1347.0, 2121.0): 0, (2141.0, 1356.0, 433.0, 1905.0, 2092.0, 191.0): 0.0593151684729468, (2141.0, 2183.0, 433.0, 2092.0, 2121.0, 191.0): 0.034716333839833594, (2141.0, 2183.0, 192.0, 193.0, 2092.0, 191.0): 0.12311167211104035, (2141.0, 2183.0, 192.0, 2092.0, 2121.0, 191.0): 0, (2141.0, 433.0, 192.0, 1905.0, 2092.0, 2121.0): 0.014303306913210946, (1356.0, 2183.0, 433.0, 192.0, 1889.0, 193.0): 0.11980748004612124}
After Iteration 2 :
Voter 1: ID 561; Choice (1356.0, 433.0, 192.0, 193.0, 1347.0, 1905.0, 2121.0, 191.0) 
Voter 2: ID 400; Choice (1356.0, 2183.0, 192.0, 1889.0, 193.0, 1905.0, 2092.0, 191.0, 1347.0) 
Voter 3: ID 506; Choice (1211.0, 1356.0, 192.0, 1889.0, 193.0, 1905.0) 
Voter 4: ID 574; Choice (2141.0, 1356.0, 2183.0, 1347.0, 1905.0, 2121.0) 
Voter 5: ID 165; Choice (2141.0, 433.0, 192.0, 1889.0, 1347.0, 1905.0, 2092.0, 191.0) 
Voter 6: ID 725; Choice (2141.0, 1356.0, 2183.0, 1347.0, 1905.0, 2121.0) 
Voter 7: ID 292; Choice (1356.0, 2183.0, 433.0, 192.0, 193.0, 1347.0, 2092.0, 191.0) 
Voter 8: ID 120; Choice (2141.0, 1356.0, 433.0, 1905.0, 2092.0, 191.0) 
Voter 9: ID 261; Choice (2141.0, 433.0, 192.0, 1889.0, 193.0, 2092.0, 2121.0) 
Voter 10: ID 123; Choice (2141.0, 2183.0, 1889.0, 193.0, 1347.0, 1905.0, 2092.0, 2121.0) 
Voter 11: ID 84; Choice (2141.0, 433.0, 1889.0, 193.0, 1905.0, 2092.0, 2121.0, 191.0) 
Voter 12: ID 325; Choice (1356.0, 2183.0, 1889.0, 193.0, 1905.0, 2121.0, 191.0) 
Voter 13: ID 431; Choice (1211.0, 1356.0, 2183.0, 192.0, 193.0, 1905.0, 2092.0, 191.0) 
Voter 14: ID 358; Choice (2141.0, 1356.0, 2183.0, 433.0, 192.0, 1347.0, 191.0) 
Voter 15: ID 688; Choice (1356.0, 433.0, 193.0, 1347.0, 2092.0, 2121.0, 191.0) 
Voter 16: ID 479; Choice (2141.0, 1356.0, 192.0, 1889.0, 193.0, 1905.0, 191.0) 
Voter 17: ID 607; Choice (1211.0, 2141.0, 1356.0, 2183.0, 192.0, 193.0) 
Voter 18: ID 99; Choice (2141.0, 1356.0, 2183.0, 433.0, 1889.0, 2121.0, 191.0) 
Voter 19: ID 601; Choice (1356.0, 2183.0, 192.0, 1889.0, 193.0, 1905.0, 2092.0, 191.0, 1347.0) 
Voter 20: ID 128; Choice (1211.0, 1356.0, 2183.0, 192.0, 193.0, 1905.0, 2092.0, 191.0) 
Voter 21: ID 267; Choice (1356.0, 2183.0, 192.0, 1889.0, 193.0, 1905.0, 2092.0, 191.0, 1347.0) 
Voter 22: ID 496; Choice (2183.0, 192.0, 1889.0, 193.0, 2092.0, 2121.0, 191.0) 
Voter 23: ID 116; Choice (2183.0, 433.0, 192.0, 1889.0, 1347.0, 1905.0, 191.0) 
Voter 24: ID 295; Choice (1356.0, 2183.0, 433.0, 192.0, 193.0, 1905.0, 2092.0) 
Voter 25: ID 578; Choice (1356.0, 2183.0, 433.0, 192.0, 193.0, 1347.0, 2092.0, 191.0) 
Voter 26: ID 206; Choice (2141.0, 433.0, 192.0, 1889.0, 193.0, 2092.0, 2121.0) 
Voter 27: ID 469; Choice (2183.0, 433.0, 192.0, 1889.0, 1347.0, 1905.0, 191.0) 
Voter 28: ID 11; Choice (2141.0, 2183.0, 433.0, 193.0, 1905.0, 2121.0, 191.0) 
Voter 29: ID 177; Choice (1356.0, 433.0, 192.0, 1889.0, 193.0, 2092.0, 191.0) 
Voter 30: ID 604; Choice (2141.0, 2183.0, 192.0, 193.0, 2092.0, 191.0) 
Voter 31: ID 594; Choice (2141.0, 433.0, 192.0, 1889.0, 193.0, 2092.0, 2121.0) 
Voter 32: ID 186; Choice (2141.0, 433.0, 1889.0, 193.0, 1905.0, 2092.0, 2121.0, 191.0) 
Voter 33: ID 491; Choice (2141.0, 2183.0, 433.0, 193.0, 1905.0, 2121.0, 191.0) 
Voter 34: ID 322; Choice (2141.0, 1356.0, 2183.0, 1889.0, 1905.0, 2092.0, 2121.0) 
Voter 35: ID 146; Choice (1356.0, 2183.0, 192.0, 1889.0, 193.0, 1905.0, 2092.0, 191.0, 1347.0) 
Voter 36: ID 697; Choice (2141.0, 2183.0, 433.0, 192.0, 1889.0, 193.0, 2121.0) 
Voter 37: ID 692; Choice (1211.0, 1889.0, 193.0, 1905.0, 2121.0, 191.0) 
Voter 38: ID 285; Choice (2141.0, 433.0, 1889.0, 193.0, 1905.0, 2092.0, 2121.0, 191.0) 
Voter 39: ID 633; Choice (1356.0, 2183.0, 433.0, 192.0, 1889.0, 193.0) 
Voter 40: ID 632; Choice (2141.0, 1356.0, 2183.0, 1889.0, 1905.0, 2092.0, 2121.0) 
Voter 41: ID 159; Choice (1356.0, 2183.0, 433.0, 192.0, 193.0, 1905.0, 2092.0) 
Voter 42: ID 701; Choice (2141.0, 2183.0, 192.0, 193.0, 2092.0, 191.0) 
Voter 43: ID 608; Choice (1356.0, 2183.0, 433.0, 192.0, 1889.0, 1905.0, 2092.0, 191.0) 
Voter 44: ID 387; Choice (1356.0, 2183.0, 433.0, 192.0, 193.0, 1347.0, 2092.0, 191.0) 
Voter 45: ID 168; Choice (1356.0, 2183.0, 433.0, 192.0, 193.0, 1347.0, 2092.0, 191.0) 
Voter 46: ID 649; Choice (2141.0, 2183.0, 192.0, 193.0, 2092.0, 191.0) 
Voter 47: ID 46; Choice (1211.0, 2141.0, 2183.0, 192.0, 1889.0, 2092.0) 
Voter 48: ID 13; Choice (2183.0, 192.0, 1889.0, 193.0, 2092.0, 2121.0, 191.0) 
Voter 49: ID 75; Choice (2141.0, 2183.0, 192.0, 193.0, 2092.0, 191.0) 
Voter 50: ID 219; Choice (2141.0, 1356.0, 192.0, 1889.0, 193.0, 1905.0, 191.0) 
---------------------------------------------------------------------------
After Iteration 3 :
Voter 1: ID 561; Choice (2183.0, 433.0, 192.0, 1889.0, 1347.0, 1905.0, 191.0) 
Voter 2: ID 400; Choice (1211.0, 2183.0, 192.0, 1889.0, 193.0, 1905.0, 191.0) 
Voter 3: ID 506; Choice (1211.0, 1889.0, 193.0, 1905.0, 2121.0, 191.0) 
Voter 4: ID 574; Choice (1356.0, 433.0, 193.0, 1347.0, 2092.0, 2121.0, 191.0) 
Voter 5: ID 165; Choice (1356.0, 2183.0, 433.0, 1889.0, 1905.0, 2092.0, 2121.0, 191.0) 
Voter 6: ID 725; Choice (2141.0, 2183.0, 433.0, 2092.0, 2121.0, 191.0) 
Voter 7: ID 292; Choice (1356.0, 433.0, 193.0, 1347.0, 2092.0, 2121.0, 191.0) 
Voter 8: ID 120; Choice (1356.0, 433.0, 193.0, 1347.0, 2092.0, 2121.0, 191.0) 
Voter 9: ID 261; Choice (2141.0, 1356.0, 433.0, 192.0, 1889.0, 1347.0, 1905.0, 191.0) 
Voter 10: ID 123; Choice (1211.0, 1356.0, 2183.0, 192.0, 193.0, 1905.0, 2092.0, 191.0) 
Voter 11: ID 84; Choice (1211.0, 1889.0, 193.0, 1905.0, 2121.0, 191.0) 
Voter 12: ID 325; Choice (1211.0, 1356.0, 192.0, 1889.0, 193.0, 1905.0) 
Voter 13: ID 431; Choice (2141.0, 2183.0, 433.0, 192.0, 1889.0, 193.0, 2121.0) 
Voter 14: ID 358; Choice (1356.0, 2183.0, 192.0, 1889.0, 193.0, 1905.0, 2092.0, 191.0) 
Voter 15: ID 688; Choice (2183.0, 192.0, 1889.0, 193.0, 2092.0, 2121.0, 191.0) 
Voter 16: ID 479; Choice (2141.0, 433.0, 192.0, 1905.0, 2092.0, 2121.0) 
Voter 17: ID 607; Choice (1211.0, 1889.0, 193.0, 1905.0, 2121.0, 191.0) 
Voter 18: ID 99; Choice (2141.0, 433.0, 192.0, 1889.0, 1347.0, 1905.0, 2092.0, 191.0) 
Voter 19: ID 601; Choice (2141.0, 2183.0, 433.0, 192.0, 1889.0, 193.0, 191.0) 
Voter 20: ID 128; Choice (2141.0, 1356.0, 433.0, 1905.0, 2092.0, 191.0) 
Voter 21: ID 267; Choice (2141.0, 2183.0, 433.0, 2092.0, 2121.0, 191.0) 
Voter 22: ID 496; Choice (1356.0, 2183.0, 192.0, 1889.0, 193.0, 1905.0, 2092.0, 191.0, 1347.0) 
Voter 23: ID 116; Choice (2141.0, 1356.0, 192.0, 1889.0, 193.0, 1905.0, 191.0) 
Voter 24: ID 295; Choice (2141.0, 1356.0, 2183.0, 1347.0, 1905.0, 2121.0) 
Voter 25: ID 578; Choice (2141.0, 1356.0, 2183.0, 433.0, 192.0, 1347.0, 191.0) 
Voter 26: ID 206; Choice (1356.0, 2183.0, 433.0, 1889.0, 1905.0, 2092.0, 2121.0, 191.0) 
Voter 27: ID 469; Choice (2141.0, 2183.0, 1889.0, 193.0, 1347.0, 1905.0, 2092.0, 2121.0) 
Voter 28: ID 11; Choice (2183.0, 192.0, 1889.0, 193.0, 2092.0, 2121.0, 191.0) 
Voter 29: ID 177; Choice (2141.0, 2183.0, 433.0, 2092.0, 2121.0, 191.0) 
Voter 30: ID 604; Choice (1211.0, 2183.0, 192.0, 1889.0, 193.0, 1905.0, 191.0) 
Voter 31: ID 594; Choice (2141.0, 2183.0, 192.0, 2092.0, 2121.0, 191.0) 
Voter 32: ID 186; Choice (1356.0, 433.0, 192.0, 193.0, 1347.0, 1905.0, 2121.0, 191.0) 
Voter 33: ID 491; Choice (2141.0, 2183.0, 433.0, 192.0, 1889.0, 193.0, 191.0) 
Voter 34: ID 322; Choice (2141.0, 433.0, 192.0, 1889.0, 193.0, 2092.0, 2121.0) 
Voter 35: ID 146; Choice (1356.0, 2183.0, 192.0, 193.0, 1347.0, 1905.0, 2092.0, 2121.0, 191.0) 
Voter 36: ID 697; Choice (1356.0, 2183.0, 433.0, 192.0, 193.0, 1905.0, 2092.0) 
Voter 37: ID 692; Choice (1356.0, 433.0, 192.0, 193.0, 1347.0, 1905.0, 2121.0, 191.0) 
Voter 38: ID 285; Choice (2141.0, 433.0, 192.0, 1905.0, 2092.0, 2121.0) 
Voter 39: ID 633; Choice (2141.0, 2183.0, 192.0, 2092.0, 2121.0, 191.0) 
Voter 40: ID 632; Choice (2141.0, 1356.0, 192.0, 1889.0, 193.0, 1905.0, 191.0) 
Voter 41: ID 159; Choice (1356.0, 433.0, 192.0, 1889.0, 193.0, 2092.0, 191.0) 
Voter 42: ID 701; Choice (2141.0, 1356.0, 2183.0, 433.0, 1889.0, 2121.0, 191.0) 
Voter 43: ID 608; Choice (1356.0, 2183.0, 433.0, 192.0, 1889.0, 193.0) 
Voter 44: ID 387; Choice (2183.0, 433.0, 192.0, 1889.0, 1347.0, 1905.0, 191.0) 
Voter 45: ID 168; Choice (1356.0, 2183.0, 433.0, 192.0, 193.0, 1905.0, 2092.0) 
Voter 46: ID 649; Choice (2141.0, 1356.0, 2183.0, 1889.0, 1905.0, 2092.0, 2121.0) 
Voter 47: ID 46; Choice (2141.0, 433.0, 192.0, 1889.0, 193.0, 2092.0, 2121.0) 
Voter 48: ID 13; Choice (1211.0, 1889.0, 193.0, 1905.0, 2121.0, 191.0) 
Voter 49: ID 75; Choice (2141.0, 1356.0, 2183.0, 433.0, 192.0, 1347.0, 191.0) 
Voter 50: ID 219; Choice (2141.0, 433.0, 1889.0, 193.0, 1905.0, 2092.0, 2121.0, 191.0) 
---------------------------------------------------------------------------
After Iteration 4 :
Voter 1: ID 561; Choice (1356.0, 2183.0, 192.0, 1889.0, 193.0, 1905.0, 2092.0, 191.0, 1347.0) 
Voter 2: ID 400; Choice (1356.0, 2183.0, 192.0, 1889.0, 193.0, 1905.0, 2092.0, 191.0, 1347.0) 
Voter 3: ID 506; Choice (1356.0, 2183.0, 192.0, 1889.0, 193.0, 1905.0, 2092.0, 191.0, 1347.0) 
Voter 4: ID 574; Choice (1356.0, 2183.0, 192.0, 1889.0, 193.0, 1905.0, 2092.0, 191.0, 1347.0) 
Voter 5: ID 165; Choice (1356.0, 2183.0, 192.0, 1889.0, 193.0, 1905.0, 2092.0, 191.0, 1347.0) 
Voter 6: ID 725; Choice (1356.0, 2183.0, 192.0, 1889.0, 193.0, 1905.0, 2092.0, 191.0, 1347.0) 
Voter 7: ID 292; Choice (1356.0, 433.0, 192.0, 1889.0, 193.0, 2092.0, 191.0) 
Voter 8: ID 120; Choice (1356.0, 2183.0, 192.0, 1889.0, 193.0, 1905.0, 2092.0, 191.0, 1347.0) 
Voter 9: ID 261; Choice (1356.0, 2183.0, 433.0, 192.0, 193.0, 1347.0, 2092.0, 191.0) 
Voter 10: ID 123; Choice (1356.0, 2183.0, 192.0, 1889.0, 193.0, 1905.0, 2092.0, 191.0, 1347.0) 
Voter 11: ID 84; Choice (1356.0, 2183.0, 192.0, 1889.0, 193.0, 1905.0, 2092.0, 191.0, 1347.0) 
Voter 12: ID 325; Choice (1356.0, 2183.0, 192.0, 1889.0, 193.0, 1905.0, 2092.0, 191.0, 1347.0) 
Voter 13: ID 431; Choice (1356.0, 2183.0, 192.0, 1889.0, 193.0, 1905.0, 2092.0, 191.0, 1347.0) 
Voter 14: ID 358; Choice (1356.0, 2183.0, 192.0, 1889.0, 193.0, 1905.0, 2092.0, 191.0, 1347.0) 
Voter 15: ID 688; Choice (1356.0, 2183.0, 192.0, 1889.0, 193.0, 1905.0, 2092.0, 191.0, 1347.0) 
Voter 16: ID 479; Choice (1356.0, 2183.0, 192.0, 1889.0, 193.0, 1905.0, 2092.0, 191.0, 1347.0) 
Voter 17: ID 607; Choice (1356.0, 2183.0, 192.0, 1889.0, 193.0, 1905.0, 2092.0, 191.0, 1347.0) 
Voter 18: ID 99; Choice (2141.0, 1356.0, 1889.0, 1347.0, 1905.0, 2092.0, 2121.0, 191.0) 
Voter 19: ID 601; Choice (1356.0, 2183.0, 192.0, 1889.0, 193.0, 1905.0, 2092.0, 191.0, 1347.0) 
Voter 20: ID 128; Choice (1356.0, 2183.0, 192.0, 1889.0, 193.0, 1905.0, 2092.0, 191.0, 1347.0) 
Voter 21: ID 267; Choice (2141.0, 1356.0, 2183.0, 1347.0, 1905.0, 2121.0) 
Voter 22: ID 496; Choice (1356.0, 2183.0, 192.0, 1889.0, 193.0, 1905.0, 2092.0, 191.0, 1347.0) 
Voter 23: ID 116; Choice (1356.0, 2183.0, 192.0, 1889.0, 193.0, 1905.0, 2092.0, 191.0, 1347.0) 
Voter 24: ID 295; Choice (1356.0, 2183.0, 192.0, 1889.0, 193.0, 1905.0, 2092.0, 191.0, 1347.0) 
Voter 25: ID 578; Choice (1356.0, 2183.0, 192.0, 1889.0, 193.0, 1905.0, 2092.0, 191.0, 1347.0) 
Voter 26: ID 206; Choice (1356.0, 2183.0, 192.0, 1889.0, 193.0, 1905.0, 2092.0, 191.0, 1347.0) 
Voter 27: ID 469; Choice (1356.0, 2183.0, 192.0, 1889.0, 193.0, 1905.0, 2092.0, 191.0, 1347.0) 
Voter 28: ID 11; Choice (1356.0, 2183.0, 192.0, 1889.0, 193.0, 1905.0, 2092.0, 191.0, 1347.0) 
Voter 29: ID 177; Choice (1356.0, 2183.0, 192.0, 1889.0, 193.0, 1905.0, 2092.0, 191.0, 1347.0) 
Voter 30: ID 604; Choice (2141.0, 2183.0, 192.0, 193.0, 2092.0, 191.0) 
Voter 31: ID 594; Choice (1356.0, 2183.0, 192.0, 1889.0, 193.0, 1905.0, 2092.0, 191.0, 1347.0) 
Voter 32: ID 186; Choice (1356.0, 2183.0, 192.0, 1889.0, 193.0, 1905.0, 2092.0, 191.0, 1347.0) 
Voter 33: ID 491; Choice (1356.0, 2183.0, 192.0, 1889.0, 193.0, 1905.0, 2092.0, 191.0, 1347.0) 
Voter 34: ID 322; Choice (1356.0, 2183.0, 192.0, 1889.0, 193.0, 1905.0, 2092.0, 191.0, 1347.0) 
Voter 35: ID 146; Choice (1356.0, 2183.0, 192.0, 1889.0, 193.0, 1905.0, 2092.0, 191.0, 1347.0) 
Voter 36: ID 697; Choice (1356.0, 2183.0, 192.0, 1889.0, 193.0, 1905.0, 2092.0, 191.0, 1347.0) 
Voter 37: ID 692; Choice (1356.0, 2183.0, 192.0, 1889.0, 193.0, 1905.0, 2092.0, 191.0, 1347.0) 
Voter 38: ID 285; Choice (1356.0, 2183.0, 192.0, 1889.0, 193.0, 1905.0, 2092.0, 191.0, 1347.0) 
Voter 39: ID 633; Choice (1356.0, 2183.0, 192.0, 1889.0, 193.0, 1905.0, 2092.0, 191.0, 1347.0) 
Voter 40: ID 632; Choice (1356.0, 2183.0, 192.0, 1889.0, 193.0, 1905.0, 2092.0, 191.0, 1347.0) 
Voter 41: ID 159; Choice (1356.0, 2183.0, 192.0, 1889.0, 193.0, 1905.0, 2092.0, 191.0, 1347.0) 
Voter 42: ID 701; Choice (1356.0, 2183.0, 192.0, 1889.0, 193.0, 1905.0, 2092.0, 191.0, 1347.0) 
Voter 43: ID 608; Choice (2141.0, 1356.0, 2183.0, 1889.0, 1905.0, 2092.0, 2121.0) 
Voter 44: ID 387; Choice (1356.0, 2183.0, 433.0, 192.0, 193.0, 1347.0, 2092.0, 191.0) 
Voter 45: ID 168; Choice (1356.0, 2183.0, 192.0, 1889.0, 193.0, 1905.0, 2092.0, 191.0, 1347.0) 
Voter 46: ID 649; Choice (1356.0, 2183.0, 192.0, 1889.0, 193.0, 1905.0, 2092.0, 191.0, 1347.0) 
Voter 47: ID 46; Choice (1356.0, 2183.0, 192.0, 1889.0, 193.0, 1905.0, 2092.0, 191.0, 1347.0) 
Voter 48: ID 13; Choice (1356.0, 2183.0, 192.0, 1889.0, 193.0, 1905.0, 2092.0, 191.0, 1347.0) 
Voter 49: ID 75; Choice (1356.0, 2183.0, 192.0, 1889.0, 193.0, 1905.0, 2092.0, 191.0, 1347.0) 
Voter 50: ID 219; Choice (1356.0, 2183.0, 192.0, 1889.0, 193.0, 1905.0, 2092.0, 191.0, 1347.0) 
---------------------------------------------------------------------------
After Iteration 5 :
Voter 1: ID 561; Choice (1356.0, 2183.0, 192.0, 1889.0, 193.0, 1905.0, 2092.0, 191.0, 1347.0) 
Voter 2: ID 400; Choice (1356.0, 2183.0, 192.0, 1889.0, 193.0, 1905.0, 2092.0, 191.0, 1347.0) 
Voter 3: ID 506; Choice (1356.0, 2183.0, 192.0, 1889.0, 193.0, 1905.0, 2092.0, 191.0, 1347.0) 
Voter 4: ID 574; Choice (1356.0, 2183.0, 192.0, 1889.0, 193.0, 1905.0, 2092.0, 191.0, 1347.0) 
Voter 5: ID 165; Choice (1356.0, 2183.0, 433.0, 1889.0, 1905.0, 2092.0, 2121.0, 191.0) 
Voter 6: ID 725; Choice (1356.0, 2183.0, 192.0, 1889.0, 193.0, 1905.0, 2092.0, 191.0, 1347.0) 
Voter 7: ID 292; Choice (1356.0, 433.0, 192.0, 1889.0, 193.0, 2092.0, 191.0) 
Voter 8: ID 120; Choice (1356.0, 2183.0, 192.0, 1889.0, 193.0, 1905.0, 2092.0, 191.0, 1347.0) 
Voter 9: ID 261; Choice (1356.0, 2183.0, 192.0, 1889.0, 193.0, 1905.0, 2092.0, 191.0) 
Voter 10: ID 123; Choice (1356.0, 2183.0, 192.0, 1889.0, 193.0, 1905.0, 2092.0, 191.0, 1347.0) 
Voter 11: ID 84; Choice (1356.0, 2183.0, 192.0, 1889.0, 193.0, 1905.0, 2092.0, 191.0, 1347.0) 
Voter 12: ID 325; Choice (1356.0, 2183.0, 192.0, 1889.0, 193.0, 1905.0, 2092.0, 191.0, 1347.0) 
Voter 13: ID 431; Choice (1356.0, 2183.0, 192.0, 1889.0, 193.0, 1905.0, 2092.0, 191.0, 1347.0) 
Voter 14: ID 358; Choice (1356.0, 2183.0, 192.0, 1889.0, 193.0, 1905.0, 2092.0, 191.0, 1347.0) 
Voter 15: ID 688; Choice (1356.0, 2183.0, 192.0, 1889.0, 193.0, 1905.0, 2092.0, 191.0, 1347.0) 
Voter 16: ID 479; Choice (1356.0, 2183.0, 192.0, 1889.0, 193.0, 1905.0, 2092.0, 191.0, 1347.0) 
Voter 17: ID 607; Choice (1356.0, 2183.0, 192.0, 1889.0, 193.0, 1905.0, 2092.0, 191.0, 1347.0) 
Voter 18: ID 99; Choice (1356.0, 2183.0, 192.0, 1889.0, 193.0, 1905.0, 2092.0, 191.0, 1347.0) 
Voter 19: ID 601; Choice (1356.0, 2183.0, 192.0, 1889.0, 193.0, 1905.0, 2092.0, 191.0, 1347.0) 
Voter 20: ID 128; Choice (1356.0, 2183.0, 192.0, 1889.0, 193.0, 1905.0, 2092.0, 191.0, 1347.0) 
Voter 21: ID 267; Choice (1356.0, 2183.0, 192.0, 1889.0, 193.0, 1905.0, 2092.0, 191.0, 1347.0) 
Voter 22: ID 496; Choice (1356.0, 2183.0, 192.0, 1889.0, 193.0, 1905.0, 2092.0, 191.0, 1347.0) 
Voter 23: ID 116; Choice (2141.0, 1356.0, 192.0, 1889.0, 193.0, 1905.0, 191.0) 
Voter 24: ID 295; Choice (1356.0, 2183.0, 192.0, 1889.0, 193.0, 1905.0, 2092.0, 191.0, 1347.0) 
Voter 25: ID 578; Choice (1356.0, 2183.0, 192.0, 1889.0, 193.0, 1905.0, 2092.0, 191.0, 1347.0) 
Voter 26: ID 206; Choice (1356.0, 2183.0, 192.0, 1889.0, 193.0, 1905.0, 2092.0, 191.0, 1347.0) 
Voter 27: ID 469; Choice (1356.0, 2183.0, 192.0, 1889.0, 193.0, 1905.0, 2092.0, 191.0, 1347.0) 
Voter 28: ID 11; Choice (1356.0, 2183.0, 192.0, 1889.0, 193.0, 1905.0, 2092.0, 191.0, 1347.0) 
Voter 29: ID 177; Choice (1356.0, 2183.0, 192.0, 1889.0, 193.0, 1905.0, 2092.0, 191.0, 1347.0) 
Voter 30: ID 604; Choice (2141.0, 2183.0, 192.0, 193.0, 2092.0, 191.0) 
Voter 31: ID 594; Choice (1356.0, 2183.0, 192.0, 1889.0, 193.0, 1905.0, 2092.0, 191.0, 1347.0) 
Voter 32: ID 186; Choice (1356.0, 2183.0, 192.0, 1889.0, 193.0, 1905.0, 2092.0, 191.0, 1347.0) 
Voter 33: ID 491; Choice (1356.0, 2183.0, 192.0, 1889.0, 193.0, 1905.0, 2092.0, 191.0, 1347.0) 
Voter 34: ID 322; Choice (1356.0, 2183.0, 192.0, 1889.0, 193.0, 1905.0, 2092.0, 191.0, 1347.0) 
Voter 35: ID 146; Choice (1356.0, 2183.0, 433.0, 192.0, 193.0, 1905.0, 2092.0) 
Voter 36: ID 697; Choice (1356.0, 2183.0, 192.0, 1889.0, 193.0, 1905.0, 2092.0, 191.0, 1347.0) 
Voter 37: ID 692; Choice (1356.0, 2183.0, 192.0, 1889.0, 193.0, 1905.0, 2092.0, 191.0, 1347.0) 
Voter 38: ID 285; Choice (1356.0, 2183.0, 192.0, 1889.0, 193.0, 1905.0, 2092.0, 191.0, 1347.0) 
Voter 39: ID 633; Choice (1356.0, 2183.0, 192.0, 1889.0, 193.0, 1905.0, 2092.0, 191.0, 1347.0) 
Voter 40: ID 632; Choice (2141.0, 1356.0, 192.0, 1889.0, 193.0, 1905.0, 191.0) 
Voter 41: ID 159; Choice (1356.0, 2183.0, 192.0, 1889.0, 193.0, 1905.0, 2092.0, 191.0, 1347.0) 
Voter 42: ID 701; Choice (1356.0, 2183.0, 192.0, 1889.0, 193.0, 1905.0, 2092.0, 191.0, 1347.0) 
Voter 43: ID 608; Choice (1356.0, 2183.0, 433.0, 192.0, 193.0, 1905.0, 2092.0) 
Voter 44: ID 387; Choice (1356.0, 2183.0, 433.0, 192.0, 193.0, 1347.0, 2092.0, 191.0) 
Voter 45: ID 168; Choice (1356.0, 2183.0, 192.0, 1889.0, 193.0, 1905.0, 2092.0, 191.0, 1347.0) 
Voter 46: ID 649; Choice (1356.0, 2183.0, 192.0, 1889.0, 193.0, 1905.0, 2092.0, 191.0, 1347.0) 
Voter 47: ID 46; Choice (1356.0, 2183.0, 192.0, 1889.0, 193.0, 1905.0, 2092.0, 191.0, 1347.0) 
Voter 48: ID 13; Choice (1356.0, 2183.0, 192.0, 1889.0, 193.0, 1905.0, 2092.0, 191.0, 1347.0) 
Voter 49: ID 75; Choice (1356.0, 2183.0, 433.0, 192.0, 193.0, 1905.0, 2092.0) 
Voter 50: ID 219; Choice (1356.0, 2183.0, 192.0, 1889.0, 193.0, 1905.0, 2092.0, 191.0, 1347.0) 
---------------------------------------------------------------------------
After Iteration 6 :
Voter 1: ID 561; Choice (1356.0, 2183.0, 192.0, 1889.0, 193.0, 1905.0, 2092.0, 191.0, 1347.0) 
Voter 2: ID 400; Choice (1356.0, 2183.0, 192.0, 1889.0, 193.0, 1905.0, 2092.0, 191.0, 1347.0) 
Voter 3: ID 506; Choice (1356.0, 2183.0, 192.0, 1889.0, 193.0, 1905.0, 2092.0, 191.0, 1347.0) 
Voter 4: ID 574; Choice (1356.0, 2183.0, 192.0, 1889.0, 193.0, 1905.0, 2092.0, 191.0, 1347.0) 
Voter 5: ID 165; Choice (1356.0, 2183.0, 192.0, 1889.0, 193.0, 1905.0, 2092.0, 191.0, 1347.0) 
Voter 6: ID 725; Choice (1356.0, 2183.0, 192.0, 1889.0, 193.0, 1905.0, 2092.0, 191.0, 1347.0) 
Voter 7: ID 292; Choice (1356.0, 433.0, 192.0, 1889.0, 193.0, 2092.0, 191.0) 
Voter 8: ID 120; Choice (1356.0, 2183.0, 192.0, 1889.0, 193.0, 1905.0, 2092.0, 191.0, 1347.0) 
Voter 9: ID 261; Choice (1356.0, 2183.0, 192.0, 1889.0, 193.0, 1905.0, 2092.0, 191.0, 1347.0) 
Voter 10: ID 123; Choice (1356.0, 2183.0, 192.0, 1889.0, 193.0, 1905.0, 2092.0, 191.0, 1347.0) 
Voter 11: ID 84; Choice (1356.0, 2183.0, 192.0, 1889.0, 193.0, 1905.0, 2092.0, 191.0, 1347.0) 
Voter 12: ID 325; Choice (1356.0, 2183.0, 192.0, 1889.0, 193.0, 1905.0, 2092.0, 191.0, 1347.0) 
Voter 13: ID 431; Choice (1356.0, 2183.0, 192.0, 1889.0, 193.0, 1905.0, 2092.0, 191.0, 1347.0) 
Voter 14: ID 358; Choice (1356.0, 2183.0, 192.0, 1889.0, 193.0, 1905.0, 2092.0, 191.0, 1347.0) 
Voter 15: ID 688; Choice (1356.0, 2183.0, 192.0, 1889.0, 193.0, 1905.0, 2092.0, 191.0, 1347.0) 
Voter 16: ID 479; Choice (1356.0, 2183.0, 192.0, 1889.0, 193.0, 1905.0, 2092.0, 191.0, 1347.0) 
Voter 17: ID 607; Choice (1356.0, 2183.0, 192.0, 1889.0, 193.0, 1905.0, 2092.0, 191.0, 1347.0) 
Voter 18: ID 99; Choice (1356.0, 2183.0, 192.0, 1889.0, 193.0, 1905.0, 2092.0, 191.0, 1347.0) 
Voter 19: ID 601; Choice (1356.0, 2183.0, 192.0, 1889.0, 193.0, 1905.0, 2092.0, 191.0, 1347.0) 
Voter 20: ID 128; Choice (1356.0, 2183.0, 192.0, 1889.0, 193.0, 1905.0, 2092.0, 191.0, 1347.0) 
Voter 21: ID 267; Choice (1356.0, 2183.0, 192.0, 1889.0, 193.0, 1905.0, 2092.0, 191.0, 1347.0) 
Voter 22: ID 496; Choice (1356.0, 2183.0, 192.0, 1889.0, 193.0, 1905.0, 2092.0, 191.0, 1347.0) 
Voter 23: ID 116; Choice (1356.0, 2183.0, 192.0, 1889.0, 193.0, 1905.0, 2092.0, 191.0, 1347.0) 
Voter 24: ID 295; Choice (1356.0, 2183.0, 192.0, 1889.0, 193.0, 1905.0, 2092.0, 191.0, 1347.0) 
Voter 25: ID 578; Choice (1356.0, 2183.0, 192.0, 1889.0, 193.0, 1905.0, 2092.0, 191.0, 1347.0) 
Voter 26: ID 206; Choice (1356.0, 2183.0, 192.0, 1889.0, 193.0, 1905.0, 2092.0, 191.0, 1347.0) 
Voter 27: ID 469; Choice (1356.0, 2183.0, 192.0, 1889.0, 193.0, 1905.0, 2092.0, 191.0, 1347.0) 
Voter 28: ID 11; Choice (1356.0, 2183.0, 192.0, 1889.0, 193.0, 1905.0, 2092.0, 191.0, 1347.0) 
Voter 29: ID 177; Choice (1356.0, 2183.0, 192.0, 1889.0, 193.0, 1905.0, 2092.0, 191.0, 1347.0) 
Voter 30: ID 604; Choice (2141.0, 2183.0, 192.0, 193.0, 2092.0, 191.0) 
Voter 31: ID 594; Choice (1356.0, 2183.0, 192.0, 1889.0, 193.0, 1905.0, 2092.0, 191.0, 1347.0) 
Voter 32: ID 186; Choice (1356.0, 2183.0, 192.0, 1889.0, 193.0, 1905.0, 2092.0, 191.0, 1347.0) 
Voter 33: ID 491; Choice (1356.0, 2183.0, 192.0, 1889.0, 193.0, 1905.0, 2092.0, 191.0, 1347.0) 
Voter 34: ID 322; Choice (1356.0, 2183.0, 192.0, 1889.0, 193.0, 1905.0, 2092.0, 191.0, 1347.0) 
Voter 35: ID 146; Choice (1356.0, 2183.0, 192.0, 1889.0, 193.0, 1905.0, 2092.0, 191.0, 1347.0) 
Voter 36: ID 697; Choice (1356.0, 2183.0, 192.0, 1889.0, 193.0, 1905.0, 2092.0, 191.0, 1347.0) 
Voter 37: ID 692; Choice (1356.0, 2183.0, 192.0, 1889.0, 193.0, 1905.0, 2092.0, 191.0, 1347.0) 
Voter 38: ID 285; Choice (1356.0, 2183.0, 192.0, 1889.0, 193.0, 1905.0, 2092.0, 191.0, 1347.0) 
Voter 39: ID 633; Choice (1356.0, 2183.0, 192.0, 1889.0, 193.0, 1905.0, 2092.0, 191.0, 1347.0) 
Voter 40: ID 632; Choice (1356.0, 2183.0, 192.0, 1889.0, 193.0, 1905.0, 2092.0, 191.0, 1347.0) 
Voter 41: ID 159; Choice (1356.0, 2183.0, 192.0, 1889.0, 193.0, 1905.0, 2092.0, 191.0, 1347.0) 
Voter 42: ID 701; Choice (1356.0, 2183.0, 192.0, 1889.0, 193.0, 1905.0, 2092.0, 191.0, 1347.0) 
Voter 43: ID 608; Choice (1356.0, 2183.0, 192.0, 1889.0, 193.0, 1905.0, 2092.0, 191.0, 1347.0) 
Voter 44: ID 387; Choice (1356.0, 2183.0, 192.0, 1889.0, 193.0, 1905.0, 2092.0, 191.0, 1347.0) 
Voter 45: ID 168; Choice (1356.0, 2183.0, 192.0, 1889.0, 193.0, 1905.0, 2092.0, 191.0, 1347.0) 
Voter 46: ID 649; Choice (1356.0, 2183.0, 192.0, 1889.0, 193.0, 1905.0, 2092.0, 191.0, 1347.0) 
Voter 47: ID 46; Choice (1356.0, 2183.0, 192.0, 1889.0, 193.0, 1905.0, 2092.0, 191.0, 1347.0) 
Voter 48: ID 13; Choice (1356.0, 2183.0, 192.0, 1889.0, 193.0, 1905.0, 2092.0, 191.0, 1347.0) 
Voter 49: ID 75; Choice (1356.0, 2183.0, 192.0, 1889.0, 193.0, 1905.0, 2092.0, 191.0, 1347.0) 
Voter 50: ID 219; Choice (1356.0, 2183.0, 192.0, 1889.0, 193.0, 1905.0, 2092.0, 191.0, 1347.0) 
---------------------------------------------------------------------------
After Iteration 7 :
Voter 1: ID 561; Choice (1356.0, 2183.0, 192.0, 1889.0, 193.0, 1905.0, 2092.0, 191.0, 1347.0) 
Voter 2: ID 400; Choice (1356.0, 2183.0, 192.0, 1889.0, 193.0, 1905.0, 2092.0, 191.0, 1347.0) 
Voter 3: ID 506; Choice (1356.0, 2183.0, 192.0, 1889.0, 193.0, 1905.0, 2092.0, 191.0, 1347.0) 
Voter 4: ID 574; Choice (1356.0, 2183.0, 192.0, 1889.0, 193.0, 1905.0, 2092.0, 191.0, 1347.0) 
Voter 5: ID 165; Choice (1356.0, 2183.0, 192.0, 1889.0, 193.0, 1905.0, 2092.0, 191.0, 1347.0) 
Voter 6: ID 725; Choice (1356.0, 2183.0, 192.0, 1889.0, 193.0, 1905.0, 2092.0, 191.0, 1347.0) 
Voter 7: ID 292; Choice (1356.0, 2183.0, 192.0, 1889.0, 193.0, 1905.0, 2092.0, 191.0, 1347.0) 
Voter 8: ID 120; Choice (1356.0, 2183.0, 192.0, 1889.0, 193.0, 1905.0, 2092.0, 191.0, 1347.0) 
Voter 9: ID 261; Choice (1356.0, 2183.0, 192.0, 1889.0, 193.0, 1905.0, 2092.0, 191.0, 1347.0) 
Voter 10: ID 123; Choice (1356.0, 2183.0, 192.0, 1889.0, 193.0, 1905.0, 2092.0, 191.0, 1347.0) 
Voter 11: ID 84; Choice (1356.0, 2183.0, 192.0, 1889.0, 193.0, 1905.0, 2092.0, 191.0, 1347.0) 
Voter 12: ID 325; Choice (1356.0, 2183.0, 192.0, 1889.0, 193.0, 1905.0, 2092.0, 191.0, 1347.0) 
Voter 13: ID 431; Choice (1356.0, 2183.0, 192.0, 1889.0, 193.0, 1905.0, 2092.0, 191.0, 1347.0) 
Voter 14: ID 358; Choice (1356.0, 2183.0, 192.0, 1889.0, 193.0, 1905.0, 2092.0, 191.0, 1347.0) 
Voter 15: ID 688; Choice (1356.0, 2183.0, 192.0, 1889.0, 193.0, 1905.0, 2092.0, 191.0, 1347.0) 
Voter 16: ID 479; Choice (1356.0, 2183.0, 192.0, 1889.0, 193.0, 1905.0, 2092.0, 191.0, 1347.0) 
Voter 17: ID 607; Choice (1356.0, 2183.0, 192.0, 1889.0, 193.0, 1905.0, 2092.0, 191.0, 1347.0) 
Voter 18: ID 99; Choice (1356.0, 2183.0, 192.0, 1889.0, 193.0, 1905.0, 2092.0, 191.0, 1347.0) 
Voter 19: ID 601; Choice (1356.0, 2183.0, 192.0, 1889.0, 193.0, 1905.0, 2092.0, 191.0, 1347.0) 
Voter 20: ID 128; Choice (1356.0, 2183.0, 192.0, 1889.0, 193.0, 1905.0, 2092.0, 191.0, 1347.0) 
Voter 21: ID 267; Choice (1356.0, 2183.0, 192.0, 1889.0, 193.0, 1905.0, 2092.0, 191.0, 1347.0) 
Voter 22: ID 496; Choice (1356.0, 2183.0, 192.0, 1889.0, 193.0, 1905.0, 2092.0, 191.0, 1347.0) 
Voter 23: ID 116; Choice (1356.0, 2183.0, 192.0, 1889.0, 193.0, 1905.0, 2092.0, 191.0, 1347.0) 
Voter 24: ID 295; Choice (1356.0, 2183.0, 192.0, 1889.0, 193.0, 1905.0, 2092.0, 191.0, 1347.0) 
Voter 25: ID 578; Choice (1356.0, 2183.0, 192.0, 1889.0, 193.0, 1905.0, 2092.0, 191.0, 1347.0) 
Voter 26: ID 206; Choice (1356.0, 2183.0, 192.0, 1889.0, 193.0, 1905.0, 2092.0, 191.0, 1347.0) 
Voter 27: ID 469; Choice (1356.0, 2183.0, 192.0, 1889.0, 193.0, 1905.0, 2092.0, 191.0, 1347.0) 
Voter 28: ID 11; Choice (1356.0, 2183.0, 192.0, 1889.0, 193.0, 1905.0, 2092.0, 191.0, 1347.0) 
Voter 29: ID 177; Choice (1356.0, 2183.0, 192.0, 1889.0, 193.0, 1905.0, 2092.0, 191.0, 1347.0) 
Voter 30: ID 604; Choice (1356.0, 2183.0, 192.0, 1889.0, 193.0, 1905.0, 2092.0, 191.0, 1347.0) 
Voter 31: ID 594; Choice (1356.0, 2183.0, 192.0, 1889.0, 193.0, 1905.0, 2092.0, 191.0, 1347.0) 
Voter 32: ID 186; Choice (1356.0, 2183.0, 192.0, 1889.0, 193.0, 1905.0, 2092.0, 191.0, 1347.0) 
Voter 33: ID 491; Choice (1356.0, 2183.0, 192.0, 1889.0, 193.0, 1905.0, 2092.0, 191.0, 1347.0) 
Voter 34: ID 322; Choice (1356.0, 2183.0, 192.0, 1889.0, 193.0, 1905.0, 2092.0, 191.0, 1347.0) 
Voter 35: ID 146; Choice (1356.0, 2183.0, 192.0, 1889.0, 193.0, 1905.0, 2092.0, 191.0, 1347.0) 
Voter 36: ID 697; Choice (1356.0, 2183.0, 192.0, 1889.0, 193.0, 1905.0, 2092.0, 191.0, 1347.0) 
Voter 37: ID 692; Choice (1356.0, 2183.0, 192.0, 1889.0, 193.0, 1905.0, 2092.0, 191.0, 1347.0) 
Voter 38: ID 285; Choice (1356.0, 2183.0, 192.0, 1889.0, 193.0, 1905.0, 2092.0, 191.0, 1347.0) 
Voter 39: ID 633; Choice (1356.0, 2183.0, 192.0, 1889.0, 193.0, 1905.0, 2092.0, 191.0, 1347.0) 
Voter 40: ID 632; Choice (1356.0, 2183.0, 192.0, 1889.0, 193.0, 1905.0, 2092.0, 191.0, 1347.0) 
Voter 41: ID 159; Choice (1356.0, 2183.0, 192.0, 1889.0, 193.0, 1905.0, 2092.0, 191.0, 1347.0) 
Voter 42: ID 701; Choice (1356.0, 2183.0, 192.0, 1889.0, 193.0, 1905.0, 2092.0, 191.0, 1347.0) 
Voter 43: ID 608; Choice (1356.0, 2183.0, 192.0, 1889.0, 193.0, 1905.0, 2092.0, 191.0, 1347.0) 
Voter 44: ID 387; Choice (1356.0, 2183.0, 433.0, 192.0, 193.0, 1347.0, 2092.0, 191.0) 
Voter 45: ID 168; Choice (1356.0, 2183.0, 192.0, 1889.0, 193.0, 1905.0, 2092.0, 191.0, 1347.0) 
Voter 46: ID 649; Choice (1356.0, 2183.0, 192.0, 1889.0, 193.0, 1905.0, 2092.0, 191.0, 1347.0) 
Voter 47: ID 46; Choice (1356.0, 2183.0, 192.0, 1889.0, 193.0, 1905.0, 2092.0, 191.0, 1347.0) 
Voter 48: ID 13; Choice (1356.0, 2183.0, 192.0, 1889.0, 193.0, 1905.0, 2092.0, 191.0, 1347.0) 
Voter 49: ID 75; Choice (1356.0, 2183.0, 192.0, 1889.0, 193.0, 1905.0, 2092.0, 191.0, 1347.0) 
Voter 50: ID 219; Choice (1356.0, 2183.0, 192.0, 1889.0, 193.0, 1905.0, 2092.0, 191.0, 1347.0) 
---------------------------------------------------------------------------
After Iteration 8 :
Voter 1: ID 561; Choice (1356.0, 2183.0, 192.0, 1889.0, 193.0, 1905.0, 2092.0, 191.0, 1347.0) 
Voter 2: ID 400; Choice (1356.0, 2183.0, 192.0, 1889.0, 193.0, 1905.0, 2092.0, 191.0, 1347.0) 
Voter 3: ID 506; Choice (1356.0, 2183.0, 192.0, 1889.0, 193.0, 1905.0, 2092.0, 191.0, 1347.0) 
Voter 4: ID 574; Choice (1356.0, 2183.0, 192.0, 1889.0, 193.0, 1905.0, 2092.0, 191.0, 1347.0) 
Voter 5: ID 165; Choice (1356.0, 2183.0, 192.0, 1889.0, 193.0, 1905.0, 2092.0, 191.0, 1347.0) 
Voter 6: ID 725; Choice (1356.0, 2183.0, 192.0, 1889.0, 193.0, 1905.0, 2092.0, 191.0, 1347.0) 
Voter 7: ID 292; Choice (1356.0, 2183.0, 192.0, 1889.0, 193.0, 1905.0, 2092.0, 191.0, 1347.0) 
Voter 8: ID 120; Choice (1356.0, 2183.0, 192.0, 1889.0, 193.0, 1905.0, 2092.0, 191.0, 1347.0) 
Voter 9: ID 261; Choice (1356.0, 2183.0, 192.0, 1889.0, 193.0, 1905.0, 2092.0, 191.0, 1347.0) 
Voter 10: ID 123; Choice (1356.0, 2183.0, 192.0, 1889.0, 193.0, 1905.0, 2092.0, 191.0, 1347.0) 
Voter 11: ID 84; Choice (1356.0, 2183.0, 192.0, 1889.0, 193.0, 1905.0, 2092.0, 191.0, 1347.0) 
Voter 12: ID 325; Choice (1356.0, 2183.0, 192.0, 1889.0, 193.0, 1905.0, 2092.0, 191.0, 1347.0) 
Voter 13: ID 431; Choice (1356.0, 2183.0, 192.0, 1889.0, 193.0, 1905.0, 2092.0, 191.0, 1347.0) 
Voter 14: ID 358; Choice (1356.0, 2183.0, 192.0, 1889.0, 193.0, 1905.0, 2092.0, 191.0, 1347.0) 
Voter 15: ID 688; Choice (1356.0, 2183.0, 192.0, 1889.0, 193.0, 1905.0, 2092.0, 191.0, 1347.0) 
Voter 16: ID 479; Choice (1356.0, 2183.0, 192.0, 1889.0, 193.0, 1905.0, 2092.0, 191.0, 1347.0) 
Voter 17: ID 607; Choice (1356.0, 2183.0, 192.0, 1889.0, 193.0, 1905.0, 2092.0, 191.0, 1347.0) 
Voter 18: ID 99; Choice (1356.0, 2183.0, 192.0, 1889.0, 193.0, 1905.0, 2092.0, 191.0, 1347.0) 
Voter 19: ID 601; Choice (1356.0, 2183.0, 192.0, 1889.0, 193.0, 1905.0, 2092.0, 191.0, 1347.0) 
Voter 20: ID 128; Choice (1356.0, 2183.0, 192.0, 1889.0, 193.0, 1905.0, 2092.0, 191.0, 1347.0) 
Voter 21: ID 267; Choice (1356.0, 2183.0, 192.0, 1889.0, 193.0, 1905.0, 2092.0, 191.0, 1347.0) 
Voter 22: ID 496; Choice (1356.0, 2183.0, 192.0, 1889.0, 193.0, 1905.0, 2092.0, 191.0, 1347.0) 
Voter 23: ID 116; Choice (1356.0, 2183.0, 192.0, 1889.0, 193.0, 1905.0, 2092.0, 191.0, 1347.0) 
Voter 24: ID 295; Choice (1356.0, 2183.0, 192.0, 1889.0, 193.0, 1905.0, 2092.0, 191.0, 1347.0) 
Voter 25: ID 578; Choice (1356.0, 2183.0, 192.0, 1889.0, 193.0, 1905.0, 2092.0, 191.0, 1347.0) 
Voter 26: ID 206; Choice (2141.0, 2183.0, 433.0, 192.0, 1889.0, 193.0, 2121.0) 
Voter 27: ID 469; Choice (1356.0, 2183.0, 192.0, 1889.0, 193.0, 1905.0, 2092.0, 191.0, 1347.0) 
Voter 28: ID 11; Choice (1356.0, 2183.0, 192.0, 1889.0, 193.0, 1905.0, 2092.0, 191.0, 1347.0) 
Voter 29: ID 177; Choice (1356.0, 2183.0, 192.0, 1889.0, 193.0, 1905.0, 2092.0, 191.0, 1347.0) 
Voter 30: ID 604; Choice (1356.0, 2183.0, 192.0, 1889.0, 193.0, 1905.0, 2092.0, 191.0, 1347.0) 
Voter 31: ID 594; Choice (1356.0, 2183.0, 192.0, 1889.0, 193.0, 1905.0, 2092.0, 191.0, 1347.0) 
Voter 32: ID 186; Choice (1356.0, 2183.0, 192.0, 1889.0, 193.0, 1905.0, 2092.0, 191.0, 1347.0) 
Voter 33: ID 491; Choice (1356.0, 2183.0, 192.0, 1889.0, 193.0, 1905.0, 2092.0, 191.0, 1347.0) 
Voter 34: ID 322; Choice (1356.0, 2183.0, 192.0, 1889.0, 193.0, 1905.0, 2092.0, 191.0, 1347.0) 
Voter 35: ID 146; Choice (1356.0, 2183.0, 192.0, 1889.0, 193.0, 1905.0, 2092.0, 191.0, 1347.0) 
Voter 36: ID 697; Choice (1356.0, 2183.0, 192.0, 1889.0, 193.0, 1905.0, 2092.0, 191.0, 1347.0) 
Voter 37: ID 692; Choice (1356.0, 2183.0, 192.0, 1889.0, 193.0, 1905.0, 2092.0, 191.0, 1347.0) 
Voter 38: ID 285; Choice (1356.0, 2183.0, 192.0, 1889.0, 193.0, 1905.0, 2092.0, 191.0, 1347.0) 
Voter 39: ID 633; Choice (1356.0, 2183.0, 192.0, 1889.0, 193.0, 1905.0, 2092.0, 191.0, 1347.0) 
Voter 40: ID 632; Choice (1356.0, 2183.0, 192.0, 1889.0, 193.0, 1905.0, 2092.0, 191.0, 1347.0) 
Voter 41: ID 159; Choice (1356.0, 2183.0, 192.0, 1889.0, 193.0, 1905.0, 2092.0, 191.0, 1347.0) 
Voter 42: ID 701; Choice (1356.0, 2183.0, 192.0, 1889.0, 193.0, 1905.0, 2092.0, 191.0, 1347.0) 
Voter 43: ID 608; Choice (1356.0, 2183.0, 192.0, 1889.0, 193.0, 1905.0, 2092.0, 191.0, 1347.0) 
Voter 44: ID 387; Choice (1356.0, 2183.0, 192.0, 1889.0, 193.0, 1905.0, 2092.0, 191.0, 1347.0) 
Voter 45: ID 168; Choice (1356.0, 2183.0, 192.0, 1889.0, 193.0, 1905.0, 2092.0, 191.0, 1347.0) 
Voter 46: ID 649; Choice (1356.0, 2183.0, 192.0, 1889.0, 193.0, 1905.0, 2092.0, 191.0, 1347.0) 
Voter 47: ID 46; Choice (1356.0, 2183.0, 192.0, 1889.0, 193.0, 1905.0, 2092.0, 191.0, 1347.0) 
Voter 48: ID 13; Choice (1356.0, 2183.0, 192.0, 1889.0, 193.0, 1905.0, 2092.0, 191.0, 1347.0) 
Voter 49: ID 75; Choice (1356.0, 2183.0, 192.0, 1889.0, 193.0, 1905.0, 2092.0, 191.0, 1347.0) 
Voter 50: ID 219; Choice (1356.0, 2183.0, 192.0, 1889.0, 193.0, 1905.0, 2092.0, 191.0, 1347.0) 
---------------------------------------------------------------------------
After Iteration 9 :
Voter 1: ID 561; Choice (1356.0, 2183.0, 192.0, 1889.0, 193.0, 1905.0, 2092.0, 191.0, 1347.0) 
Voter 2: ID 400; Choice (1356.0, 2183.0, 192.0, 1889.0, 193.0, 1905.0, 2092.0, 191.0, 1347.0) 
Voter 3: ID 506; Choice (1356.0, 2183.0, 192.0, 1889.0, 193.0, 1905.0, 2092.0, 191.0, 1347.0) 
Voter 4: ID 574; Choice (1356.0, 2183.0, 192.0, 1889.0, 193.0, 1905.0, 2092.0, 191.0, 1347.0) 
Voter 5: ID 165; Choice (1356.0, 2183.0, 192.0, 1889.0, 193.0, 1905.0, 2092.0, 191.0, 1347.0) 
Voter 6: ID 725; Choice (1356.0, 2183.0, 192.0, 1889.0, 193.0, 1905.0, 2092.0, 191.0, 1347.0) 
Voter 7: ID 292; Choice (1356.0, 2183.0, 192.0, 1889.0, 193.0, 1905.0, 2092.0, 191.0, 1347.0) 
Voter 8: ID 120; Choice (1356.0, 2183.0, 192.0, 1889.0, 193.0, 1905.0, 2092.0, 191.0, 1347.0) 
Voter 9: ID 261; Choice (1356.0, 2183.0, 192.0, 1889.0, 193.0, 1905.0, 2092.0, 191.0, 1347.0) 
Voter 10: ID 123; Choice (1356.0, 2183.0, 192.0, 1889.0, 193.0, 1905.0, 2092.0, 191.0, 1347.0) 
Voter 11: ID 84; Choice (1356.0, 2183.0, 192.0, 1889.0, 193.0, 1905.0, 2092.0, 191.0, 1347.0) 
Voter 12: ID 325; Choice (1356.0, 2183.0, 192.0, 1889.0, 193.0, 1905.0, 2092.0, 191.0, 1347.0) 
Voter 13: ID 431; Choice (1356.0, 2183.0, 192.0, 1889.0, 193.0, 1905.0, 2092.0, 191.0, 1347.0) 
Voter 14: ID 358; Choice (1356.0, 2183.0, 192.0, 1889.0, 193.0, 1905.0, 2092.0, 191.0, 1347.0) 
Voter 15: ID 688; Choice (1356.0, 2183.0, 192.0, 1889.0, 193.0, 1905.0, 2092.0, 191.0, 1347.0) 
Voter 16: ID 479; Choice (1356.0, 2183.0, 192.0, 1889.0, 193.0, 1905.0, 2092.0, 191.0, 1347.0) 
Voter 17: ID 607; Choice (1356.0, 2183.0, 192.0, 1889.0, 193.0, 1905.0, 2092.0, 191.0, 1347.0) 
Voter 18: ID 99; Choice (1356.0, 2183.0, 192.0, 1889.0, 193.0, 1905.0, 2092.0, 191.0, 1347.0) 
Voter 19: ID 601; Choice (1356.0, 2183.0, 192.0, 1889.0, 193.0, 1905.0, 2092.0, 191.0, 1347.0) 
Voter 20: ID 128; Choice (1356.0, 2183.0, 192.0, 1889.0, 193.0, 1905.0, 2092.0, 191.0, 1347.0) 
Voter 21: ID 267; Choice (1356.0, 2183.0, 192.0, 1889.0, 193.0, 1905.0, 2092.0, 191.0, 1347.0) 
Voter 22: ID 496; Choice (1356.0, 2183.0, 192.0, 1889.0, 193.0, 1905.0, 2092.0, 191.0, 1347.0) 
Voter 23: ID 116; Choice (1356.0, 2183.0, 192.0, 1889.0, 193.0, 1905.0, 2092.0, 191.0, 1347.0) 
Voter 24: ID 295; Choice (1356.0, 2183.0, 192.0, 1889.0, 193.0, 1905.0, 2092.0, 191.0, 1347.0) 
Voter 25: ID 578; Choice (1356.0, 2183.0, 192.0, 1889.0, 193.0, 1905.0, 2092.0, 191.0, 1347.0) 
Voter 26: ID 206; Choice (1356.0, 2183.0, 192.0, 1889.0, 193.0, 1905.0, 2092.0, 191.0, 1347.0) 
Voter 27: ID 469; Choice (1356.0, 2183.0, 192.0, 1889.0, 193.0, 1905.0, 2092.0, 191.0, 1347.0) 
Voter 28: ID 11; Choice (1356.0, 2183.0, 192.0, 1889.0, 193.0, 1905.0, 2092.0, 191.0, 1347.0) 
Voter 29: ID 177; Choice (1356.0, 2183.0, 192.0, 1889.0, 193.0, 1905.0, 2092.0, 191.0, 1347.0) 
Voter 30: ID 604; Choice (1356.0, 2183.0, 192.0, 1889.0, 193.0, 1905.0, 2092.0, 191.0, 1347.0) 
Voter 31: ID 594; Choice (1356.0, 2183.0, 192.0, 1889.0, 193.0, 1905.0, 2092.0, 191.0, 1347.0) 
Voter 32: ID 186; Choice (1356.0, 2183.0, 192.0, 1889.0, 193.0, 1905.0, 2092.0, 191.0, 1347.0) 
Voter 33: ID 491; Choice (1356.0, 2183.0, 192.0, 1889.0, 193.0, 1905.0, 2092.0, 191.0, 1347.0) 
Voter 34: ID 322; Choice (1356.0, 2183.0, 192.0, 1889.0, 193.0, 1905.0, 2092.0, 191.0, 1347.0) 
Voter 35: ID 146; Choice (1356.0, 2183.0, 192.0, 1889.0, 193.0, 1905.0, 2092.0, 191.0, 1347.0) 
Voter 36: ID 697; Choice (1356.0, 2183.0, 192.0, 1889.0, 193.0, 1905.0, 2092.0, 191.0, 1347.0) 
Voter 37: ID 692; Choice (1356.0, 2183.0, 192.0, 1889.0, 193.0, 1905.0, 2092.0, 191.0, 1347.0) 
Voter 38: ID 285; Choice (1356.0, 2183.0, 192.0, 1889.0, 193.0, 1905.0, 2092.0, 191.0, 1347.0) 
Voter 39: ID 633; Choice (1356.0, 2183.0, 192.0, 1889.0, 193.0, 1905.0, 2092.0, 191.0, 1347.0) 
Voter 40: ID 632; Choice (1356.0, 2183.0, 192.0, 1889.0, 193.0, 1905.0, 2092.0, 191.0, 1347.0) 
Voter 41: ID 159; Choice (1356.0, 2183.0, 192.0, 1889.0, 193.0, 1905.0, 2092.0, 191.0, 1347.0) 
Voter 42: ID 701; Choice (1356.0, 2183.0, 192.0, 1889.0, 193.0, 1905.0, 2092.0, 191.0, 1347.0) 
Voter 43: ID 608; Choice (1356.0, 2183.0, 192.0, 1889.0, 193.0, 1905.0, 2092.0, 191.0, 1347.0) 
Voter 44: ID 387; Choice (1356.0, 2183.0, 433.0, 192.0, 193.0, 1347.0, 2092.0, 191.0) 
Voter 45: ID 168; Choice (1356.0, 2183.0, 192.0, 1889.0, 193.0, 1905.0, 2092.0, 191.0, 1347.0) 
Voter 46: ID 649; Choice (1356.0, 2183.0, 192.0, 1889.0, 193.0, 1905.0, 2092.0, 191.0, 1347.0) 
Voter 47: ID 46; Choice (1356.0, 2183.0, 192.0, 1889.0, 193.0, 1905.0, 2092.0, 191.0, 1347.0) 
Voter 48: ID 13; Choice (1356.0, 2183.0, 192.0, 1889.0, 193.0, 1905.0, 2092.0, 191.0, 1347.0) 
Voter 49: ID 75; Choice (1356.0, 2183.0, 192.0, 1889.0, 193.0, 1905.0, 2092.0, 191.0, 1347.0) 
Voter 50: ID 219; Choice (1356.0, 2183.0, 192.0, 1889.0, 193.0, 1905.0, 2092.0, 191.0, 1347.0) 
---------------------------------------------------------------------------
After Iteration 10 :
Voter 1: ID 561; Choice (1356.0, 2183.0, 192.0, 1889.0, 193.0, 1905.0, 2092.0, 191.0, 1347.0) 
Voter 2: ID 400; Choice (1356.0, 2183.0, 192.0, 1889.0, 193.0, 1905.0, 2092.0, 191.0, 1347.0) 
Voter 3: ID 506; Choice (1356.0, 2183.0, 192.0, 1889.0, 193.0, 1905.0, 2092.0, 191.0, 1347.0) 
Voter 4: ID 574; Choice (1356.0, 2183.0, 192.0, 1889.0, 193.0, 1905.0, 2092.0, 191.0, 1347.0) 
Voter 5: ID 165; Choice (1356.0, 2183.0, 192.0, 1889.0, 193.0, 1905.0, 2092.0, 191.0, 1347.0) 
Voter 6: ID 725; Choice (1356.0, 2183.0, 192.0, 1889.0, 193.0, 1905.0, 2092.0, 191.0, 1347.0) 
Voter 7: ID 292; Choice (1356.0, 2183.0, 192.0, 1889.0, 193.0, 1905.0, 2092.0, 191.0, 1347.0) 
Voter 8: ID 120; Choice (1356.0, 2183.0, 192.0, 1889.0, 193.0, 1905.0, 2092.0, 191.0, 1347.0) 
Voter 9: ID 261; Choice (1356.0, 2183.0, 192.0, 1889.0, 193.0, 1905.0, 2092.0, 191.0, 1347.0) 
Voter 10: ID 123; Choice (1356.0, 2183.0, 192.0, 1889.0, 193.0, 1905.0, 2092.0, 191.0, 1347.0) 
Voter 11: ID 84; Choice (1356.0, 2183.0, 192.0, 1889.0, 193.0, 1905.0, 2092.0, 191.0, 1347.0) 
Voter 12: ID 325; Choice (1356.0, 2183.0, 192.0, 1889.0, 193.0, 1905.0, 2092.0, 191.0, 1347.0) 
Voter 13: ID 431; Choice (1356.0, 2183.0, 192.0, 1889.0, 193.0, 1905.0, 2092.0, 191.0, 1347.0) 
Voter 14: ID 358; Choice (1356.0, 2183.0, 192.0, 1889.0, 193.0, 1905.0, 2092.0, 191.0, 1347.0) 
Voter 15: ID 688; Choice (1356.0, 2183.0, 192.0, 1889.0, 193.0, 1905.0, 2092.0, 191.0, 1347.0) 
Voter 16: ID 479; Choice (1356.0, 2183.0, 192.0, 1889.0, 193.0, 1905.0, 2092.0, 191.0, 1347.0) 
Voter 17: ID 607; Choice (1356.0, 2183.0, 192.0, 1889.0, 193.0, 1905.0, 2092.0, 191.0, 1347.0) 
Voter 18: ID 99; Choice (1356.0, 2183.0, 192.0, 1889.0, 193.0, 1905.0, 2092.0, 191.0, 1347.0) 
Voter 19: ID 601; Choice (1356.0, 2183.0, 192.0, 1889.0, 193.0, 1905.0, 2092.0, 191.0, 1347.0) 
Voter 20: ID 128; Choice (1356.0, 2183.0, 192.0, 1889.0, 193.0, 1905.0, 2092.0, 191.0, 1347.0) 
Voter 21: ID 267; Choice (1356.0, 2183.0, 192.0, 1889.0, 193.0, 1905.0, 2092.0, 191.0, 1347.0) 
Voter 22: ID 496; Choice (1356.0, 2183.0, 192.0, 1889.0, 193.0, 1905.0, 2092.0, 191.0, 1347.0) 
Voter 23: ID 116; Choice (1356.0, 2183.0, 192.0, 1889.0, 193.0, 1905.0, 2092.0, 191.0, 1347.0) 
Voter 24: ID 295; Choice (1356.0, 2183.0, 192.0, 1889.0, 193.0, 1905.0, 2092.0, 191.0, 1347.0) 
Voter 25: ID 578; Choice (1356.0, 2183.0, 192.0, 1889.0, 193.0, 1905.0, 2092.0, 191.0, 1347.0) 
Voter 26: ID 206; Choice (1356.0, 2183.0, 192.0, 1889.0, 193.0, 1905.0, 2092.0, 191.0, 1347.0) 
Voter 27: ID 469; Choice (1356.0, 2183.0, 192.0, 1889.0, 193.0, 1905.0, 2092.0, 191.0, 1347.0) 
Voter 28: ID 11; Choice (1356.0, 2183.0, 192.0, 1889.0, 193.0, 1905.0, 2092.0, 191.0, 1347.0) 
Voter 29: ID 177; Choice (1356.0, 2183.0, 192.0, 1889.0, 193.0, 1905.0, 2092.0, 191.0, 1347.0) 
Voter 30: ID 604; Choice (1356.0, 2183.0, 192.0, 1889.0, 193.0, 1905.0, 2092.0, 191.0, 1347.0) 
Voter 31: ID 594; Choice (1356.0, 2183.0, 192.0, 1889.0, 193.0, 1905.0, 2092.0, 191.0, 1347.0) 
Voter 32: ID 186; Choice (1356.0, 2183.0, 192.0, 1889.0, 193.0, 1905.0, 2092.0, 191.0, 1347.0) 
Voter 33: ID 491; Choice (1356.0, 2183.0, 192.0, 1889.0, 193.0, 1905.0, 2092.0, 191.0, 1347.0) 
Voter 34: ID 322; Choice (1356.0, 2183.0, 192.0, 1889.0, 193.0, 1905.0, 2092.0, 191.0, 1347.0) 
Voter 35: ID 146; Choice (1356.0, 2183.0, 192.0, 1889.0, 193.0, 1905.0, 2092.0, 191.0, 1347.0) 
Voter 36: ID 697; Choice (1356.0, 2183.0, 192.0, 1889.0, 193.0, 1905.0, 2092.0, 191.0, 1347.0) 
Voter 37: ID 692; Choice (1356.0, 2183.0, 192.0, 1889.0, 193.0, 1905.0, 2092.0, 191.0, 1347.0) 
Voter 38: ID 285; Choice (1356.0, 2183.0, 192.0, 1889.0, 193.0, 1905.0, 2092.0, 191.0, 1347.0) 
Voter 39: ID 633; Choice (1356.0, 2183.0, 192.0, 1889.0, 193.0, 1905.0, 2092.0, 191.0, 1347.0) 
Voter 40: ID 632; Choice (1356.0, 2183.0, 192.0, 1889.0, 193.0, 1905.0, 2092.0, 191.0, 1347.0) 
Voter 41: ID 159; Choice (1356.0, 2183.0, 192.0, 1889.0, 193.0, 1905.0, 2092.0, 191.0, 1347.0) 
Voter 42: ID 701; Choice (1356.0, 2183.0, 192.0, 1889.0, 193.0, 1905.0, 2092.0, 191.0, 1347.0) 
Voter 43: ID 608; Choice (1356.0, 2183.0, 192.0, 1889.0, 193.0, 1905.0, 2092.0, 191.0, 1347.0) 
Voter 44: ID 387; Choice (1356.0, 2183.0, 192.0, 1889.0, 193.0, 1905.0, 2092.0, 191.0, 1347.0) 
Voter 45: ID 168; Choice (1356.0, 2183.0, 192.0, 1889.0, 193.0, 1905.0, 2092.0, 191.0, 1347.0) 
Voter 46: ID 649; Choice (1356.0, 2183.0, 192.0, 1889.0, 193.0, 1905.0, 2092.0, 191.0, 1347.0) 
Voter 47: ID 46; Choice (1356.0, 2183.0, 192.0, 1889.0, 193.0, 1905.0, 2092.0, 191.0, 1347.0) 
Voter 48: ID 13; Choice (1356.0, 2183.0, 192.0, 1889.0, 193.0, 1905.0, 2092.0, 191.0, 1347.0) 
Voter 49: ID 75; Choice (1356.0, 2183.0, 192.0, 1889.0, 193.0, 1905.0, 2092.0, 191.0, 1347.0) 
Voter 50: ID 219; Choice (1356.0, 2183.0, 192.0, 1889.0, 193.0, 1905.0, 2092.0, 191.0, 1347.0) 
---------------------------------------------------------------------------
Concensus reached after 10 iterations.
Max degree: 18 Number of valid combinations: 45 Using random find.
There are 1 opinions after all iterations.
(1356.0, 2183.0, 192.0, 1889.0, 193.0, 1905.0, 2092.0, 191.0, 1347.0) count: 50
