    project id    reward
0       1211.0 -0.444988
1       2141.0 -0.057202
2       1356.0  0.331482
3       2183.0  0.343395
4        433.0 -0.263659
5        192.0  0.232709
6       1889.0  0.302624
7        193.0  0.251523
8       1347.0  0.192139
9       1905.0  0.121838
10      2092.0  0.245409
11      2121.0 -0.136063
12       191.0  0.215283
Valid Combinations are:
(1356.0, 2183.0, 192.0, 1889.0, 193.0, 1905.0, 2092.0, 191.0, 1347.0)
(1356.0, 2183.0, 192.0, 1889.0, 193.0, 1905.0, 2092.0, 191.0)
(1211.0, 2141.0, 1356.0, 2183.0, 192.0, 193.0)
(1356.0, 2183.0, 433.0, 192.0, 1889.0, 1347.0, 2092.0, 2121.0, 191.0)
(1356.0, 2183.0, 433.0, 1889.0, 193.0, 1347.0, 1905.0, 2121.0, 191.0)
(2141.0, 1356.0, 2183.0, 192.0, 1889.0, 193.0, 1347.0, 1905.0)
(2141.0, 1356.0, 2183.0, 192.0, 193.0, 1347.0, 1905.0, 2092.0)
(2141.0, 2183.0, 433.0, 192.0, 193.0, 2092.0, 2121.0, 191.0)
(2141.0, 2183.0, 433.0, 193.0, 1347.0, 1905.0, 2092.0, 2121.0)
(2141.0, 433.0, 1889.0, 193.0, 1347.0, 1905.0, 2121.0, 191.0)
(1211.0, 2183.0, 192.0, 193.0, 2092.0, 2121.0, 191.0)
(2141.0, 1356.0, 2183.0, 433.0, 192.0, 1905.0, 2121.0)
(2141.0, 1356.0, 2183.0, 433.0, 193.0, 1347.0, 1905.0)
(2141.0, 1356.0, 2183.0, 192.0, 1347.0, 1905.0, 2121.0)
(2141.0, 1356.0, 433.0, 193.0, 1905.0, 2092.0, 2121.0)
(2141.0, 1356.0, 1889.0, 1347.0, 1905.0, 2121.0, 191.0)
(2141.0, 2183.0, 433.0, 192.0, 1889.0, 1347.0, 191.0)
(2141.0, 2183.0, 433.0, 193.0, 1347.0, 2121.0, 191.0)
(2141.0, 433.0, 192.0, 193.0, 1347.0, 2121.0, 191.0)
(2141.0, 192.0, 1889.0, 193.0, 1905.0, 2121.0, 191.0)
(1356.0, 2183.0, 433.0, 192.0, 193.0, 2092.0, 191.0)
(1356.0, 433.0, 192.0, 193.0, 1347.0, 1905.0, 2092.0)
(2183.0, 433.0, 192.0, 1889.0, 193.0, 1905.0, 191.0)
(2183.0, 192.0, 1889.0, 1905.0, 2092.0, 2121.0, 191.0)
(433.0, 192.0, 193.0, 1347.0, 2092.0, 2121.0, 191.0)
(1211.0, 1356.0, 192.0, 1889.0, 2092.0, 191.0)
(1211.0, 1356.0, 1889.0, 193.0, 2092.0, 191.0)
(1211.0, 2183.0, 1889.0, 193.0, 1347.0, 191.0)
(1211.0, 2183.0, 1889.0, 193.0, 2121.0, 191.0)
(1211.0, 193.0, 1347.0, 1905.0, 2092.0, 191.0)
(2141.0, 1356.0, 192.0, 1889.0, 1905.0, 2121.0)
(2141.0, 1356.0, 192.0, 1905.0, 2092.0, 191.0)
(2141.0, 1356.0, 193.0, 1347.0, 2092.0, 191.0)
(2141.0, 2183.0, 433.0, 192.0, 1905.0, 191.0)
(2141.0, 2183.0, 192.0, 1347.0, 2092.0, 2121.0)
Initial Choices:
---------------------------------------------------------------------------
Voter 1: ID 710; Choice (1356.0, 433.0, 192.0, 193.0, 1347.0, 1905.0, 2092.0) 
Voter 2: ID 190; Choice (2183.0, 433.0, 192.0, 1889.0, 193.0, 1905.0, 191.0) 
Voter 3: ID 428; Choice (2141.0, 1356.0, 433.0, 193.0, 1905.0, 2092.0, 2121.0) 
Voter 4: ID 495; Choice (2141.0, 1356.0, 2183.0, 433.0, 192.0, 1905.0, 2121.0) 
Voter 5: ID 621; Choice (1211.0, 2141.0, 1356.0, 2183.0, 192.0, 193.0) 
Voter 6: ID 27; Choice (1211.0, 1356.0, 192.0, 1889.0, 2092.0, 191.0) 
Voter 7: ID 727; Choice (1211.0, 2183.0, 1889.0, 193.0, 1347.0, 191.0) 
Voter 8: ID 674; Choice (1356.0, 2183.0, 433.0, 192.0, 1889.0, 1347.0, 2092.0, 2121.0, 191.0) 
Voter 9: ID 391; Choice (2141.0, 2183.0, 433.0, 193.0, 1347.0, 1905.0, 2092.0, 2121.0) 
Voter 10: ID 135; Choice (2141.0, 1356.0, 2183.0, 433.0, 192.0, 1905.0, 2121.0) 
Voter 11: ID 475; Choice (2141.0, 1356.0, 2183.0, 433.0, 192.0, 1905.0, 2121.0) 
Voter 12: ID 243; Choice (2141.0, 1356.0, 2183.0, 433.0, 193.0, 1347.0, 1905.0) 
Voter 13: ID 18; Choice (2141.0, 2183.0, 433.0, 193.0, 1347.0, 1905.0, 2092.0, 2121.0) 
Voter 14: ID 520; Choice (2141.0, 1356.0, 2183.0, 192.0, 1889.0, 193.0, 1347.0, 1905.0) 
Voter 15: ID 370; Choice (433.0, 192.0, 193.0, 1347.0, 2092.0, 2121.0, 191.0) 
Voter 16: ID 656; Choice (2141.0, 2183.0, 433.0, 192.0, 193.0, 2092.0, 2121.0, 191.0) 
Voter 17: ID 476; Choice (1211.0, 1356.0, 1889.0, 193.0, 2092.0, 191.0) 
Voter 18: ID 288; Choice (2141.0, 1356.0, 2183.0, 192.0, 1347.0, 1905.0, 2121.0) 
Voter 19: ID 342; Choice (1356.0, 433.0, 192.0, 193.0, 1347.0, 1905.0, 2092.0) 
Voter 20: ID 55; Choice (2141.0, 1356.0, 193.0, 1347.0, 2092.0, 191.0) 
Voter 21: ID 701; Choice (2141.0, 1356.0, 433.0, 193.0, 1905.0, 2092.0, 2121.0) 
Voter 22: ID 650; Choice (1356.0, 2183.0, 433.0, 192.0, 193.0, 2092.0, 191.0) 
Voter 23: ID 470; Choice (1211.0, 1356.0, 1889.0, 193.0, 2092.0, 191.0) 
Voter 24: ID 404; Choice (1356.0, 433.0, 192.0, 193.0, 1347.0, 1905.0, 2092.0) 
Voter 25: ID 498; Choice (1211.0, 2183.0, 1889.0, 193.0, 2121.0, 191.0) 
Voter 26: ID 159; Choice (2141.0, 433.0, 192.0, 193.0, 1347.0, 2121.0, 191.0) 
Voter 27: ID 127; Choice (2141.0, 1356.0, 192.0, 1889.0, 1905.0, 2121.0) 
Voter 28: ID 726; Choice (1356.0, 2183.0, 433.0, 1889.0, 193.0, 1347.0, 1905.0, 2121.0, 191.0) 
Voter 29: ID 189; Choice (1211.0, 2183.0, 1889.0, 193.0, 2121.0, 191.0) 
Voter 30: ID 473; Choice (2141.0, 2183.0, 433.0, 192.0, 1889.0, 1347.0, 191.0) 
Voter 31: ID 529; Choice (1211.0, 2183.0, 1889.0, 193.0, 2121.0, 191.0) 
Voter 32: ID 686; Choice (2141.0, 2183.0, 433.0, 193.0, 1347.0, 1905.0, 2092.0, 2121.0) 
Voter 33: ID 536; Choice (2141.0, 2183.0, 433.0, 192.0, 1889.0, 1347.0, 191.0) 
Voter 34: ID 178; Choice (2141.0, 1356.0, 192.0, 1889.0, 1905.0, 2121.0) 
Voter 35: ID 22; Choice (1211.0, 2183.0, 1889.0, 193.0, 2121.0, 191.0) 
Voter 36: ID 509; Choice (2141.0, 192.0, 1889.0, 193.0, 1905.0, 2121.0, 191.0) 
Voter 37: ID 60; Choice (1211.0, 2141.0, 1356.0, 2183.0, 192.0, 193.0) 
Voter 38: ID 214; Choice (2141.0, 1356.0, 192.0, 1889.0, 1905.0, 2121.0) 
Voter 39: ID 506; Choice (2141.0, 1356.0, 433.0, 193.0, 1905.0, 2092.0, 2121.0) 
Voter 40: ID 549; Choice (1211.0, 1356.0, 1889.0, 193.0, 2092.0, 191.0) 
Voter 41: ID 239; Choice (1211.0, 2141.0, 1356.0, 2183.0, 192.0, 193.0) 
Voter 42: ID 93; Choice (433.0, 192.0, 193.0, 1347.0, 2092.0, 2121.0, 191.0) 
Voter 43: ID 341; Choice (1356.0, 2183.0, 192.0, 1889.0, 193.0, 1905.0, 2092.0, 191.0) 
Voter 44: ID 300; Choice (2141.0, 2183.0, 433.0, 193.0, 1347.0, 2121.0, 191.0) 
Voter 45: ID 147; Choice (1211.0, 2183.0, 1889.0, 193.0, 2121.0, 191.0) 
Voter 46: ID 408; Choice (2183.0, 433.0, 192.0, 1889.0, 193.0, 1905.0, 191.0) 
Voter 47: ID 59; Choice (1356.0, 2183.0, 192.0, 1889.0, 193.0, 1905.0, 2092.0, 191.0, 1347.0) 
Voter 48: ID 452; Choice (2141.0, 2183.0, 433.0, 192.0, 1889.0, 1347.0, 191.0) 
Voter 49: ID 533; Choice (2141.0, 1356.0, 193.0, 1347.0, 2092.0, 191.0) 
Voter 50: ID 507; Choice (2141.0, 1356.0, 192.0, 1889.0, 1905.0, 2121.0) 
---------------------------------------------------------------------------
After Iteration 1 :
Voter 1: ID 710; Choice (2141.0, 1356.0, 2183.0, 433.0, 193.0, 1347.0, 1905.0) 
Voter 2: ID 190; Choice (2141.0, 2183.0, 433.0, 192.0, 193.0, 2092.0, 2121.0, 191.0) 
Voter 3: ID 428; Choice (1356.0, 2183.0, 192.0, 1889.0, 193.0, 1905.0, 2092.0, 191.0) 
Voter 4: ID 495; Choice (433.0, 192.0, 193.0, 1347.0, 2092.0, 2121.0, 191.0) 
Voter 5: ID 621; Choice (2141.0, 2183.0, 433.0, 193.0, 1347.0, 1905.0, 2092.0, 2121.0) 
Voter 6: ID 27; Choice (2141.0, 433.0, 192.0, 193.0, 1347.0, 2121.0, 191.0) 
Voter 7: ID 727; Choice (2141.0, 433.0, 192.0, 193.0, 1347.0, 2121.0, 191.0) 
Voter 8: ID 674; Choice (2141.0, 2183.0, 433.0, 193.0, 1347.0, 1905.0, 2092.0, 2121.0) 
Voter 9: ID 391; Choice (2141.0, 1356.0, 2183.0, 192.0, 1889.0, 193.0, 1347.0, 1905.0) 
Voter 10: ID 135; Choice (2141.0, 1356.0, 192.0, 1905.0, 2092.0, 191.0) 
Voter 11: ID 475; Choice (1356.0, 2183.0, 433.0, 192.0, 1889.0, 1347.0, 2092.0, 2121.0, 191.0) 
Voter 12: ID 243; Choice (2141.0, 2183.0, 433.0, 193.0, 1347.0, 1905.0, 2092.0, 2121.0) 
Voter 13: ID 18; Choice (2141.0, 2183.0, 433.0, 192.0, 1889.0, 1347.0, 191.0) 
Voter 14: ID 520; Choice (2141.0, 1356.0, 192.0, 1905.0, 2092.0, 191.0) 
Voter 15: ID 370; Choice (2141.0, 1356.0, 2183.0, 433.0, 193.0, 1347.0, 1905.0) 
Voter 16: ID 656; Choice (2141.0, 2183.0, 433.0, 192.0, 1889.0, 1347.0, 191.0) 
Voter 17: ID 476; Choice (1211.0, 1356.0, 1889.0, 193.0, 2092.0, 191.0) 
Voter 18: ID 288; Choice (1356.0, 2183.0, 192.0, 1889.0, 193.0, 1905.0, 2092.0, 191.0) 
Voter 19: ID 342; Choice (1211.0, 1356.0, 192.0, 1889.0, 2092.0, 191.0) 
Voter 20: ID 55; Choice (2141.0, 2183.0, 433.0, 193.0, 1347.0, 1905.0, 2092.0, 2121.0) 
Voter 21: ID 701; Choice (2141.0, 2183.0, 192.0, 1347.0, 2092.0, 2121.0) 
Voter 22: ID 650; Choice (2183.0, 192.0, 1889.0, 1905.0, 2092.0, 2121.0, 191.0) 
Voter 23: ID 470; Choice (1211.0, 2141.0, 1356.0, 2183.0, 192.0, 193.0) 
Voter 24: ID 404; Choice (2141.0, 433.0, 1889.0, 193.0, 1347.0, 1905.0, 2121.0, 191.0) 
Voter 25: ID 498; Choice (1356.0, 2183.0, 433.0, 192.0, 1889.0, 1347.0, 2092.0, 2121.0, 191.0) 
Voter 26: ID 159; Choice (2141.0, 433.0, 1889.0, 193.0, 1347.0, 1905.0, 2121.0, 191.0) 
Voter 27: ID 127; Choice (2141.0, 1356.0, 192.0, 1905.0, 2092.0, 191.0) 
Voter 28: ID 726; Choice (2141.0, 1356.0, 192.0, 1905.0, 2092.0, 191.0) 
Voter 29: ID 189; Choice (2183.0, 433.0, 192.0, 1889.0, 193.0, 1905.0, 191.0) 
Voter 30: ID 473; Choice (1211.0, 1356.0, 192.0, 1889.0, 2092.0, 191.0) 
Voter 31: ID 529; Choice (2141.0, 1356.0, 2183.0, 192.0, 1347.0, 1905.0, 2121.0) 
Voter 32: ID 686; Choice (2141.0, 433.0, 192.0, 193.0, 1347.0, 2121.0, 191.0) 
Voter 33: ID 536; Choice (2141.0, 2183.0, 433.0, 193.0, 1347.0, 1905.0, 2092.0, 2121.0) 
Voter 34: ID 178; Choice (2141.0, 1356.0, 193.0, 1347.0, 2092.0, 191.0) 
Voter 35: ID 22; Choice (2141.0, 2183.0, 433.0, 193.0, 1347.0, 1905.0, 2092.0, 2121.0) 
Voter 36: ID 509; Choice (2183.0, 192.0, 1889.0, 1905.0, 2092.0, 2121.0, 191.0) 
Voter 37: ID 60; Choice (1356.0, 2183.0, 433.0, 192.0, 1889.0, 1347.0, 2092.0, 2121.0, 191.0) 
Voter 38: ID 214; Choice (2141.0, 1356.0, 2183.0, 433.0, 193.0, 1347.0, 1905.0) 
Voter 39: ID 506; Choice (1211.0, 2141.0, 1356.0, 2183.0, 192.0, 193.0) 
Voter 40: ID 549; Choice (2183.0, 433.0, 192.0, 1889.0, 193.0, 1905.0, 191.0) 
Voter 41: ID 239; Choice (2141.0, 1356.0, 433.0, 193.0, 1905.0, 2092.0, 2121.0) 
Voter 42: ID 93; Choice (1356.0, 433.0, 192.0, 193.0, 1347.0, 1905.0, 2092.0) 
Voter 43: ID 341; Choice (1356.0, 2183.0, 433.0, 1889.0, 193.0, 1347.0, 1905.0, 2121.0, 191.0) 
Voter 44: ID 300; Choice (2141.0, 1356.0, 192.0, 1889.0, 1905.0, 2121.0) 
Voter 45: ID 147; Choice (2141.0, 1356.0, 1889.0, 1347.0, 1905.0, 2121.0, 191.0) 
Voter 46: ID 408; Choice (433.0, 192.0, 193.0, 1347.0, 2092.0, 2121.0, 191.0) 
Voter 47: ID 59; Choice (2141.0, 1356.0, 2183.0, 433.0, 192.0, 1905.0, 2121.0) 
Voter 48: ID 452; Choice (2141.0, 1356.0, 1889.0, 1347.0, 1905.0, 2121.0, 191.0) 
Voter 49: ID 533; Choice (2183.0, 433.0, 192.0, 1889.0, 193.0, 1905.0, 191.0) 
Voter 50: ID 507; Choice (2141.0, 1356.0, 2183.0, 192.0, 1889.0, 193.0, 1347.0, 1905.0) 
---------------------------------------------------------------------------
---------------------------------------------------------------------------
{(1356.0, 2183.0, 192.0, 1889.0, 193.0, 1905.0, 2092.0, 191.0, 1347.0): 0, (1356.0, 2183.0, 192.0, 1889.0, 193.0, 1905.0, 2092.0, 191.0): 0, (1211.0, 2141.0, 1356.0, 2183.0, 192.0, 193.0): 0.06569192918175147, (1356.0, 2183.0, 433.0, 192.0, 1889.0, 1347.0, 2092.0, 2121.0, 191.0): 0, (1356.0, 2183.0, 433.0, 1889.0, 193.0, 1347.0, 1905.0, 2121.0, 191.0): 0.1358563610411409, (2141.0, 1356.0, 2183.0, 192.0, 1889.0, 193.0, 1347.0, 1905.0): 0, (2141.0, 1356.0, 2183.0, 192.0, 193.0, 1347.0, 1905.0, 2092.0): 0, (2141.0, 2183.0, 433.0, 192.0, 193.0, 2092.0, 2121.0, 191.0): 0, (2141.0, 2183.0, 433.0, 193.0, 1347.0, 1905.0, 2092.0, 2121.0): 0.06973816818482355, (2141.0, 433.0, 1889.0, 193.0, 1347.0, 1905.0, 2121.0, 191.0): 0, (1211.0, 2183.0, 192.0, 193.0, 2092.0, 2121.0, 191.0): 0, (2141.0, 1356.0, 2183.0, 433.0, 192.0, 1905.0, 2121.0): 0, (2141.0, 1356.0, 2183.0, 433.0, 193.0, 1347.0, 1905.0): 0, (2141.0, 1356.0, 2183.0, 192.0, 1347.0, 1905.0, 2121.0): 0, (2141.0, 1356.0, 433.0, 193.0, 1905.0, 2092.0, 2121.0): 0.04933294125820092, (2141.0, 1356.0, 1889.0, 1347.0, 1905.0, 2121.0, 191.0): 0, (2141.0, 2183.0, 433.0, 192.0, 1889.0, 1347.0, 191.0): 0.09652891181332196, (2141.0, 2183.0, 433.0, 193.0, 1347.0, 2121.0, 191.0): 0, (2141.0, 433.0, 192.0, 193.0, 1347.0, 2121.0, 191.0): 0, (2141.0, 192.0, 1889.0, 193.0, 1905.0, 2121.0, 191.0): 0.09307119360739985, (1356.0, 2183.0, 433.0, 192.0, 193.0, 2092.0, 191.0): 0, (1356.0, 433.0, 192.0, 193.0, 1347.0, 1905.0, 2092.0): 0.11114429502691753, (2183.0, 433.0, 192.0, 1889.0, 193.0, 1905.0, 191.0): 0.12037136359971297, (2183.0, 192.0, 1889.0, 1905.0, 2092.0, 2121.0, 191.0): 0, (433.0, 192.0, 193.0, 1347.0, 2092.0, 2121.0, 191.0): 0.0737342090722539, (1211.0, 1356.0, 192.0, 1889.0, 2092.0, 191.0): 0.08825187727817602, (1211.0, 1356.0, 1889.0, 193.0, 2092.0, 191.0): 0, (1211.0, 2183.0, 1889.0, 193.0, 1347.0, 191.0): 0.08599759886672419, (1211.0, 2183.0, 1889.0, 193.0, 2121.0, 191.0): 0.05317738713027095, (1211.0, 193.0, 1347.0, 1905.0, 2092.0, 191.0): 0, (2141.0, 1356.0, 192.0, 1889.0, 1905.0, 2121.0): 0.07953885096045564, (2141.0, 1356.0, 192.0, 1905.0, 2092.0, 191.0): 0, (2141.0, 1356.0, 193.0, 1347.0, 2092.0, 191.0): 0, (2141.0, 2183.0, 433.0, 192.0, 1905.0, 191.0): 0, (2141.0, 2183.0, 192.0, 1347.0, 2092.0, 2121.0): 0}
After Iteration 2 :
Voter 1: ID 710; Choice (1356.0, 2183.0, 192.0, 1889.0, 193.0, 1905.0, 2092.0, 191.0) 
Voter 2: ID 190; Choice (2141.0, 2183.0, 433.0, 193.0, 1347.0, 1905.0, 2092.0, 2121.0) 
Voter 3: ID 428; Choice (2183.0, 433.0, 192.0, 1889.0, 193.0, 1905.0, 191.0) 
Voter 4: ID 495; Choice (2141.0, 1356.0, 1889.0, 1347.0, 1905.0, 2121.0, 191.0) 
Voter 5: ID 621; Choice (1211.0, 1356.0, 1889.0, 193.0, 2092.0, 191.0) 
Voter 6: ID 27; Choice (1211.0, 1356.0, 1889.0, 193.0, 2092.0, 191.0) 
Voter 7: ID 727; Choice (2141.0, 2183.0, 192.0, 1347.0, 2092.0, 2121.0) 
Voter 8: ID 674; Choice (2141.0, 2183.0, 192.0, 1347.0, 2092.0, 2121.0) 
Voter 9: ID 391; Choice (2141.0, 433.0, 1889.0, 193.0, 1347.0, 1905.0, 2121.0, 191.0) 
Voter 10: ID 135; Choice (1211.0, 2141.0, 1356.0, 2183.0, 192.0, 193.0) 
Voter 11: ID 475; Choice (1356.0, 2183.0, 433.0, 192.0, 1889.0, 1347.0, 2092.0, 2121.0, 191.0) 
Voter 12: ID 243; Choice (2183.0, 433.0, 192.0, 1889.0, 193.0, 1905.0, 191.0) 
Voter 13: ID 18; Choice (2141.0, 2183.0, 433.0, 192.0, 193.0, 2092.0, 2121.0, 191.0) 
Voter 14: ID 520; Choice (1211.0, 193.0, 1347.0, 1905.0, 2092.0, 191.0) 
Voter 15: ID 370; Choice (2141.0, 1356.0, 2183.0, 192.0, 193.0, 1347.0, 1905.0, 2092.0) 
Voter 16: ID 656; Choice (1211.0, 2183.0, 1889.0, 193.0, 1347.0, 191.0) 
Voter 17: ID 476; Choice (1211.0, 2183.0, 192.0, 193.0, 2092.0, 2121.0, 191.0) 
Voter 18: ID 288; Choice (2141.0, 2183.0, 433.0, 192.0, 193.0, 2092.0, 2121.0, 191.0) 
Voter 19: ID 342; Choice (1356.0, 433.0, 192.0, 193.0, 1347.0, 1905.0, 2092.0) 
Voter 20: ID 55; Choice (2141.0, 1356.0, 433.0, 193.0, 1905.0, 2092.0, 2121.0) 
Voter 21: ID 701; Choice (1356.0, 433.0, 192.0, 193.0, 1347.0, 1905.0, 2092.0) 
Voter 22: ID 650; Choice (1356.0, 2183.0, 433.0, 192.0, 193.0, 2092.0, 191.0) 
Voter 23: ID 470; Choice (2141.0, 2183.0, 433.0, 192.0, 193.0, 2092.0, 2121.0, 191.0) 
Voter 24: ID 404; Choice (2141.0, 2183.0, 433.0, 193.0, 1347.0, 2121.0, 191.0) 
Voter 25: ID 498; Choice (1211.0, 2183.0, 1889.0, 193.0, 2121.0, 191.0) 
Voter 26: ID 159; Choice (2141.0, 1356.0, 193.0, 1347.0, 2092.0, 191.0) 
Voter 27: ID 127; Choice (2141.0, 1356.0, 192.0, 1889.0, 1905.0, 2121.0) 
Voter 28: ID 726; Choice (2141.0, 1356.0, 2183.0, 192.0, 193.0, 1347.0, 1905.0, 2092.0) 
Voter 29: ID 189; Choice (1211.0, 2183.0, 192.0, 193.0, 2092.0, 2121.0, 191.0) 
Voter 30: ID 473; Choice (2183.0, 433.0, 192.0, 1889.0, 193.0, 1905.0, 191.0) 
Voter 31: ID 529; Choice (2141.0, 2183.0, 433.0, 192.0, 1889.0, 1347.0, 191.0) 
Voter 32: ID 686; Choice (1211.0, 193.0, 1347.0, 1905.0, 2092.0, 191.0) 
Voter 33: ID 536; Choice (2141.0, 2183.0, 433.0, 192.0, 193.0, 2092.0, 2121.0, 191.0) 
Voter 34: ID 178; Choice (2141.0, 1356.0, 193.0, 1347.0, 2092.0, 191.0) 
Voter 35: ID 22; Choice (2141.0, 2183.0, 433.0, 193.0, 1347.0, 1905.0, 2092.0, 2121.0) 
Voter 36: ID 509; Choice (2141.0, 192.0, 1889.0, 193.0, 1905.0, 2121.0, 191.0) 
Voter 37: ID 60; Choice (1211.0, 2183.0, 192.0, 193.0, 2092.0, 2121.0, 191.0) 
Voter 38: ID 214; Choice (1211.0, 2183.0, 192.0, 193.0, 2092.0, 2121.0, 191.0) 
Voter 39: ID 506; Choice (1356.0, 2183.0, 433.0, 1889.0, 193.0, 1347.0, 1905.0, 2121.0, 191.0) 
Voter 40: ID 549; Choice (2141.0, 1356.0, 2183.0, 192.0, 193.0, 1347.0, 1905.0, 2092.0) 
Voter 41: ID 239; Choice (433.0, 192.0, 193.0, 1347.0, 2092.0, 2121.0, 191.0) 
Voter 42: ID 93; Choice (1211.0, 1356.0, 1889.0, 193.0, 2092.0, 191.0) 
Voter 43: ID 341; Choice (1211.0, 2183.0, 1889.0, 193.0, 1347.0, 191.0) 
Voter 44: ID 300; Choice (2141.0, 1356.0, 192.0, 1905.0, 2092.0, 191.0) 
Voter 45: ID 147; Choice (2141.0, 2183.0, 433.0, 193.0, 1347.0, 2121.0, 191.0) 
Voter 46: ID 408; Choice (1356.0, 433.0, 192.0, 193.0, 1347.0, 1905.0, 2092.0) 
Voter 47: ID 59; Choice (2141.0, 1356.0, 2183.0, 192.0, 1347.0, 1905.0, 2121.0) 
Voter 48: ID 452; Choice (1211.0, 2141.0, 1356.0, 2183.0, 192.0, 193.0) 
Voter 49: ID 533; Choice (2141.0, 1356.0, 1889.0, 1347.0, 1905.0, 2121.0, 191.0) 
Voter 50: ID 507; Choice (1211.0, 193.0, 1347.0, 1905.0, 2092.0, 191.0) 
---------------------------------------------------------------------------
After Iteration 3 :
Voter 1: ID 710; Choice (1356.0, 433.0, 192.0, 193.0, 1347.0, 1905.0, 2092.0) 
Voter 2: ID 190; Choice (2141.0, 1356.0, 433.0, 193.0, 1905.0, 2092.0, 2121.0) 
Voter 3: ID 428; Choice (2141.0, 2183.0, 192.0, 1347.0, 2092.0, 2121.0) 
Voter 4: ID 495; Choice (2141.0, 1356.0, 2183.0, 192.0, 1347.0, 1905.0, 2121.0) 
Voter 5: ID 621; Choice (2141.0, 433.0, 192.0, 193.0, 1347.0, 2121.0, 191.0) 
Voter 6: ID 27; Choice (1356.0, 2183.0, 192.0, 1889.0, 193.0, 1905.0, 2092.0, 191.0, 1347.0) 
Voter 7: ID 727; Choice (2141.0, 1356.0, 1889.0, 1347.0, 1905.0, 2121.0, 191.0) 
Voter 8: ID 674; Choice (2141.0, 2183.0, 192.0, 1347.0, 2092.0, 2121.0) 
Voter 9: ID 391; Choice (1211.0, 2183.0, 1889.0, 193.0, 1347.0, 191.0) 
Voter 10: ID 135; Choice (2183.0, 433.0, 192.0, 1889.0, 193.0, 1905.0, 191.0) 
Voter 11: ID 475; Choice (1211.0, 1356.0, 1889.0, 193.0, 2092.0, 191.0) 
Voter 12: ID 243; Choice (2141.0, 433.0, 192.0, 193.0, 1347.0, 2121.0, 191.0) 
Voter 13: ID 18; Choice (2141.0, 1356.0, 433.0, 193.0, 1905.0, 2092.0, 2121.0) 
Voter 14: ID 520; Choice (2141.0, 1356.0, 193.0, 1347.0, 2092.0, 191.0) 
Voter 15: ID 370; Choice (2183.0, 433.0, 192.0, 1889.0, 193.0, 1905.0, 191.0) 
Voter 16: ID 656; Choice (2141.0, 2183.0, 433.0, 192.0, 193.0, 2092.0, 2121.0, 191.0) 
Voter 17: ID 476; Choice (2141.0, 2183.0, 433.0, 192.0, 1905.0, 191.0) 
Voter 18: ID 288; Choice (1211.0, 2183.0, 1889.0, 193.0, 2121.0, 191.0) 
Voter 19: ID 342; Choice (2141.0, 2183.0, 433.0, 192.0, 1889.0, 1347.0, 191.0) 
Voter 20: ID 55; Choice (1211.0, 2183.0, 192.0, 193.0, 2092.0, 2121.0, 191.0) 
Voter 21: ID 701; Choice (1211.0, 193.0, 1347.0, 1905.0, 2092.0, 191.0) 
Voter 22: ID 650; Choice (2183.0, 192.0, 1889.0, 1905.0, 2092.0, 2121.0, 191.0) 
Voter 23: ID 470; Choice (2141.0, 2183.0, 192.0, 1347.0, 2092.0, 2121.0) 
Voter 24: ID 404; Choice (1356.0, 2183.0, 433.0, 192.0, 193.0, 2092.0, 191.0) 
Voter 25: ID 498; Choice (2141.0, 2183.0, 433.0, 193.0, 1347.0, 2121.0, 191.0) 
Voter 26: ID 159; Choice (1356.0, 2183.0, 433.0, 192.0, 193.0, 2092.0, 191.0) 
Voter 27: ID 127; Choice (1356.0, 2183.0, 433.0, 1889.0, 193.0, 1347.0, 1905.0, 2121.0, 191.0) 
Voter 28: ID 726; Choice (2141.0, 1356.0, 193.0, 1347.0, 2092.0, 191.0) 
Voter 29: ID 189; Choice (1211.0, 2183.0, 192.0, 193.0, 2092.0, 2121.0, 191.0) 
Voter 30: ID 473; Choice (2141.0, 1356.0, 1889.0, 1347.0, 1905.0, 2121.0, 191.0) 
Voter 31: ID 529; Choice (1211.0, 2183.0, 192.0, 193.0, 2092.0, 2121.0, 191.0) 
Voter 32: ID 686; Choice (2141.0, 1356.0, 2183.0, 433.0, 193.0, 1347.0, 1905.0) 
Voter 33: ID 536; Choice (1211.0, 2183.0, 1889.0, 193.0, 2121.0, 191.0) 
Voter 34: ID 178; Choice (2141.0, 2183.0, 433.0, 192.0, 1905.0, 191.0) 
Voter 35: ID 22; Choice (1211.0, 2183.0, 192.0, 193.0, 2092.0, 2121.0, 191.0) 
Voter 36: ID 509; Choice (2141.0, 1356.0, 2183.0, 192.0, 193.0, 1347.0, 1905.0, 2092.0) 
Voter 37: ID 60; Choice (2141.0, 433.0, 1889.0, 193.0, 1347.0, 1905.0, 2121.0, 191.0) 
Voter 38: ID 214; Choice (1211.0, 1356.0, 192.0, 1889.0, 2092.0, 191.0) 
Voter 39: ID 506; Choice (2141.0, 2183.0, 433.0, 192.0, 1905.0, 191.0) 
Voter 40: ID 549; Choice (1356.0, 433.0, 192.0, 193.0, 1347.0, 1905.0, 2092.0) 
Voter 41: ID 239; Choice (2141.0, 433.0, 1889.0, 193.0, 1347.0, 1905.0, 2121.0, 191.0) 
Voter 42: ID 93; Choice (1356.0, 2183.0, 192.0, 1889.0, 193.0, 1905.0, 2092.0, 191.0) 
Voter 43: ID 341; Choice (2141.0, 1356.0, 193.0, 1347.0, 2092.0, 191.0) 
Voter 44: ID 300; Choice (2141.0, 433.0, 192.0, 193.0, 1347.0, 2121.0, 191.0) 
Voter 45: ID 147; Choice (1211.0, 1356.0, 1889.0, 193.0, 2092.0, 191.0) 
Voter 46: ID 408; Choice (2141.0, 1356.0, 433.0, 193.0, 1905.0, 2092.0, 2121.0) 
Voter 47: ID 59; Choice (1211.0, 2183.0, 1889.0, 193.0, 2121.0, 191.0) 
Voter 48: ID 452; Choice (2141.0, 1356.0, 433.0, 193.0, 1905.0, 2092.0, 2121.0) 
Voter 49: ID 533; Choice (1211.0, 2183.0, 1889.0, 193.0, 1347.0, 191.0) 
Voter 50: ID 507; Choice (2141.0, 1356.0, 433.0, 193.0, 1905.0, 2092.0, 2121.0) 
---------------------------------------------------------------------------
After Iteration 4 :
Voter 1: ID 710; Choice (1356.0, 2183.0, 192.0, 1889.0, 193.0, 1905.0, 2092.0, 191.0, 1347.0) 
Voter 2: ID 190; Choice (1356.0, 2183.0, 192.0, 1889.0, 193.0, 1905.0, 2092.0, 191.0) 
Voter 3: ID 428; Choice (1356.0, 2183.0, 192.0, 1889.0, 193.0, 1905.0, 2092.0, 191.0, 1347.0) 
Voter 4: ID 495; Choice (1356.0, 2183.0, 192.0, 1889.0, 193.0, 1905.0, 2092.0, 191.0) 
Voter 5: ID 621; Choice (1356.0, 2183.0, 192.0, 1889.0, 193.0, 1905.0, 2092.0, 191.0) 
Voter 6: ID 27; Choice (1356.0, 2183.0, 192.0, 1889.0, 193.0, 1905.0, 2092.0, 191.0) 
Voter 7: ID 727; Choice (1356.0, 2183.0, 192.0, 1889.0, 193.0, 1905.0, 2092.0, 191.0) 
Voter 8: ID 674; Choice (1356.0, 2183.0, 192.0, 1889.0, 193.0, 1905.0, 2092.0, 191.0, 1347.0) 
Voter 9: ID 391; Choice (1356.0, 2183.0, 192.0, 1889.0, 193.0, 1905.0, 2092.0, 191.0, 1347.0) 
Voter 10: ID 135; Choice (1356.0, 2183.0, 192.0, 1889.0, 193.0, 1905.0, 2092.0, 191.0) 
Voter 11: ID 475; Choice (1356.0, 2183.0, 192.0, 1889.0, 193.0, 1905.0, 2092.0, 191.0) 
Voter 12: ID 243; Choice (1356.0, 2183.0, 192.0, 1889.0, 193.0, 1905.0, 2092.0, 191.0) 
Voter 13: ID 18; Choice (1356.0, 2183.0, 192.0, 1889.0, 193.0, 1905.0, 2092.0, 191.0) 
Voter 14: ID 520; Choice (1356.0, 2183.0, 192.0, 1889.0, 193.0, 1905.0, 2092.0, 191.0, 1347.0) 
Voter 15: ID 370; Choice (1356.0, 2183.0, 192.0, 1889.0, 193.0, 1905.0, 2092.0, 191.0, 1347.0) 
Voter 16: ID 656; Choice (1356.0, 2183.0, 192.0, 1889.0, 193.0, 1905.0, 2092.0, 191.0) 
Voter 17: ID 476; Choice (1356.0, 2183.0, 192.0, 1889.0, 193.0, 1905.0, 2092.0, 191.0) 
Voter 18: ID 288; Choice (1356.0, 2183.0, 192.0, 1889.0, 193.0, 1905.0, 2092.0, 191.0) 
Voter 19: ID 342; Choice (1356.0, 433.0, 192.0, 193.0, 1347.0, 1905.0, 2092.0) 
Voter 20: ID 55; Choice (1356.0, 2183.0, 192.0, 1889.0, 193.0, 1905.0, 2092.0, 191.0, 1347.0) 
Voter 21: ID 701; Choice (1356.0, 2183.0, 192.0, 1889.0, 193.0, 1905.0, 2092.0, 191.0, 1347.0) 
Voter 22: ID 650; Choice (1356.0, 2183.0, 433.0, 192.0, 193.0, 2092.0, 191.0) 
Voter 23: ID 470; Choice (1356.0, 2183.0, 192.0, 1889.0, 193.0, 1905.0, 2092.0, 191.0) 
Voter 24: ID 404; Choice (1356.0, 2183.0, 192.0, 1889.0, 193.0, 1905.0, 2092.0, 191.0) 
Voter 25: ID 498; Choice (1356.0, 2183.0, 192.0, 1889.0, 193.0, 1905.0, 2092.0, 191.0, 1347.0) 
Voter 26: ID 159; Choice (1356.0, 2183.0, 433.0, 192.0, 1889.0, 1347.0, 2092.0, 2121.0, 191.0) 
Voter 27: ID 127; Choice (1356.0, 2183.0, 192.0, 1889.0, 193.0, 1905.0, 2092.0, 191.0) 
Voter 28: ID 726; Choice (1356.0, 2183.0, 192.0, 1889.0, 193.0, 1905.0, 2092.0, 191.0) 
Voter 29: ID 189; Choice (1356.0, 2183.0, 192.0, 1889.0, 193.0, 1905.0, 2092.0, 191.0) 
Voter 30: ID 473; Choice (1356.0, 2183.0, 192.0, 1889.0, 193.0, 1905.0, 2092.0, 191.0, 1347.0) 
Voter 31: ID 529; Choice (2141.0, 2183.0, 192.0, 1347.0, 2092.0, 2121.0) 
Voter 32: ID 686; Choice (1356.0, 2183.0, 192.0, 1889.0, 193.0, 1905.0, 2092.0, 191.0, 1347.0) 
Voter 33: ID 536; Choice (1356.0, 2183.0, 192.0, 1889.0, 193.0, 1905.0, 2092.0, 191.0) 
Voter 34: ID 178; Choice (1356.0, 2183.0, 192.0, 1889.0, 193.0, 1905.0, 2092.0, 191.0, 1347.0) 
Voter 35: ID 22; Choice (1356.0, 2183.0, 192.0, 1889.0, 193.0, 1905.0, 2092.0, 191.0, 1347.0) 
Voter 36: ID 509; Choice (1356.0, 2183.0, 192.0, 1889.0, 193.0, 1905.0, 2092.0, 191.0) 
Voter 37: ID 60; Choice (1356.0, 2183.0, 192.0, 1889.0, 193.0, 1905.0, 2092.0, 191.0, 1347.0) 
Voter 38: ID 214; Choice (1356.0, 2183.0, 192.0, 1889.0, 193.0, 1905.0, 2092.0, 191.0, 1347.0) 
Voter 39: ID 506; Choice (1356.0, 2183.0, 192.0, 1889.0, 193.0, 1905.0, 2092.0, 191.0, 1347.0) 
Voter 40: ID 549; Choice (1356.0, 2183.0, 192.0, 1889.0, 193.0, 1905.0, 2092.0, 191.0) 
Voter 41: ID 239; Choice (1356.0, 2183.0, 192.0, 1889.0, 193.0, 1905.0, 2092.0, 191.0) 
Voter 42: ID 93; Choice (1356.0, 2183.0, 192.0, 1889.0, 193.0, 1905.0, 2092.0, 191.0, 1347.0) 
Voter 43: ID 341; Choice (1356.0, 2183.0, 192.0, 1889.0, 193.0, 1905.0, 2092.0, 191.0, 1347.0) 
Voter 44: ID 300; Choice (1356.0, 2183.0, 192.0, 1889.0, 193.0, 1905.0, 2092.0, 191.0) 
Voter 45: ID 147; Choice (1356.0, 2183.0, 192.0, 1889.0, 193.0, 1905.0, 2092.0, 191.0) 
Voter 46: ID 408; Choice (1356.0, 2183.0, 192.0, 1889.0, 193.0, 1905.0, 2092.0, 191.0, 1347.0) 
Voter 47: ID 59; Choice (1356.0, 2183.0, 192.0, 1889.0, 193.0, 1905.0, 2092.0, 191.0, 1347.0) 
Voter 48: ID 452; Choice (1211.0, 193.0, 1347.0, 1905.0, 2092.0, 191.0) 
Voter 49: ID 533; Choice (1356.0, 2183.0, 192.0, 1889.0, 193.0, 1905.0, 2092.0, 191.0, 1347.0) 
Voter 50: ID 507; Choice (1356.0, 2183.0, 192.0, 1889.0, 193.0, 1905.0, 2092.0, 191.0) 
---------------------------------------------------------------------------
After Iteration 5 :
Voter 1: ID 710; Choice (2141.0, 1356.0, 193.0, 1347.0, 2092.0, 191.0) 
Voter 2: ID 190; Choice (1356.0, 2183.0, 192.0, 1889.0, 193.0, 1905.0, 2092.0, 191.0, 1347.0) 
Voter 3: ID 428; Choice (2141.0, 1356.0, 193.0, 1347.0, 2092.0, 191.0) 
Voter 4: ID 495; Choice (2141.0, 1356.0, 193.0, 1347.0, 2092.0, 191.0) 
Voter 5: ID 621; Choice (2141.0, 1356.0, 193.0, 1347.0, 2092.0, 191.0) 
Voter 6: ID 27; Choice (1356.0, 2183.0, 192.0, 1889.0, 193.0, 1905.0, 2092.0, 191.0, 1347.0) 
Voter 7: ID 727; Choice (1356.0, 2183.0, 192.0, 1889.0, 193.0, 1905.0, 2092.0, 191.0, 1347.0) 
Voter 8: ID 674; Choice (2141.0, 1356.0, 193.0, 1347.0, 2092.0, 191.0) 
Voter 9: ID 391; Choice (1356.0, 2183.0, 192.0, 1889.0, 193.0, 1905.0, 2092.0, 191.0, 1347.0) 
Voter 10: ID 135; Choice (2183.0, 433.0, 192.0, 1889.0, 193.0, 1905.0, 191.0) 
Voter 11: ID 475; Choice (1356.0, 2183.0, 192.0, 1889.0, 193.0, 1905.0, 2092.0, 191.0, 1347.0) 
Voter 12: ID 243; Choice (1356.0, 2183.0, 192.0, 1889.0, 193.0, 1905.0, 2092.0, 191.0, 1347.0) 
Voter 13: ID 18; Choice (1356.0, 2183.0, 192.0, 1889.0, 193.0, 1905.0, 2092.0, 191.0, 1347.0) 
Voter 14: ID 520; Choice (2141.0, 1356.0, 193.0, 1347.0, 2092.0, 191.0) 
Voter 15: ID 370; Choice (1356.0, 2183.0, 192.0, 1889.0, 193.0, 1905.0, 2092.0, 191.0, 1347.0) 
Voter 16: ID 656; Choice (2141.0, 1356.0, 193.0, 1347.0, 2092.0, 191.0) 
Voter 17: ID 476; Choice (1356.0, 2183.0, 192.0, 1889.0, 193.0, 1905.0, 2092.0, 191.0) 
Voter 18: ID 288; Choice (1356.0, 2183.0, 192.0, 1889.0, 193.0, 1905.0, 2092.0, 191.0) 
Voter 19: ID 342; Choice (1356.0, 2183.0, 192.0, 1889.0, 193.0, 1905.0, 2092.0, 191.0, 1347.0) 
Voter 20: ID 55; Choice (1356.0, 2183.0, 192.0, 1889.0, 193.0, 1905.0, 2092.0, 191.0, 1347.0) 
Voter 21: ID 701; Choice (1356.0, 2183.0, 192.0, 1889.0, 193.0, 1905.0, 2092.0, 191.0, 1347.0) 
Voter 22: ID 650; Choice (1356.0, 2183.0, 433.0, 192.0, 193.0, 2092.0, 191.0) 
Voter 23: ID 470; Choice (1356.0, 2183.0, 192.0, 1889.0, 193.0, 1905.0, 2092.0, 191.0, 1347.0) 
Voter 24: ID 404; Choice (2141.0, 1356.0, 193.0, 1347.0, 2092.0, 191.0) 
Voter 25: ID 498; Choice (2141.0, 1356.0, 193.0, 1347.0, 2092.0, 191.0) 
Voter 26: ID 159; Choice (1356.0, 2183.0, 192.0, 1889.0, 193.0, 1905.0, 2092.0, 191.0, 1347.0) 
Voter 27: ID 127; Choice (1356.0, 2183.0, 433.0, 1889.0, 193.0, 1347.0, 1905.0, 2121.0, 191.0) 
Voter 28: ID 726; Choice (2141.0, 1356.0, 193.0, 1347.0, 2092.0, 191.0) 
Voter 29: ID 189; Choice (1356.0, 2183.0, 192.0, 1889.0, 193.0, 1905.0, 2092.0, 191.0, 1347.0) 
Voter 30: ID 473; Choice (2141.0, 1356.0, 193.0, 1347.0, 2092.0, 191.0) 
Voter 31: ID 529; Choice (2141.0, 1356.0, 193.0, 1347.0, 2092.0, 191.0) 
Voter 32: ID 686; Choice (1356.0, 2183.0, 192.0, 1889.0, 193.0, 1905.0, 2092.0, 191.0, 1347.0) 
Voter 33: ID 536; Choice (1356.0, 2183.0, 192.0, 1889.0, 193.0, 1905.0, 2092.0, 191.0) 
Voter 34: ID 178; Choice (1356.0, 2183.0, 192.0, 1889.0, 193.0, 1905.0, 2092.0, 191.0, 1347.0) 
Voter 35: ID 22; Choice (1356.0, 2183.0, 192.0, 1889.0, 193.0, 1905.0, 2092.0, 191.0, 1347.0) 
Voter 36: ID 509; Choice (1356.0, 2183.0, 192.0, 1889.0, 193.0, 1905.0, 2092.0, 191.0, 1347.0) 
Voter 37: ID 60; Choice (2141.0, 1356.0, 193.0, 1347.0, 2092.0, 191.0) 
Voter 38: ID 214; Choice (2141.0, 1356.0, 193.0, 1347.0, 2092.0, 191.0) 
Voter 39: ID 506; Choice (2141.0, 1356.0, 193.0, 1347.0, 2092.0, 191.0) 
Voter 40: ID 549; Choice (1356.0, 2183.0, 192.0, 1889.0, 193.0, 1905.0, 2092.0, 191.0, 1347.0) 
Voter 41: ID 239; Choice (1356.0, 2183.0, 192.0, 1889.0, 193.0, 1905.0, 2092.0, 191.0, 1347.0) 
Voter 42: ID 93; Choice (1356.0, 2183.0, 192.0, 1889.0, 193.0, 1905.0, 2092.0, 191.0) 
Voter 43: ID 341; Choice (2141.0, 1356.0, 193.0, 1347.0, 2092.0, 191.0) 
Voter 44: ID 300; Choice (1356.0, 2183.0, 192.0, 1889.0, 193.0, 1905.0, 2092.0, 191.0) 
Voter 45: ID 147; Choice (2141.0, 1356.0, 193.0, 1347.0, 2092.0, 191.0) 
Voter 46: ID 408; Choice (2141.0, 1356.0, 193.0, 1347.0, 2092.0, 191.0) 
Voter 47: ID 59; Choice (1356.0, 2183.0, 192.0, 1889.0, 193.0, 1905.0, 2092.0, 191.0, 1347.0) 
Voter 48: ID 452; Choice (1356.0, 2183.0, 192.0, 1889.0, 193.0, 1905.0, 2092.0, 191.0, 1347.0) 
Voter 49: ID 533; Choice (1356.0, 2183.0, 192.0, 1889.0, 193.0, 1905.0, 2092.0, 191.0, 1347.0) 
Voter 50: ID 507; Choice (2141.0, 1356.0, 193.0, 1347.0, 2092.0, 191.0) 
---------------------------------------------------------------------------
After Iteration 6 :
Voter 1: ID 710; Choice (1356.0, 2183.0, 192.0, 1889.0, 193.0, 1905.0, 2092.0, 191.0, 1347.0) 
Voter 2: ID 190; Choice (1356.0, 2183.0, 192.0, 1889.0, 193.0, 1905.0, 2092.0, 191.0) 
Voter 3: ID 428; Choice (1356.0, 2183.0, 192.0, 1889.0, 193.0, 1905.0, 2092.0, 191.0, 1347.0) 
Voter 4: ID 495; Choice (1356.0, 2183.0, 192.0, 1889.0, 193.0, 1905.0, 2092.0, 191.0) 
Voter 5: ID 621; Choice (1356.0, 2183.0, 192.0, 1889.0, 193.0, 1905.0, 2092.0, 191.0) 
Voter 6: ID 27; Choice (1356.0, 2183.0, 192.0, 1889.0, 193.0, 1905.0, 2092.0, 191.0, 1347.0) 
Voter 7: ID 727; Choice (1356.0, 2183.0, 192.0, 1889.0, 193.0, 1905.0, 2092.0, 191.0, 1347.0) 
Voter 8: ID 674; Choice (1356.0, 2183.0, 192.0, 1889.0, 193.0, 1905.0, 2092.0, 191.0, 1347.0) 
Voter 9: ID 391; Choice (1356.0, 2183.0, 192.0, 1889.0, 193.0, 1905.0, 2092.0, 191.0, 1347.0) 
Voter 10: ID 135; Choice (2183.0, 433.0, 192.0, 1889.0, 193.0, 1905.0, 191.0) 
Voter 11: ID 475; Choice (1356.0, 2183.0, 192.0, 1889.0, 193.0, 1905.0, 2092.0, 191.0, 1347.0) 
Voter 12: ID 243; Choice (1356.0, 2183.0, 192.0, 1889.0, 193.0, 1905.0, 2092.0, 191.0, 1347.0) 
Voter 13: ID 18; Choice (1356.0, 2183.0, 192.0, 1889.0, 193.0, 1905.0, 2092.0, 191.0, 1347.0) 
Voter 14: ID 520; Choice (1356.0, 2183.0, 192.0, 1889.0, 193.0, 1905.0, 2092.0, 191.0, 1347.0) 
Voter 15: ID 370; Choice (1356.0, 2183.0, 192.0, 1889.0, 193.0, 1905.0, 2092.0, 191.0, 1347.0) 
Voter 16: ID 656; Choice (1356.0, 2183.0, 192.0, 1889.0, 193.0, 1905.0, 2092.0, 191.0, 1347.0) 
Voter 17: ID 476; Choice (1356.0, 2183.0, 192.0, 1889.0, 193.0, 1905.0, 2092.0, 191.0) 
Voter 18: ID 288; Choice (1356.0, 2183.0, 192.0, 1889.0, 193.0, 1905.0, 2092.0, 191.0) 
Voter 19: ID 342; Choice (1356.0, 2183.0, 192.0, 1889.0, 193.0, 1905.0, 2092.0, 191.0, 1347.0) 
Voter 20: ID 55; Choice (1356.0, 2183.0, 192.0, 1889.0, 193.0, 1905.0, 2092.0, 191.0, 1347.0) 
Voter 21: ID 701; Choice (1356.0, 2183.0, 192.0, 1889.0, 193.0, 1905.0, 2092.0, 191.0, 1347.0) 
Voter 22: ID 650; Choice (1356.0, 2183.0, 192.0, 1889.0, 193.0, 1905.0, 2092.0, 191.0, 1347.0) 
Voter 23: ID 470; Choice (1356.0, 2183.0, 192.0, 1889.0, 193.0, 1905.0, 2092.0, 191.0) 
Voter 24: ID 404; Choice (1356.0, 2183.0, 192.0, 1889.0, 193.0, 1905.0, 2092.0, 191.0, 1347.0) 
Voter 25: ID 498; Choice (1356.0, 2183.0, 192.0, 1889.0, 193.0, 1905.0, 2092.0, 191.0, 1347.0) 
Voter 26: ID 159; Choice (1356.0, 2183.0, 192.0, 1889.0, 193.0, 1905.0, 2092.0, 191.0, 1347.0) 
Voter 27: ID 127; Choice (1356.0, 2183.0, 192.0, 1889.0, 193.0, 1905.0, 2092.0, 191.0) 
Voter 28: ID 726; Choice (1356.0, 2183.0, 192.0, 1889.0, 193.0, 1905.0, 2092.0, 191.0, 1347.0) 
Voter 29: ID 189; Choice (1356.0, 2183.0, 192.0, 1889.0, 193.0, 1905.0, 2092.0, 191.0) 
Voter 30: ID 473; Choice (1356.0, 2183.0, 192.0, 1889.0, 193.0, 1905.0, 2092.0, 191.0, 1347.0) 
Voter 31: ID 529; Choice (2141.0, 1356.0, 193.0, 1347.0, 2092.0, 191.0) 
Voter 32: ID 686; Choice (1356.0, 2183.0, 192.0, 1889.0, 193.0, 1905.0, 2092.0, 191.0, 1347.0) 
Voter 33: ID 536; Choice (1356.0, 2183.0, 192.0, 1889.0, 193.0, 1905.0, 2092.0, 191.0) 
Voter 34: ID 178; Choice (1356.0, 2183.0, 192.0, 1889.0, 193.0, 1905.0, 2092.0, 191.0, 1347.0) 
Voter 35: ID 22; Choice (1356.0, 2183.0, 192.0, 1889.0, 193.0, 1905.0, 2092.0, 191.0, 1347.0) 
Voter 36: ID 509; Choice (1356.0, 2183.0, 192.0, 1889.0, 193.0, 1905.0, 2092.0, 191.0, 1347.0) 
Voter 37: ID 60; Choice (1356.0, 2183.0, 192.0, 1889.0, 193.0, 1905.0, 2092.0, 191.0, 1347.0) 
Voter 38: ID 214; Choice (1356.0, 2183.0, 192.0, 1889.0, 193.0, 1905.0, 2092.0, 191.0, 1347.0) 
Voter 39: ID 506; Choice (1356.0, 2183.0, 192.0, 1889.0, 193.0, 1905.0, 2092.0, 191.0, 1347.0) 
Voter 40: ID 549; Choice (1356.0, 2183.0, 192.0, 1889.0, 193.0, 1905.0, 2092.0, 191.0, 1347.0) 
Voter 41: ID 239; Choice (1356.0, 2183.0, 192.0, 1889.0, 193.0, 1905.0, 2092.0, 191.0, 1347.0) 
Voter 42: ID 93; Choice (1356.0, 2183.0, 192.0, 1889.0, 193.0, 1905.0, 2092.0, 191.0, 1347.0) 
Voter 43: ID 341; Choice (1356.0, 2183.0, 192.0, 1889.0, 193.0, 1905.0, 2092.0, 191.0, 1347.0) 
Voter 44: ID 300; Choice (1356.0, 2183.0, 192.0, 1889.0, 193.0, 1905.0, 2092.0, 191.0) 
Voter 45: ID 147; Choice (1356.0, 2183.0, 192.0, 1889.0, 193.0, 1905.0, 2092.0, 191.0) 
Voter 46: ID 408; Choice (1356.0, 2183.0, 192.0, 1889.0, 193.0, 1905.0, 2092.0, 191.0, 1347.0) 
Voter 47: ID 59; Choice (1356.0, 2183.0, 192.0, 1889.0, 193.0, 1905.0, 2092.0, 191.0, 1347.0) 
Voter 48: ID 452; Choice (1356.0, 2183.0, 192.0, 1889.0, 193.0, 1905.0, 2092.0, 191.0, 1347.0) 
Voter 49: ID 533; Choice (1356.0, 2183.0, 192.0, 1889.0, 193.0, 1905.0, 2092.0, 191.0, 1347.0) 
Voter 50: ID 507; Choice (1356.0, 2183.0, 192.0, 1889.0, 193.0, 1905.0, 2092.0, 191.0, 1347.0) 
---------------------------------------------------------------------------
After Iteration 7 :
Voter 1: ID 710; Choice (1356.0, 2183.0, 192.0, 1889.0, 193.0, 1905.0, 2092.0, 191.0, 1347.0) 
Voter 2: ID 190; Choice (1356.0, 2183.0, 192.0, 1889.0, 193.0, 1905.0, 2092.0, 191.0, 1347.0) 
Voter 3: ID 428; Choice (1356.0, 2183.0, 192.0, 1889.0, 193.0, 1905.0, 2092.0, 191.0, 1347.0) 
Voter 4: ID 495; Choice (1356.0, 2183.0, 192.0, 1889.0, 193.0, 1905.0, 2092.0, 191.0, 1347.0) 
Voter 5: ID 621; Choice (1356.0, 2183.0, 192.0, 1889.0, 193.0, 1905.0, 2092.0, 191.0, 1347.0) 
Voter 6: ID 27; Choice (1356.0, 2183.0, 192.0, 1889.0, 193.0, 1905.0, 2092.0, 191.0, 1347.0) 
Voter 7: ID 727; Choice (1356.0, 2183.0, 192.0, 1889.0, 193.0, 1905.0, 2092.0, 191.0, 1347.0) 
Voter 8: ID 674; Choice (1356.0, 2183.0, 192.0, 1889.0, 193.0, 1905.0, 2092.0, 191.0, 1347.0) 
Voter 9: ID 391; Choice (1356.0, 2183.0, 192.0, 1889.0, 193.0, 1905.0, 2092.0, 191.0, 1347.0) 
Voter 10: ID 135; Choice (1356.0, 2183.0, 192.0, 1889.0, 193.0, 1905.0, 2092.0, 191.0) 
Voter 11: ID 475; Choice (1356.0, 2183.0, 192.0, 1889.0, 193.0, 1905.0, 2092.0, 191.0, 1347.0) 
Voter 12: ID 243; Choice (1356.0, 2183.0, 192.0, 1889.0, 193.0, 1905.0, 2092.0, 191.0, 1347.0) 
Voter 13: ID 18; Choice (1356.0, 2183.0, 192.0, 1889.0, 193.0, 1905.0, 2092.0, 191.0, 1347.0) 
Voter 14: ID 520; Choice (1356.0, 2183.0, 192.0, 1889.0, 193.0, 1905.0, 2092.0, 191.0, 1347.0) 
Voter 15: ID 370; Choice (1356.0, 2183.0, 192.0, 1889.0, 193.0, 1905.0, 2092.0, 191.0, 1347.0) 
Voter 16: ID 656; Choice (1356.0, 2183.0, 192.0, 1889.0, 193.0, 1905.0, 2092.0, 191.0, 1347.0) 
Voter 17: ID 476; Choice (1356.0, 2183.0, 192.0, 1889.0, 193.0, 1905.0, 2092.0, 191.0, 1347.0) 
Voter 18: ID 288; Choice (1356.0, 2183.0, 192.0, 1889.0, 193.0, 1905.0, 2092.0, 191.0) 
Voter 19: ID 342; Choice (1356.0, 2183.0, 192.0, 1889.0, 193.0, 1905.0, 2092.0, 191.0, 1347.0) 
Voter 20: ID 55; Choice (1356.0, 2183.0, 192.0, 1889.0, 193.0, 1905.0, 2092.0, 191.0, 1347.0) 
Voter 21: ID 701; Choice (1356.0, 2183.0, 192.0, 1889.0, 193.0, 1905.0, 2092.0, 191.0, 1347.0) 
Voter 22: ID 650; Choice (1356.0, 2183.0, 192.0, 1889.0, 193.0, 1905.0, 2092.0, 191.0, 1347.0) 
Voter 23: ID 470; Choice (1356.0, 2183.0, 192.0, 1889.0, 193.0, 1905.0, 2092.0, 191.0, 1347.0) 
Voter 24: ID 404; Choice (1356.0, 2183.0, 192.0, 1889.0, 193.0, 1905.0, 2092.0, 191.0, 1347.0) 
Voter 25: ID 498; Choice (1356.0, 2183.0, 192.0, 1889.0, 193.0, 1905.0, 2092.0, 191.0, 1347.0) 
Voter 26: ID 159; Choice (1356.0, 2183.0, 192.0, 1889.0, 193.0, 1905.0, 2092.0, 191.0, 1347.0) 
Voter 27: ID 127; Choice (1356.0, 2183.0, 192.0, 1889.0, 193.0, 1905.0, 2092.0, 191.0, 1347.0) 
Voter 28: ID 726; Choice (1356.0, 2183.0, 192.0, 1889.0, 193.0, 1905.0, 2092.0, 191.0, 1347.0) 
Voter 29: ID 189; Choice (1356.0, 2183.0, 192.0, 1889.0, 193.0, 1905.0, 2092.0, 191.0, 1347.0) 
Voter 30: ID 473; Choice (1356.0, 2183.0, 192.0, 1889.0, 193.0, 1905.0, 2092.0, 191.0, 1347.0) 
Voter 31: ID 529; Choice (1356.0, 2183.0, 192.0, 1889.0, 193.0, 1905.0, 2092.0, 191.0) 
Voter 32: ID 686; Choice (1356.0, 2183.0, 192.0, 1889.0, 193.0, 1905.0, 2092.0, 191.0, 1347.0) 
Voter 33: ID 536; Choice (1356.0, 2183.0, 192.0, 1889.0, 193.0, 1905.0, 2092.0, 191.0, 1347.0) 
Voter 34: ID 178; Choice (1356.0, 2183.0, 192.0, 1889.0, 193.0, 1905.0, 2092.0, 191.0, 1347.0) 
Voter 35: ID 22; Choice (1356.0, 2183.0, 192.0, 1889.0, 193.0, 1905.0, 2092.0, 191.0, 1347.0) 
Voter 36: ID 509; Choice (1356.0, 2183.0, 192.0, 1889.0, 193.0, 1905.0, 2092.0, 191.0, 1347.0) 
Voter 37: ID 60; Choice (1356.0, 2183.0, 192.0, 1889.0, 193.0, 1905.0, 2092.0, 191.0, 1347.0) 
Voter 38: ID 214; Choice (1356.0, 2183.0, 192.0, 1889.0, 193.0, 1905.0, 2092.0, 191.0, 1347.0) 
Voter 39: ID 506; Choice (1356.0, 2183.0, 192.0, 1889.0, 193.0, 1905.0, 2092.0, 191.0, 1347.0) 
Voter 40: ID 549; Choice (1356.0, 2183.0, 192.0, 1889.0, 193.0, 1905.0, 2092.0, 191.0, 1347.0) 
Voter 41: ID 239; Choice (1356.0, 2183.0, 192.0, 1889.0, 193.0, 1905.0, 2092.0, 191.0, 1347.0) 
Voter 42: ID 93; Choice (1356.0, 2183.0, 192.0, 1889.0, 193.0, 1905.0, 2092.0, 191.0, 1347.0) 
Voter 43: ID 341; Choice (1356.0, 2183.0, 192.0, 1889.0, 193.0, 1905.0, 2092.0, 191.0, 1347.0) 
Voter 44: ID 300; Choice (1356.0, 2183.0, 192.0, 1889.0, 193.0, 1905.0, 2092.0, 191.0) 
Voter 45: ID 147; Choice (1356.0, 2183.0, 192.0, 1889.0, 193.0, 1905.0, 2092.0, 191.0, 1347.0) 
Voter 46: ID 408; Choice (1356.0, 2183.0, 192.0, 1889.0, 193.0, 1905.0, 2092.0, 191.0, 1347.0) 
Voter 47: ID 59; Choice (1356.0, 2183.0, 192.0, 1889.0, 193.0, 1905.0, 2092.0, 191.0, 1347.0) 
Voter 48: ID 452; Choice (1356.0, 2183.0, 192.0, 1889.0, 193.0, 1905.0, 2092.0, 191.0, 1347.0) 
Voter 49: ID 533; Choice (1356.0, 2183.0, 192.0, 1889.0, 193.0, 1905.0, 2092.0, 191.0, 1347.0) 
Voter 50: ID 507; Choice (1356.0, 2183.0, 192.0, 1889.0, 193.0, 1905.0, 2092.0, 191.0, 1347.0) 
---------------------------------------------------------------------------
After Iteration 8 :
Voter 1: ID 710; Choice (1356.0, 2183.0, 192.0, 1889.0, 193.0, 1905.0, 2092.0, 191.0, 1347.0) 
Voter 2: ID 190; Choice (1356.0, 2183.0, 192.0, 1889.0, 193.0, 1905.0, 2092.0, 191.0) 
Voter 3: ID 428; Choice (1356.0, 2183.0, 192.0, 1889.0, 193.0, 1905.0, 2092.0, 191.0, 1347.0) 
Voter 4: ID 495; Choice (1356.0, 2183.0, 192.0, 1889.0, 193.0, 1905.0, 2092.0, 191.0) 
Voter 5: ID 621; Choice (1356.0, 2183.0, 192.0, 1889.0, 193.0, 1905.0, 2092.0, 191.0) 
Voter 6: ID 27; Choice (1356.0, 2183.0, 192.0, 1889.0, 193.0, 1905.0, 2092.0, 191.0, 1347.0) 
Voter 7: ID 727; Choice (1356.0, 2183.0, 192.0, 1889.0, 193.0, 1905.0, 2092.0, 191.0, 1347.0) 
Voter 8: ID 674; Choice (1356.0, 2183.0, 192.0, 1889.0, 193.0, 1905.0, 2092.0, 191.0, 1347.0) 
Voter 9: ID 391; Choice (1356.0, 2183.0, 192.0, 1889.0, 193.0, 1905.0, 2092.0, 191.0, 1347.0) 
Voter 10: ID 135; Choice (1356.0, 2183.0, 192.0, 1889.0, 193.0, 1905.0, 2092.0, 191.0) 
Voter 11: ID 475; Choice (1356.0, 2183.0, 192.0, 1889.0, 193.0, 1905.0, 2092.0, 191.0, 1347.0) 
Voter 12: ID 243; Choice (1356.0, 2183.0, 192.0, 1889.0, 193.0, 1905.0, 2092.0, 191.0, 1347.0) 
Voter 13: ID 18; Choice (1356.0, 2183.0, 192.0, 1889.0, 193.0, 1905.0, 2092.0, 191.0, 1347.0) 
Voter 14: ID 520; Choice (1356.0, 2183.0, 192.0, 1889.0, 193.0, 1905.0, 2092.0, 191.0, 1347.0) 
Voter 15: ID 370; Choice (1356.0, 2183.0, 192.0, 1889.0, 193.0, 1905.0, 2092.0, 191.0, 1347.0) 
Voter 16: ID 656; Choice (1356.0, 2183.0, 192.0, 1889.0, 193.0, 1905.0, 2092.0, 191.0, 1347.0) 
Voter 17: ID 476; Choice (1356.0, 2183.0, 192.0, 1889.0, 193.0, 1905.0, 2092.0, 191.0, 1347.0) 
Voter 18: ID 288; Choice (1356.0, 2183.0, 192.0, 1889.0, 193.0, 1905.0, 2092.0, 191.0) 
Voter 19: ID 342; Choice (1356.0, 2183.0, 192.0, 1889.0, 193.0, 1905.0, 2092.0, 191.0, 1347.0) 
Voter 20: ID 55; Choice (1356.0, 2183.0, 192.0, 1889.0, 193.0, 1905.0, 2092.0, 191.0, 1347.0) 
Voter 21: ID 701; Choice (1356.0, 2183.0, 192.0, 1889.0, 193.0, 1905.0, 2092.0, 191.0, 1347.0) 
Voter 22: ID 650; Choice (1356.0, 2183.0, 192.0, 1889.0, 193.0, 1905.0, 2092.0, 191.0, 1347.0) 
Voter 23: ID 470; Choice (1356.0, 2183.0, 192.0, 1889.0, 193.0, 1905.0, 2092.0, 191.0) 
Voter 24: ID 404; Choice (1356.0, 2183.0, 192.0, 1889.0, 193.0, 1905.0, 2092.0, 191.0, 1347.0) 
Voter 25: ID 498; Choice (1356.0, 2183.0, 192.0, 1889.0, 193.0, 1905.0, 2092.0, 191.0, 1347.0) 
Voter 26: ID 159; Choice (1356.0, 2183.0, 192.0, 1889.0, 193.0, 1905.0, 2092.0, 191.0, 1347.0) 
Voter 27: ID 127; Choice (1356.0, 2183.0, 192.0, 1889.0, 193.0, 1905.0, 2092.0, 191.0, 1347.0) 
Voter 28: ID 726; Choice (1356.0, 2183.0, 192.0, 1889.0, 193.0, 1905.0, 2092.0, 191.0, 1347.0) 
Voter 29: ID 189; Choice (1356.0, 2183.0, 192.0, 1889.0, 193.0, 1905.0, 2092.0, 191.0, 1347.0) 
Voter 30: ID 473; Choice (1356.0, 2183.0, 192.0, 1889.0, 193.0, 1905.0, 2092.0, 191.0, 1347.0) 
Voter 31: ID 529; Choice (1356.0, 2183.0, 192.0, 1889.0, 193.0, 1905.0, 2092.0, 191.0) 
Voter 32: ID 686; Choice (1356.0, 2183.0, 192.0, 1889.0, 193.0, 1905.0, 2092.0, 191.0, 1347.0) 
Voter 33: ID 536; Choice (1356.0, 2183.0, 192.0, 1889.0, 193.0, 1905.0, 2092.0, 191.0, 1347.0) 
Voter 34: ID 178; Choice (1356.0, 2183.0, 192.0, 1889.0, 193.0, 1905.0, 2092.0, 191.0, 1347.0) 
Voter 35: ID 22; Choice (1356.0, 2183.0, 192.0, 1889.0, 193.0, 1905.0, 2092.0, 191.0, 1347.0) 
Voter 36: ID 509; Choice (1356.0, 2183.0, 192.0, 1889.0, 193.0, 1905.0, 2092.0, 191.0, 1347.0) 
Voter 37: ID 60; Choice (1356.0, 2183.0, 192.0, 1889.0, 193.0, 1905.0, 2092.0, 191.0, 1347.0) 
Voter 38: ID 214; Choice (1356.0, 2183.0, 192.0, 1889.0, 193.0, 1905.0, 2092.0, 191.0, 1347.0) 
Voter 39: ID 506; Choice (1356.0, 2183.0, 192.0, 1889.0, 193.0, 1905.0, 2092.0, 191.0, 1347.0) 
Voter 40: ID 549; Choice (1356.0, 2183.0, 192.0, 1889.0, 193.0, 1905.0, 2092.0, 191.0, 1347.0) 
Voter 41: ID 239; Choice (1356.0, 2183.0, 192.0, 1889.0, 193.0, 1905.0, 2092.0, 191.0, 1347.0) 
Voter 42: ID 93; Choice (1356.0, 2183.0, 192.0, 1889.0, 193.0, 1905.0, 2092.0, 191.0, 1347.0) 
Voter 43: ID 341; Choice (1356.0, 2183.0, 192.0, 1889.0, 193.0, 1905.0, 2092.0, 191.0, 1347.0) 
Voter 44: ID 300; Choice (2141.0, 1356.0, 193.0, 1347.0, 2092.0, 191.0) 
Voter 45: ID 147; Choice (1356.0, 2183.0, 192.0, 1889.0, 193.0, 1905.0, 2092.0, 191.0, 1347.0) 
Voter 46: ID 408; Choice (1356.0, 2183.0, 192.0, 1889.0, 193.0, 1905.0, 2092.0, 191.0, 1347.0) 
Voter 47: ID 59; Choice (1356.0, 2183.0, 192.0, 1889.0, 193.0, 1905.0, 2092.0, 191.0, 1347.0) 
Voter 48: ID 452; Choice (1356.0, 2183.0, 192.0, 1889.0, 193.0, 1905.0, 2092.0, 191.0, 1347.0) 
Voter 49: ID 533; Choice (1356.0, 2183.0, 192.0, 1889.0, 193.0, 1905.0, 2092.0, 191.0, 1347.0) 
Voter 50: ID 507; Choice (1356.0, 2183.0, 192.0, 1889.0, 193.0, 1905.0, 2092.0, 191.0, 1347.0) 
---------------------------------------------------------------------------
After Iteration 9 :
Voter 1: ID 710; Choice (1356.0, 2183.0, 192.0, 1889.0, 193.0, 1905.0, 2092.0, 191.0, 1347.0) 
Voter 2: ID 190; Choice (1356.0, 2183.0, 192.0, 1889.0, 193.0, 1905.0, 2092.0, 191.0, 1347.0) 
Voter 3: ID 428; Choice (1356.0, 2183.0, 192.0, 1889.0, 193.0, 1905.0, 2092.0, 191.0, 1347.0) 
Voter 4: ID 495; Choice (1356.0, 2183.0, 192.0, 1889.0, 193.0, 1905.0, 2092.0, 191.0, 1347.0) 
Voter 5: ID 621; Choice (1356.0, 2183.0, 192.0, 1889.0, 193.0, 1905.0, 2092.0, 191.0, 1347.0) 
Voter 6: ID 27; Choice (1356.0, 2183.0, 192.0, 1889.0, 193.0, 1905.0, 2092.0, 191.0, 1347.0) 
Voter 7: ID 727; Choice (1356.0, 2183.0, 192.0, 1889.0, 193.0, 1905.0, 2092.0, 191.0, 1347.0) 
Voter 8: ID 674; Choice (1356.0, 2183.0, 192.0, 1889.0, 193.0, 1905.0, 2092.0, 191.0, 1347.0) 
Voter 9: ID 391; Choice (1356.0, 2183.0, 192.0, 1889.0, 193.0, 1905.0, 2092.0, 191.0, 1347.0) 
Voter 10: ID 135; Choice (1356.0, 2183.0, 192.0, 1889.0, 193.0, 1905.0, 2092.0, 191.0) 
Voter 11: ID 475; Choice (1356.0, 2183.0, 192.0, 1889.0, 193.0, 1905.0, 2092.0, 191.0, 1347.0) 
Voter 12: ID 243; Choice (1356.0, 2183.0, 192.0, 1889.0, 193.0, 1905.0, 2092.0, 191.0, 1347.0) 
Voter 13: ID 18; Choice (1356.0, 2183.0, 192.0, 1889.0, 193.0, 1905.0, 2092.0, 191.0, 1347.0) 
Voter 14: ID 520; Choice (1356.0, 2183.0, 192.0, 1889.0, 193.0, 1905.0, 2092.0, 191.0, 1347.0) 
Voter 15: ID 370; Choice (1356.0, 2183.0, 192.0, 1889.0, 193.0, 1905.0, 2092.0, 191.0, 1347.0) 
Voter 16: ID 656; Choice (1356.0, 2183.0, 192.0, 1889.0, 193.0, 1905.0, 2092.0, 191.0, 1347.0) 
Voter 17: ID 476; Choice (1356.0, 2183.0, 192.0, 1889.0, 193.0, 1905.0, 2092.0, 191.0, 1347.0) 
Voter 18: ID 288; Choice (1356.0, 2183.0, 192.0, 1889.0, 193.0, 1905.0, 2092.0, 191.0, 1347.0) 
Voter 19: ID 342; Choice (1356.0, 2183.0, 192.0, 1889.0, 193.0, 1905.0, 2092.0, 191.0, 1347.0) 
Voter 20: ID 55; Choice (1356.0, 2183.0, 192.0, 1889.0, 193.0, 1905.0, 2092.0, 191.0, 1347.0) 
Voter 21: ID 701; Choice (1356.0, 2183.0, 192.0, 1889.0, 193.0, 1905.0, 2092.0, 191.0, 1347.0) 
Voter 22: ID 650; Choice (1356.0, 2183.0, 192.0, 1889.0, 193.0, 1905.0, 2092.0, 191.0, 1347.0) 
Voter 23: ID 470; Choice (1356.0, 2183.0, 192.0, 1889.0, 193.0, 1905.0, 2092.0, 191.0, 1347.0) 
Voter 24: ID 404; Choice (1356.0, 2183.0, 192.0, 1889.0, 193.0, 1905.0, 2092.0, 191.0, 1347.0) 
Voter 25: ID 498; Choice (1356.0, 2183.0, 192.0, 1889.0, 193.0, 1905.0, 2092.0, 191.0, 1347.0) 
Voter 26: ID 159; Choice (1356.0, 2183.0, 192.0, 1889.0, 193.0, 1905.0, 2092.0, 191.0, 1347.0) 
Voter 27: ID 127; Choice (1356.0, 2183.0, 192.0, 1889.0, 193.0, 1905.0, 2092.0, 191.0, 1347.0) 
Voter 28: ID 726; Choice (1356.0, 2183.0, 192.0, 1889.0, 193.0, 1905.0, 2092.0, 191.0, 1347.0) 
Voter 29: ID 189; Choice (1356.0, 2183.0, 192.0, 1889.0, 193.0, 1905.0, 2092.0, 191.0, 1347.0) 
Voter 30: ID 473; Choice (1356.0, 2183.0, 192.0, 1889.0, 193.0, 1905.0, 2092.0, 191.0, 1347.0) 
Voter 31: ID 529; Choice (1356.0, 2183.0, 192.0, 1889.0, 193.0, 1905.0, 2092.0, 191.0, 1347.0) 
Voter 32: ID 686; Choice (1356.0, 2183.0, 192.0, 1889.0, 193.0, 1905.0, 2092.0, 191.0, 1347.0) 
Voter 33: ID 536; Choice (1356.0, 2183.0, 192.0, 1889.0, 193.0, 1905.0, 2092.0, 191.0, 1347.0) 
Voter 34: ID 178; Choice (1356.0, 2183.0, 192.0, 1889.0, 193.0, 1905.0, 2092.0, 191.0, 1347.0) 
Voter 35: ID 22; Choice (1356.0, 2183.0, 192.0, 1889.0, 193.0, 1905.0, 2092.0, 191.0, 1347.0) 
Voter 36: ID 509; Choice (1356.0, 2183.0, 192.0, 1889.0, 193.0, 1905.0, 2092.0, 191.0, 1347.0) 
Voter 37: ID 60; Choice (1356.0, 2183.0, 192.0, 1889.0, 193.0, 1905.0, 2092.0, 191.0, 1347.0) 
Voter 38: ID 214; Choice (1356.0, 2183.0, 192.0, 1889.0, 193.0, 1905.0, 2092.0, 191.0, 1347.0) 
Voter 39: ID 506; Choice (1356.0, 2183.0, 192.0, 1889.0, 193.0, 1905.0, 2092.0, 191.0, 1347.0) 
Voter 40: ID 549; Choice (1356.0, 2183.0, 192.0, 1889.0, 193.0, 1905.0, 2092.0, 191.0, 1347.0) 
Voter 41: ID 239; Choice (1356.0, 2183.0, 192.0, 1889.0, 193.0, 1905.0, 2092.0, 191.0, 1347.0) 
Voter 42: ID 93; Choice (1356.0, 2183.0, 192.0, 1889.0, 193.0, 1905.0, 2092.0, 191.0, 1347.0) 
Voter 43: ID 341; Choice (1356.0, 2183.0, 192.0, 1889.0, 193.0, 1905.0, 2092.0, 191.0, 1347.0) 
Voter 44: ID 300; Choice (2141.0, 1356.0, 193.0, 1347.0, 2092.0, 191.0) 
Voter 45: ID 147; Choice (1356.0, 2183.0, 192.0, 1889.0, 193.0, 1905.0, 2092.0, 191.0, 1347.0) 
Voter 46: ID 408; Choice (1356.0, 2183.0, 192.0, 1889.0, 193.0, 1905.0, 2092.0, 191.0, 1347.0) 
Voter 47: ID 59; Choice (1356.0, 2183.0, 192.0, 1889.0, 193.0, 1905.0, 2092.0, 191.0, 1347.0) 
Voter 48: ID 452; Choice (1356.0, 2183.0, 192.0, 1889.0, 193.0, 1905.0, 2092.0, 191.0, 1347.0) 
Voter 49: ID 533; Choice (1356.0, 2183.0, 192.0, 1889.0, 193.0, 1905.0, 2092.0, 191.0, 1347.0) 
Voter 50: ID 507; Choice (1356.0, 2183.0, 192.0, 1889.0, 193.0, 1905.0, 2092.0, 191.0, 1347.0) 
---------------------------------------------------------------------------
After Iteration 10 :
Voter 1: ID 710; Choice (1356.0, 2183.0, 192.0, 1889.0, 193.0, 1905.0, 2092.0, 191.0, 1347.0) 
Voter 2: ID 190; Choice (1356.0, 2183.0, 192.0, 1889.0, 193.0, 1905.0, 2092.0, 191.0, 1347.0) 
Voter 3: ID 428; Choice (1356.0, 2183.0, 192.0, 1889.0, 193.0, 1905.0, 2092.0, 191.0, 1347.0) 
Voter 4: ID 495; Choice (1356.0, 2183.0, 192.0, 1889.0, 193.0, 1905.0, 2092.0, 191.0, 1347.0) 
Voter 5: ID 621; Choice (1356.0, 2183.0, 192.0, 1889.0, 193.0, 1905.0, 2092.0, 191.0, 1347.0) 
Voter 6: ID 27; Choice (1356.0, 2183.0, 192.0, 1889.0, 193.0, 1905.0, 2092.0, 191.0, 1347.0) 
Voter 7: ID 727; Choice (1356.0, 2183.0, 192.0, 1889.0, 193.0, 1905.0, 2092.0, 191.0, 1347.0) 
Voter 8: ID 674; Choice (1356.0, 2183.0, 192.0, 1889.0, 193.0, 1905.0, 2092.0, 191.0, 1347.0) 
Voter 9: ID 391; Choice (1356.0, 2183.0, 192.0, 1889.0, 193.0, 1905.0, 2092.0, 191.0, 1347.0) 
Voter 10: ID 135; Choice (1356.0, 2183.0, 192.0, 1889.0, 193.0, 1905.0, 2092.0, 191.0, 1347.0) 
Voter 11: ID 475; Choice (1356.0, 2183.0, 192.0, 1889.0, 193.0, 1905.0, 2092.0, 191.0, 1347.0) 
Voter 12: ID 243; Choice (1356.0, 2183.0, 192.0, 1889.0, 193.0, 1905.0, 2092.0, 191.0, 1347.0) 
Voter 13: ID 18; Choice (1356.0, 2183.0, 192.0, 1889.0, 193.0, 1905.0, 2092.0, 191.0, 1347.0) 
Voter 14: ID 520; Choice (1356.0, 2183.0, 192.0, 1889.0, 193.0, 1905.0, 2092.0, 191.0, 1347.0) 
Voter 15: ID 370; Choice (1356.0, 2183.0, 192.0, 1889.0, 193.0, 1905.0, 2092.0, 191.0, 1347.0) 
Voter 16: ID 656; Choice (1356.0, 2183.0, 192.0, 1889.0, 193.0, 1905.0, 2092.0, 191.0, 1347.0) 
Voter 17: ID 476; Choice (1356.0, 2183.0, 192.0, 1889.0, 193.0, 1905.0, 2092.0, 191.0, 1347.0) 
Voter 18: ID 288; Choice (1356.0, 2183.0, 192.0, 1889.0, 193.0, 1905.0, 2092.0, 191.0, 1347.0) 
Voter 19: ID 342; Choice (1356.0, 2183.0, 192.0, 1889.0, 193.0, 1905.0, 2092.0, 191.0, 1347.0) 
Voter 20: ID 55; Choice (1356.0, 2183.0, 192.0, 1889.0, 193.0, 1905.0, 2092.0, 191.0, 1347.0) 
Voter 21: ID 701; Choice (1356.0, 2183.0, 192.0, 1889.0, 193.0, 1905.0, 2092.0, 191.0, 1347.0) 
Voter 22: ID 650; Choice (1356.0, 2183.0, 192.0, 1889.0, 193.0, 1905.0, 2092.0, 191.0, 1347.0) 
Voter 23: ID 470; Choice (1356.0, 2183.0, 192.0, 1889.0, 193.0, 1905.0, 2092.0, 191.0, 1347.0) 
Voter 24: ID 404; Choice (1356.0, 2183.0, 192.0, 1889.0, 193.0, 1905.0, 2092.0, 191.0, 1347.0) 
Voter 25: ID 498; Choice (1356.0, 2183.0, 192.0, 1889.0, 193.0, 1905.0, 2092.0, 191.0, 1347.0) 
Voter 26: ID 159; Choice (1356.0, 2183.0, 192.0, 1889.0, 193.0, 1905.0, 2092.0, 191.0, 1347.0) 
Voter 27: ID 127; Choice (1356.0, 2183.0, 192.0, 1889.0, 193.0, 1905.0, 2092.0, 191.0, 1347.0) 
Voter 28: ID 726; Choice (1356.0, 2183.0, 192.0, 1889.0, 193.0, 1905.0, 2092.0, 191.0, 1347.0) 
Voter 29: ID 189; Choice (1356.0, 2183.0, 192.0, 1889.0, 193.0, 1905.0, 2092.0, 191.0, 1347.0) 
Voter 30: ID 473; Choice (1356.0, 2183.0, 192.0, 1889.0, 193.0, 1905.0, 2092.0, 191.0, 1347.0) 
Voter 31: ID 529; Choice (1356.0, 2183.0, 192.0, 1889.0, 193.0, 1905.0, 2092.0, 191.0, 1347.0) 
Voter 32: ID 686; Choice (1356.0, 2183.0, 192.0, 1889.0, 193.0, 1905.0, 2092.0, 191.0, 1347.0) 
Voter 33: ID 536; Choice (1356.0, 2183.0, 192.0, 1889.0, 193.0, 1905.0, 2092.0, 191.0, 1347.0) 
Voter 34: ID 178; Choice (1356.0, 2183.0, 192.0, 1889.0, 193.0, 1905.0, 2092.0, 191.0, 1347.0) 
Voter 35: ID 22; Choice (1356.0, 2183.0, 192.0, 1889.0, 193.0, 1905.0, 2092.0, 191.0, 1347.0) 
Voter 36: ID 509; Choice (1356.0, 2183.0, 192.0, 1889.0, 193.0, 1905.0, 2092.0, 191.0, 1347.0) 
Voter 37: ID 60; Choice (1356.0, 2183.0, 192.0, 1889.0, 193.0, 1905.0, 2092.0, 191.0, 1347.0) 
Voter 38: ID 214; Choice (1356.0, 2183.0, 192.0, 1889.0, 193.0, 1905.0, 2092.0, 191.0, 1347.0) 
Voter 39: ID 506; Choice (1356.0, 2183.0, 192.0, 1889.0, 193.0, 1905.0, 2092.0, 191.0, 1347.0) 
Voter 40: ID 549; Choice (1356.0, 2183.0, 192.0, 1889.0, 193.0, 1905.0, 2092.0, 191.0, 1347.0) 
Voter 41: ID 239; Choice (1356.0, 2183.0, 192.0, 1889.0, 193.0, 1905.0, 2092.0, 191.0, 1347.0) 
Voter 42: ID 93; Choice (1356.0, 2183.0, 192.0, 1889.0, 193.0, 1905.0, 2092.0, 191.0, 1347.0) 
Voter 43: ID 341; Choice (1356.0, 2183.0, 192.0, 1889.0, 193.0, 1905.0, 2092.0, 191.0, 1347.0) 
Voter 44: ID 300; Choice (1356.0, 2183.0, 192.0, 1889.0, 193.0, 1905.0, 2092.0, 191.0, 1347.0) 
Voter 45: ID 147; Choice (1356.0, 2183.0, 192.0, 1889.0, 193.0, 1905.0, 2092.0, 191.0, 1347.0) 
Voter 46: ID 408; Choice (1356.0, 2183.0, 192.0, 1889.0, 193.0, 1905.0, 2092.0, 191.0, 1347.0) 
Voter 47: ID 59; Choice (1356.0, 2183.0, 192.0, 1889.0, 193.0, 1905.0, 2092.0, 191.0, 1347.0) 
Voter 48: ID 452; Choice (1356.0, 2183.0, 192.0, 1889.0, 193.0, 1905.0, 2092.0, 191.0, 1347.0) 
Voter 49: ID 533; Choice (1356.0, 2183.0, 192.0, 1889.0, 193.0, 1905.0, 2092.0, 191.0, 1347.0) 
Voter 50: ID 507; Choice (1356.0, 2183.0, 192.0, 1889.0, 193.0, 1905.0, 2092.0, 191.0, 1347.0) 
---------------------------------------------------------------------------
Concensus reached after 10 iterations.
Max degree: 20 Number of valid combinations: 35 Using random find.
There are 1 opinions after all iterations.
(1356.0, 2183.0, 192.0, 1889.0, 193.0, 1905.0, 2092.0, 191.0, 1347.0) count: 50
