    project id    reward
0       1211.0 -0.444988
1       2141.0 -0.057202
2       1356.0  0.331482
3       2183.0  0.343395
4        433.0 -0.263659
5        192.0  0.232709
6       1889.0  0.302624
7        193.0  0.251523
8       1347.0  0.192139
9       1905.0  0.121838
10      2092.0  0.245409
11      2121.0 -0.136063
12       191.0  0.215283
Valid Combinations are:
(1356.0, 2183.0, 192.0, 1889.0, 193.0, 1905.0, 2092.0, 191.0, 1347.0)
(1356.0, 2183.0, 192.0, 1889.0, 193.0, 1905.0, 2092.0, 191.0)
(1211.0, 2141.0, 1356.0, 2183.0, 192.0, 193.0)
(2141.0, 2183.0, 1889.0, 193.0, 1347.0, 1905.0, 2092.0, 191.0)
(2141.0, 192.0, 1889.0, 193.0, 1347.0, 1905.0, 2092.0, 191.0)
(1356.0, 2183.0, 433.0, 192.0, 1889.0, 1347.0, 1905.0, 2092.0)
(1356.0, 2183.0, 433.0, 192.0, 1889.0, 1347.0, 1905.0, 2121.0)
(2183.0, 433.0, 192.0, 1889.0, 193.0, 1905.0, 2092.0, 2121.0)
(2141.0, 1356.0, 2183.0, 433.0, 1889.0, 193.0, 1905.0)
(2141.0, 1356.0, 2183.0, 193.0, 1905.0, 2092.0, 191.0)
(2141.0, 1356.0, 433.0, 1889.0, 193.0, 2092.0, 2121.0)
(2141.0, 433.0, 192.0, 1347.0, 1905.0, 2092.0, 2121.0)
(2141.0, 1889.0, 193.0, 1347.0, 2092.0, 2121.0, 191.0)
(1356.0, 2183.0, 192.0, 1889.0, 193.0, 2121.0, 191.0)
(1356.0, 2183.0, 192.0, 193.0, 1905.0, 2121.0, 191.0)
(2183.0, 433.0, 193.0, 1905.0, 2092.0, 2121.0, 191.0)
(1211.0, 2141.0, 2183.0, 192.0, 1905.0, 2092.0)
(1211.0, 2141.0, 192.0, 193.0, 1905.0, 191.0)
(1211.0, 1356.0, 2183.0, 1889.0, 1347.0, 2092.0)
(1211.0, 1356.0, 192.0, 193.0, 1347.0, 1905.0)
(2141.0, 1356.0, 2183.0, 1889.0, 193.0, 1347.0)
(2141.0, 1356.0, 433.0, 192.0, 1347.0, 1905.0)
(2141.0, 1356.0, 192.0, 1347.0, 1905.0, 191.0)
(2141.0, 2183.0, 1889.0, 1905.0, 2092.0, 2121.0)
(2141.0, 2183.0, 193.0, 1347.0, 1905.0, 2121.0)
(1356.0, 433.0, 192.0, 1905.0, 2092.0, 2121.0)
(1356.0, 433.0, 1347.0, 2092.0, 2121.0, 191.0)
(433.0, 192.0, 1889.0, 193.0, 1347.0, 2092.0)
(433.0, 192.0, 1889.0, 1347.0, 1905.0, 191.0)
(433.0, 1889.0, 193.0, 1347.0, 1905.0, 2121.0)
Initial Choices:
---------------------------------------------------------------------------
Voter 1: ID 352; Choice (2183.0, 433.0, 193.0, 1905.0, 2092.0, 2121.0, 191.0) 
Voter 2: ID 716; Choice (2141.0, 2183.0, 193.0, 1347.0, 1905.0, 2121.0) 
Voter 3: ID 85; Choice (1356.0, 2183.0, 192.0, 1889.0, 193.0, 1905.0, 2092.0, 191.0) 
Voter 4: ID 395; Choice (2141.0, 1356.0, 2183.0, 1889.0, 193.0, 1347.0) 
Voter 5: ID 140; Choice (1211.0, 2141.0, 2183.0, 192.0, 1905.0, 2092.0) 
Voter 6: ID 100; Choice (1356.0, 2183.0, 433.0, 192.0, 1889.0, 1347.0, 1905.0, 2092.0) 
Voter 7: ID 51; Choice (1211.0, 2141.0, 2183.0, 192.0, 1905.0, 2092.0) 
Voter 8: ID 296; Choice (433.0, 192.0, 1889.0, 1347.0, 1905.0, 191.0) 
Voter 9: ID 27; Choice (2141.0, 2183.0, 193.0, 1347.0, 1905.0, 2121.0) 
Voter 10: ID 108; Choice (433.0, 192.0, 1889.0, 1347.0, 1905.0, 191.0) 
Voter 11: ID 468; Choice (1356.0, 2183.0, 192.0, 1889.0, 193.0, 2121.0, 191.0) 
Voter 12: ID 512; Choice (433.0, 192.0, 1889.0, 193.0, 1347.0, 2092.0) 
Voter 13: ID 598; Choice (2141.0, 2183.0, 193.0, 1347.0, 1905.0, 2121.0) 
Voter 14: ID 130; Choice (2141.0, 2183.0, 193.0, 1347.0, 1905.0, 2121.0) 
Voter 15: ID 77; Choice (1211.0, 2141.0, 1356.0, 2183.0, 192.0, 193.0) 
Voter 16: ID 129; Choice (2141.0, 433.0, 192.0, 1347.0, 1905.0, 2092.0, 2121.0) 
Voter 17: ID 416; Choice (1356.0, 2183.0, 192.0, 1889.0, 193.0, 1905.0, 2092.0, 191.0) 
Voter 18: ID 216; Choice (2141.0, 2183.0, 193.0, 1347.0, 1905.0, 2121.0) 
Voter 19: ID 522; Choice (2141.0, 1889.0, 193.0, 1347.0, 2092.0, 2121.0, 191.0) 
Voter 20: ID 127; Choice (1211.0, 2141.0, 2183.0, 192.0, 1905.0, 2092.0) 
Voter 21: ID 299; Choice (1356.0, 2183.0, 433.0, 192.0, 1889.0, 1347.0, 1905.0, 2092.0) 
Voter 22: ID 606; Choice (2141.0, 1356.0, 2183.0, 1889.0, 193.0, 1347.0) 
Voter 23: ID 495; Choice (2141.0, 2183.0, 1889.0, 193.0, 1347.0, 1905.0, 2092.0, 191.0) 
Voter 24: ID 404; Choice (2141.0, 1889.0, 193.0, 1347.0, 2092.0, 2121.0, 191.0) 
Voter 25: ID 223; Choice (2141.0, 2183.0, 1889.0, 1905.0, 2092.0, 2121.0) 
Voter 26: ID 249; Choice (1356.0, 2183.0, 192.0, 1889.0, 193.0, 1905.0, 2092.0, 191.0, 1347.0) 
Voter 27: ID 21; Choice (2141.0, 1356.0, 433.0, 1889.0, 193.0, 2092.0, 2121.0) 
Voter 28: ID 67; Choice (1211.0, 1356.0, 2183.0, 1889.0, 1347.0, 2092.0) 
Voter 29: ID 238; Choice (2141.0, 2183.0, 1889.0, 1905.0, 2092.0, 2121.0) 
Voter 30: ID 594; Choice (2141.0, 1356.0, 2183.0, 1889.0, 193.0, 1347.0) 
Voter 31: ID 320; Choice (1356.0, 2183.0, 192.0, 193.0, 1905.0, 2121.0, 191.0) 
Voter 32: ID 435; Choice (1356.0, 433.0, 192.0, 1905.0, 2092.0, 2121.0) 
Voter 33: ID 687; Choice (433.0, 192.0, 1889.0, 193.0, 1347.0, 2092.0) 
Voter 34: ID 41; Choice (2141.0, 192.0, 1889.0, 193.0, 1347.0, 1905.0, 2092.0, 191.0) 
Voter 35: ID 15; Choice (1356.0, 2183.0, 192.0, 193.0, 1905.0, 2121.0, 191.0) 
Voter 36: ID 571; Choice (1356.0, 2183.0, 192.0, 1889.0, 193.0, 2121.0, 191.0) 
Voter 37: ID 22; Choice (2141.0, 2183.0, 193.0, 1347.0, 1905.0, 2121.0) 
Voter 38: ID 374; Choice (1356.0, 2183.0, 192.0, 193.0, 1905.0, 2121.0, 191.0) 
Voter 39: ID 605; Choice (433.0, 192.0, 1889.0, 1347.0, 1905.0, 191.0) 
Voter 40: ID 450; Choice (1356.0, 2183.0, 433.0, 192.0, 1889.0, 1347.0, 1905.0, 2121.0) 
Voter 41: ID 726; Choice (433.0, 192.0, 1889.0, 1347.0, 1905.0, 191.0) 
Voter 42: ID 254; Choice (1356.0, 2183.0, 433.0, 192.0, 1889.0, 1347.0, 1905.0, 2092.0) 
Voter 43: ID 736; Choice (2141.0, 1356.0, 433.0, 1889.0, 193.0, 2092.0, 2121.0) 
Voter 44: ID 317; Choice (1356.0, 433.0, 192.0, 1905.0, 2092.0, 2121.0) 
Voter 45: ID 185; Choice (1211.0, 1356.0, 192.0, 193.0, 1347.0, 1905.0) 
Voter 46: ID 341; Choice (1356.0, 2183.0, 192.0, 193.0, 1905.0, 2121.0, 191.0) 
Voter 47: ID 214; Choice (1356.0, 2183.0, 192.0, 193.0, 1905.0, 2121.0, 191.0) 
Voter 48: ID 725; Choice (2141.0, 433.0, 192.0, 1347.0, 1905.0, 2092.0, 2121.0) 
Voter 49: ID 276; Choice (2183.0, 433.0, 192.0, 1889.0, 193.0, 1905.0, 2092.0, 2121.0) 
Voter 50: ID 615; Choice (2141.0, 1356.0, 2183.0, 193.0, 1905.0, 2092.0, 191.0) 
---------------------------------------------------------------------------
After Iteration 1 :
Voter 1: ID 352; Choice (2141.0, 433.0, 192.0, 1347.0, 1905.0, 2092.0, 2121.0) 
Voter 2: ID 716; Choice (2141.0, 433.0, 192.0, 1347.0, 1905.0, 2092.0, 2121.0) 
Voter 3: ID 85; Choice (1211.0, 1356.0, 192.0, 193.0, 1347.0, 1905.0) 
Voter 4: ID 395; Choice (2141.0, 1356.0, 433.0, 192.0, 1347.0, 1905.0) 
Voter 5: ID 140; Choice (433.0, 1889.0, 193.0, 1347.0, 1905.0, 2121.0) 
Voter 6: ID 100; Choice (2141.0, 1356.0, 433.0, 1889.0, 193.0, 2092.0, 2121.0) 
Voter 7: ID 51; Choice (2183.0, 433.0, 193.0, 1905.0, 2092.0, 2121.0, 191.0) 
Voter 8: ID 296; Choice (433.0, 192.0, 1889.0, 1347.0, 1905.0, 191.0) 
Voter 9: ID 27; Choice (1211.0, 1356.0, 192.0, 193.0, 1347.0, 1905.0) 
Voter 10: ID 108; Choice (2141.0, 1356.0, 433.0, 1889.0, 193.0, 2092.0, 2121.0) 
Voter 11: ID 468; Choice (1356.0, 2183.0, 192.0, 193.0, 1905.0, 2121.0, 191.0) 
Voter 12: ID 512; Choice (2141.0, 1356.0, 2183.0, 193.0, 1905.0, 2092.0, 191.0) 
Voter 13: ID 598; Choice (1211.0, 2141.0, 192.0, 193.0, 1905.0, 191.0) 
Voter 14: ID 130; Choice (1211.0, 1356.0, 2183.0, 1889.0, 1347.0, 2092.0) 
Voter 15: ID 77; Choice (1211.0, 2141.0, 2183.0, 192.0, 1905.0, 2092.0) 
Voter 16: ID 129; Choice (2141.0, 433.0, 192.0, 1347.0, 1905.0, 2092.0, 2121.0) 
Voter 17: ID 416; Choice (1211.0, 1356.0, 192.0, 193.0, 1347.0, 1905.0) 
Voter 18: ID 216; Choice (2141.0, 433.0, 192.0, 1347.0, 1905.0, 2092.0, 2121.0) 
Voter 19: ID 522; Choice (1356.0, 2183.0, 192.0, 1889.0, 193.0, 1905.0, 2092.0, 191.0, 1347.0) 
Voter 20: ID 127; Choice (1211.0, 1356.0, 192.0, 193.0, 1347.0, 1905.0) 
Voter 21: ID 299; Choice (2141.0, 1356.0, 2183.0, 1889.0, 193.0, 1347.0) 
Voter 22: ID 606; Choice (2141.0, 1356.0, 433.0, 1889.0, 193.0, 2092.0, 2121.0) 
Voter 23: ID 495; Choice (2183.0, 433.0, 193.0, 1905.0, 2092.0, 2121.0, 191.0) 
Voter 24: ID 404; Choice (2141.0, 1356.0, 2183.0, 433.0, 1889.0, 193.0, 1905.0) 
Voter 25: ID 223; Choice (433.0, 192.0, 1889.0, 193.0, 1347.0, 2092.0) 
Voter 26: ID 249; Choice (1356.0, 2183.0, 192.0, 1889.0, 193.0, 1905.0, 2092.0, 191.0, 1347.0) 
Voter 27: ID 21; Choice (2141.0, 1356.0, 2183.0, 1889.0, 193.0, 1347.0) 
Voter 28: ID 67; Choice (1211.0, 1356.0, 2183.0, 1889.0, 1347.0, 2092.0) 
Voter 29: ID 238; Choice (2141.0, 1356.0, 433.0, 192.0, 1347.0, 1905.0) 
Voter 30: ID 594; Choice (1356.0, 433.0, 192.0, 1905.0, 2092.0, 2121.0) 
Voter 31: ID 320; Choice (1211.0, 2141.0, 2183.0, 192.0, 1905.0, 2092.0) 
Voter 32: ID 435; Choice (2141.0, 192.0, 1889.0, 193.0, 1347.0, 1905.0, 2092.0, 191.0) 
Voter 33: ID 687; Choice (1356.0, 2183.0, 192.0, 1889.0, 193.0, 2121.0, 191.0) 
Voter 34: ID 41; Choice (433.0, 192.0, 1889.0, 1347.0, 1905.0, 191.0) 
Voter 35: ID 15; Choice (2141.0, 1356.0, 2183.0, 1889.0, 193.0, 1347.0) 
Voter 36: ID 571; Choice (1211.0, 1356.0, 192.0, 193.0, 1347.0, 1905.0) 
Voter 37: ID 22; Choice (1356.0, 2183.0, 433.0, 192.0, 1889.0, 1347.0, 1905.0, 2121.0) 
Voter 38: ID 374; Choice (1356.0, 433.0, 192.0, 1905.0, 2092.0, 2121.0) 
Voter 39: ID 605; Choice (1356.0, 2183.0, 433.0, 192.0, 1889.0, 1347.0, 1905.0, 2092.0) 
Voter 40: ID 450; Choice (2183.0, 433.0, 193.0, 1905.0, 2092.0, 2121.0, 191.0) 
Voter 41: ID 726; Choice (2141.0, 2183.0, 1889.0, 193.0, 1347.0, 1905.0, 2092.0, 191.0) 
Voter 42: ID 254; Choice (2141.0, 192.0, 1889.0, 193.0, 1347.0, 1905.0, 2092.0, 191.0) 
Voter 43: ID 736; Choice (2141.0, 1356.0, 192.0, 1347.0, 1905.0, 191.0) 
Voter 44: ID 317; Choice (1356.0, 433.0, 1347.0, 2092.0, 2121.0, 191.0) 
Voter 45: ID 185; Choice (1211.0, 1356.0, 2183.0, 1889.0, 1347.0, 2092.0) 
Voter 46: ID 341; Choice (2141.0, 433.0, 192.0, 1347.0, 1905.0, 2092.0, 2121.0) 
Voter 47: ID 214; Choice (2141.0, 1356.0, 192.0, 1347.0, 1905.0, 191.0) 
Voter 48: ID 725; Choice (1211.0, 1356.0, 2183.0, 1889.0, 1347.0, 2092.0) 
Voter 49: ID 276; Choice (2141.0, 433.0, 192.0, 1347.0, 1905.0, 2092.0, 2121.0) 
Voter 50: ID 615; Choice (1211.0, 2141.0, 2183.0, 192.0, 1905.0, 2092.0) 
---------------------------------------------------------------------------
---------------------------------------------------------------------------
{(1356.0, 2183.0, 192.0, 1889.0, 193.0, 1905.0, 2092.0, 191.0, 1347.0): 0, (1356.0, 2183.0, 192.0, 1889.0, 193.0, 1905.0, 2092.0, 191.0): 0.2044263556646321, (1211.0, 2141.0, 1356.0, 2183.0, 192.0, 193.0): 0.06569192918175147, (2141.0, 2183.0, 1889.0, 193.0, 1347.0, 1905.0, 2092.0, 191.0): 0.1615009229677501, (2141.0, 192.0, 1889.0, 193.0, 1347.0, 1905.0, 2092.0, 191.0): 0, (1356.0, 2183.0, 433.0, 192.0, 1889.0, 1347.0, 1905.0, 2092.0): 0.1505938699712146, (1356.0, 2183.0, 433.0, 192.0, 1889.0, 1347.0, 1905.0, 2121.0): 0.11244669296584182, (2183.0, 433.0, 192.0, 1889.0, 193.0, 1905.0, 2092.0, 2121.0): 0.10977773461201464, (2141.0, 1356.0, 2183.0, 433.0, 1889.0, 193.0, 1905.0): 0, (2141.0, 1356.0, 2183.0, 193.0, 1905.0, 2092.0, 191.0): 0.14517284736267785, (2141.0, 1356.0, 433.0, 1889.0, 193.0, 2092.0, 2121.0): 0.0674114577046092, (2141.0, 433.0, 192.0, 1347.0, 1905.0, 2092.0, 2121.0): 0, (2141.0, 1889.0, 193.0, 1347.0, 2092.0, 2121.0, 191.0): 0, (1356.0, 2183.0, 192.0, 1889.0, 193.0, 2121.0, 191.0): 0.15409532883597674, (1356.0, 2183.0, 192.0, 193.0, 1905.0, 2121.0, 191.0): 0.13601681238956845, (2183.0, 433.0, 193.0, 1905.0, 2092.0, 2121.0, 191.0): 0, (1211.0, 2141.0, 2183.0, 192.0, 1905.0, 2092.0): 0.044116144692699893, (1211.0, 2141.0, 192.0, 193.0, 1905.0, 191.0): 0, (1211.0, 1356.0, 2183.0, 1889.0, 1347.0, 2092.0): 0, (1211.0, 1356.0, 192.0, 193.0, 1347.0, 1905.0): 0, (2141.0, 1356.0, 2183.0, 1889.0, 193.0, 1347.0): 0.13639613227047573, (2141.0, 1356.0, 433.0, 192.0, 1347.0, 1905.0): 0, (2141.0, 1356.0, 192.0, 1347.0, 1905.0, 191.0): 0, (2141.0, 2183.0, 1889.0, 1905.0, 2092.0, 2121.0): 0.0820001360449709, (2141.0, 2183.0, 193.0, 1347.0, 1905.0, 2121.0): 0.07156311342299558, (1356.0, 433.0, 192.0, 1905.0, 2092.0, 2121.0): 0.053171774373829174, (1356.0, 433.0, 1347.0, 2092.0, 2121.0, 191.0): 0, (433.0, 192.0, 1889.0, 193.0, 1347.0, 2092.0): 0.096074578933944, (433.0, 192.0, 1889.0, 1347.0, 1905.0, 191.0): 0.08009347896659975, (433.0, 1889.0, 193.0, 1347.0, 1905.0, 2121.0): 0}
After Iteration 2 :
Voter 1: ID 352; Choice (1211.0, 2141.0, 192.0, 193.0, 1905.0, 191.0) 
Voter 2: ID 716; Choice (1211.0, 2141.0, 2183.0, 192.0, 1905.0, 2092.0) 
Voter 3: ID 85; Choice (1211.0, 2141.0, 2183.0, 192.0, 1905.0, 2092.0) 
Voter 4: ID 395; Choice (2141.0, 433.0, 192.0, 1347.0, 1905.0, 2092.0, 2121.0) 
Voter 5: ID 140; Choice (2141.0, 2183.0, 1889.0, 193.0, 1347.0, 1905.0, 2092.0, 191.0) 
Voter 6: ID 100; Choice (2141.0, 1356.0, 192.0, 1347.0, 1905.0, 191.0) 
Voter 7: ID 51; Choice (1356.0, 2183.0, 433.0, 192.0, 1889.0, 1347.0, 1905.0, 2121.0) 
Voter 8: ID 296; Choice (1356.0, 2183.0, 192.0, 1889.0, 193.0, 1905.0, 2092.0, 191.0, 1347.0) 
Voter 9: ID 27; Choice (2141.0, 433.0, 192.0, 1347.0, 1905.0, 2092.0, 2121.0) 
Voter 10: ID 108; Choice (2141.0, 2183.0, 193.0, 1347.0, 1905.0, 2121.0) 
Voter 11: ID 468; Choice (1356.0, 2183.0, 433.0, 192.0, 1889.0, 1347.0, 1905.0, 2092.0) 
Voter 12: ID 512; Choice (2141.0, 2183.0, 1889.0, 1905.0, 2092.0, 2121.0) 
Voter 13: ID 598; Choice (2141.0, 433.0, 192.0, 1347.0, 1905.0, 2092.0, 2121.0) 
Voter 14: ID 130; Choice (1211.0, 1356.0, 2183.0, 1889.0, 1347.0, 2092.0) 
Voter 15: ID 77; Choice (1356.0, 2183.0, 192.0, 1889.0, 193.0, 2121.0, 191.0) 
Voter 16: ID 129; Choice (1356.0, 2183.0, 192.0, 1889.0, 193.0, 2121.0, 191.0) 
Voter 17: ID 416; Choice (1356.0, 433.0, 1347.0, 2092.0, 2121.0, 191.0) 
Voter 18: ID 216; Choice (2141.0, 1356.0, 192.0, 1347.0, 1905.0, 191.0) 
Voter 19: ID 522; Choice (1356.0, 2183.0, 192.0, 193.0, 1905.0, 2121.0, 191.0) 
Voter 20: ID 127; Choice (2183.0, 433.0, 192.0, 1889.0, 193.0, 1905.0, 2092.0, 2121.0) 
Voter 21: ID 299; Choice (1356.0, 2183.0, 433.0, 192.0, 1889.0, 1347.0, 1905.0, 2121.0) 
Voter 22: ID 606; Choice (1211.0, 2141.0, 1356.0, 2183.0, 192.0, 193.0) 
Voter 23: ID 495; Choice (2141.0, 2183.0, 193.0, 1347.0, 1905.0, 2121.0) 
Voter 24: ID 404; Choice (1356.0, 2183.0, 192.0, 1889.0, 193.0, 1905.0, 2092.0, 191.0, 1347.0) 
Voter 25: ID 223; Choice (2141.0, 1356.0, 433.0, 192.0, 1347.0, 1905.0) 
Voter 26: ID 249; Choice (2141.0, 192.0, 1889.0, 193.0, 1347.0, 1905.0, 2092.0, 191.0) 
Voter 27: ID 21; Choice (2141.0, 1356.0, 2183.0, 193.0, 1905.0, 2092.0, 191.0) 
Voter 28: ID 67; Choice (1356.0, 2183.0, 192.0, 1889.0, 193.0, 1905.0, 2092.0, 191.0) 
Voter 29: ID 238; Choice (1211.0, 2141.0, 192.0, 193.0, 1905.0, 191.0) 
Voter 30: ID 594; Choice (2141.0, 1356.0, 433.0, 192.0, 1347.0, 1905.0) 
Voter 31: ID 320; Choice (1211.0, 1356.0, 2183.0, 1889.0, 1347.0, 2092.0) 
Voter 32: ID 435; Choice (1356.0, 433.0, 192.0, 1905.0, 2092.0, 2121.0) 
Voter 33: ID 687; Choice (1211.0, 1356.0, 2183.0, 1889.0, 1347.0, 2092.0) 
Voter 34: ID 41; Choice (433.0, 1889.0, 193.0, 1347.0, 1905.0, 2121.0) 
Voter 35: ID 15; Choice (1356.0, 2183.0, 433.0, 192.0, 1889.0, 1347.0, 1905.0, 2092.0) 
Voter 36: ID 571; Choice (1356.0, 2183.0, 192.0, 1889.0, 193.0, 1905.0, 2092.0, 191.0) 
Voter 37: ID 22; Choice (1211.0, 2141.0, 1356.0, 2183.0, 192.0, 193.0) 
Voter 38: ID 374; Choice (2141.0, 1356.0, 2183.0, 433.0, 1889.0, 193.0, 1905.0) 
Voter 39: ID 605; Choice (1211.0, 2141.0, 2183.0, 192.0, 1905.0, 2092.0) 
Voter 40: ID 450; Choice (2141.0, 1356.0, 433.0, 1889.0, 193.0, 2092.0, 2121.0) 
Voter 41: ID 726; Choice (1356.0, 433.0, 192.0, 1905.0, 2092.0, 2121.0) 
Voter 42: ID 254; Choice (2141.0, 1356.0, 433.0, 192.0, 1347.0, 1905.0) 
Voter 43: ID 736; Choice (1211.0, 2141.0, 2183.0, 192.0, 1905.0, 2092.0) 
Voter 44: ID 317; Choice (433.0, 192.0, 1889.0, 1347.0, 1905.0, 191.0) 
Voter 45: ID 185; Choice (1356.0, 433.0, 192.0, 1905.0, 2092.0, 2121.0) 
Voter 46: ID 341; Choice (1356.0, 2183.0, 192.0, 1889.0, 193.0, 2121.0, 191.0) 
Voter 47: ID 214; Choice (2141.0, 1356.0, 433.0, 1889.0, 193.0, 2092.0, 2121.0) 
Voter 48: ID 725; Choice (2141.0, 2183.0, 193.0, 1347.0, 1905.0, 2121.0) 
Voter 49: ID 276; Choice (2141.0, 2183.0, 1889.0, 1905.0, 2092.0, 2121.0) 
Voter 50: ID 615; Choice (1356.0, 2183.0, 192.0, 1889.0, 193.0, 1905.0, 2092.0, 191.0, 1347.0) 
---------------------------------------------------------------------------
After Iteration 3 :
Voter 1: ID 352; Choice (2183.0, 433.0, 193.0, 1905.0, 2092.0, 2121.0, 191.0) 
Voter 2: ID 716; Choice (1211.0, 1356.0, 2183.0, 1889.0, 1347.0, 2092.0) 
Voter 3: ID 85; Choice (2141.0, 1889.0, 193.0, 1347.0, 2092.0, 2121.0, 191.0) 
Voter 4: ID 395; Choice (1211.0, 1356.0, 2183.0, 1889.0, 1347.0, 2092.0) 
Voter 5: ID 140; Choice (2141.0, 1356.0, 433.0, 1889.0, 193.0, 2092.0, 2121.0) 
Voter 6: ID 100; Choice (433.0, 1889.0, 193.0, 1347.0, 1905.0, 2121.0) 
Voter 7: ID 51; Choice (2141.0, 1356.0, 433.0, 192.0, 1347.0, 1905.0) 
Voter 8: ID 296; Choice (2183.0, 433.0, 192.0, 1889.0, 193.0, 1905.0, 2092.0, 2121.0) 
Voter 9: ID 27; Choice (2141.0, 1356.0, 433.0, 1889.0, 193.0, 2092.0, 2121.0) 
Voter 10: ID 108; Choice (2141.0, 192.0, 1889.0, 193.0, 1347.0, 1905.0, 2092.0, 191.0) 
Voter 11: ID 468; Choice (2141.0, 2183.0, 193.0, 1347.0, 1905.0, 2121.0) 
Voter 12: ID 512; Choice (2141.0, 1356.0, 433.0, 192.0, 1347.0, 1905.0) 
Voter 13: ID 598; Choice (2141.0, 1356.0, 2183.0, 433.0, 1889.0, 193.0, 1905.0) 
Voter 14: ID 130; Choice (1356.0, 2183.0, 192.0, 193.0, 1905.0, 2121.0, 191.0) 
Voter 15: ID 77; Choice (1211.0, 1356.0, 2183.0, 1889.0, 1347.0, 2092.0) 
Voter 16: ID 129; Choice (1211.0, 2141.0, 1356.0, 2183.0, 192.0, 193.0) 
Voter 17: ID 416; Choice (1356.0, 433.0, 192.0, 1905.0, 2092.0, 2121.0) 
Voter 18: ID 216; Choice (1356.0, 2183.0, 192.0, 193.0, 1905.0, 2121.0, 191.0) 
Voter 19: ID 522; Choice (2141.0, 1889.0, 193.0, 1347.0, 2092.0, 2121.0, 191.0) 
Voter 20: ID 127; Choice (1356.0, 2183.0, 192.0, 1889.0, 193.0, 1905.0, 2092.0, 191.0) 
Voter 21: ID 299; Choice (2183.0, 433.0, 193.0, 1905.0, 2092.0, 2121.0, 191.0) 
Voter 22: ID 606; Choice (2141.0, 1356.0, 2183.0, 1889.0, 193.0, 1347.0) 
Voter 23: ID 495; Choice (2141.0, 2183.0, 1889.0, 1905.0, 2092.0, 2121.0) 
Voter 24: ID 404; Choice (1356.0, 2183.0, 192.0, 193.0, 1905.0, 2121.0, 191.0) 
Voter 25: ID 223; Choice (1211.0, 1356.0, 192.0, 193.0, 1347.0, 1905.0) 
Voter 26: ID 249; Choice (2141.0, 192.0, 1889.0, 193.0, 1347.0, 1905.0, 2092.0, 191.0) 
Voter 27: ID 21; Choice (1211.0, 2141.0, 2183.0, 192.0, 1905.0, 2092.0) 
Voter 28: ID 67; Choice (1211.0, 1356.0, 192.0, 193.0, 1347.0, 1905.0) 
Voter 29: ID 238; Choice (2141.0, 2183.0, 1889.0, 1905.0, 2092.0, 2121.0) 
Voter 30: ID 594; Choice (2141.0, 1889.0, 193.0, 1347.0, 2092.0, 2121.0, 191.0) 
Voter 31: ID 320; Choice (2141.0, 1889.0, 193.0, 1347.0, 2092.0, 2121.0, 191.0) 
Voter 32: ID 435; Choice (2141.0, 1356.0, 192.0, 1347.0, 1905.0, 191.0) 
Voter 33: ID 687; Choice (1211.0, 2141.0, 1356.0, 2183.0, 192.0, 193.0) 
Voter 34: ID 41; Choice (2141.0, 2183.0, 193.0, 1347.0, 1905.0, 2121.0) 
Voter 35: ID 15; Choice (2141.0, 1356.0, 192.0, 1347.0, 1905.0, 191.0) 
Voter 36: ID 571; Choice (1211.0, 1356.0, 2183.0, 1889.0, 1347.0, 2092.0) 
Voter 37: ID 22; Choice (1211.0, 1356.0, 2183.0, 1889.0, 1347.0, 2092.0) 
Voter 38: ID 374; Choice (1356.0, 2183.0, 192.0, 1889.0, 193.0, 1905.0, 2092.0, 191.0, 1347.0) 
Voter 39: ID 605; Choice (2141.0, 2183.0, 1889.0, 1905.0, 2092.0, 2121.0) 
Voter 40: ID 450; Choice (2141.0, 433.0, 192.0, 1347.0, 1905.0, 2092.0, 2121.0) 
Voter 41: ID 726; Choice (2141.0, 1356.0, 433.0, 192.0, 1347.0, 1905.0) 
Voter 42: ID 254; Choice (2141.0, 2183.0, 193.0, 1347.0, 1905.0, 2121.0) 
Voter 43: ID 736; Choice (2141.0, 2183.0, 1889.0, 1905.0, 2092.0, 2121.0) 
Voter 44: ID 317; Choice (2141.0, 1356.0, 2183.0, 193.0, 1905.0, 2092.0, 191.0) 
Voter 45: ID 185; Choice (433.0, 1889.0, 193.0, 1347.0, 1905.0, 2121.0) 
Voter 46: ID 341; Choice (1356.0, 433.0, 1347.0, 2092.0, 2121.0, 191.0) 
Voter 47: ID 214; Choice (2183.0, 433.0, 193.0, 1905.0, 2092.0, 2121.0, 191.0) 
Voter 48: ID 725; Choice (2141.0, 1356.0, 2183.0, 193.0, 1905.0, 2092.0, 191.0) 
Voter 49: ID 276; Choice (433.0, 192.0, 1889.0, 1347.0, 1905.0, 191.0) 
Voter 50: ID 615; Choice (433.0, 192.0, 1889.0, 193.0, 1347.0, 2092.0) 
---------------------------------------------------------------------------
After Iteration 4 :
Voter 1: ID 352; Choice (1356.0, 2183.0, 192.0, 1889.0, 193.0, 1905.0, 2092.0, 191.0, 1347.0) 
Voter 2: ID 716; Choice (1356.0, 2183.0, 192.0, 1889.0, 193.0, 1905.0, 2092.0, 191.0, 1347.0) 
Voter 3: ID 85; Choice (1356.0, 2183.0, 192.0, 1889.0, 193.0, 1905.0, 2092.0, 191.0, 1347.0) 
Voter 4: ID 395; Choice (2141.0, 2183.0, 1889.0, 193.0, 1347.0, 1905.0, 2092.0, 191.0) 
Voter 5: ID 140; Choice (2141.0, 1356.0, 192.0, 1347.0, 1905.0, 191.0) 
Voter 6: ID 100; Choice (2141.0, 2183.0, 1889.0, 193.0, 1347.0, 1905.0, 2092.0, 191.0) 
Voter 7: ID 51; Choice (2141.0, 2183.0, 1889.0, 193.0, 1347.0, 1905.0, 2092.0, 191.0) 
Voter 8: ID 296; Choice (1356.0, 2183.0, 192.0, 1889.0, 193.0, 1905.0, 2092.0, 191.0, 1347.0) 
Voter 9: ID 27; Choice (1356.0, 2183.0, 192.0, 1889.0, 193.0, 1905.0, 2092.0, 191.0, 1347.0) 
Voter 10: ID 108; Choice (2141.0, 2183.0, 1889.0, 193.0, 1347.0, 1905.0, 2092.0, 191.0) 
Voter 11: ID 468; Choice (2141.0, 2183.0, 1889.0, 193.0, 1347.0, 1905.0, 2092.0, 191.0) 
Voter 12: ID 512; Choice (1356.0, 2183.0, 192.0, 1889.0, 193.0, 1905.0, 2092.0, 191.0, 1347.0) 
Voter 13: ID 598; Choice (2141.0, 2183.0, 1889.0, 193.0, 1347.0, 1905.0, 2092.0, 191.0) 
Voter 14: ID 130; Choice (1356.0, 2183.0, 192.0, 1889.0, 193.0, 1905.0, 2092.0, 191.0, 1347.0) 
Voter 15: ID 77; Choice (1356.0, 2183.0, 192.0, 1889.0, 193.0, 1905.0, 2092.0, 191.0, 1347.0) 
Voter 16: ID 129; Choice (2141.0, 2183.0, 1889.0, 193.0, 1347.0, 1905.0, 2092.0, 191.0) 
Voter 17: ID 416; Choice (1356.0, 2183.0, 192.0, 1889.0, 193.0, 1905.0, 2092.0, 191.0, 1347.0) 
Voter 18: ID 216; Choice (1356.0, 2183.0, 192.0, 1889.0, 193.0, 1905.0, 2092.0, 191.0, 1347.0) 
Voter 19: ID 522; Choice (1356.0, 2183.0, 192.0, 1889.0, 193.0, 1905.0, 2092.0, 191.0, 1347.0) 
Voter 20: ID 127; Choice (2141.0, 2183.0, 1889.0, 193.0, 1347.0, 1905.0, 2092.0, 191.0) 
Voter 21: ID 299; Choice (1356.0, 2183.0, 192.0, 1889.0, 193.0, 1905.0, 2092.0, 191.0, 1347.0) 
Voter 22: ID 606; Choice (1356.0, 2183.0, 192.0, 1889.0, 193.0, 1905.0, 2092.0, 191.0, 1347.0) 
Voter 23: ID 495; Choice (1356.0, 2183.0, 192.0, 1889.0, 193.0, 1905.0, 2092.0, 191.0, 1347.0) 
Voter 24: ID 404; Choice (1356.0, 2183.0, 192.0, 1889.0, 193.0, 1905.0, 2092.0, 191.0, 1347.0) 
Voter 25: ID 223; Choice (2141.0, 2183.0, 1889.0, 193.0, 1347.0, 1905.0, 2092.0, 191.0) 
Voter 26: ID 249; Choice (1356.0, 2183.0, 192.0, 1889.0, 193.0, 1905.0, 2092.0, 191.0, 1347.0) 
Voter 27: ID 21; Choice (1356.0, 2183.0, 192.0, 1889.0, 193.0, 1905.0, 2092.0, 191.0, 1347.0) 
Voter 28: ID 67; Choice (2141.0, 2183.0, 1889.0, 193.0, 1347.0, 1905.0, 2092.0, 191.0) 
Voter 29: ID 238; Choice (1356.0, 2183.0, 192.0, 1889.0, 193.0, 1905.0, 2092.0, 191.0, 1347.0) 
Voter 30: ID 594; Choice (1356.0, 2183.0, 192.0, 1889.0, 193.0, 1905.0, 2092.0, 191.0, 1347.0) 
Voter 31: ID 320; Choice (2141.0, 2183.0, 1889.0, 193.0, 1347.0, 1905.0, 2092.0, 191.0) 
Voter 32: ID 435; Choice (1356.0, 2183.0, 192.0, 1889.0, 193.0, 1905.0, 2092.0, 191.0, 1347.0) 
Voter 33: ID 687; Choice (2141.0, 1356.0, 2183.0, 193.0, 1905.0, 2092.0, 191.0) 
Voter 34: ID 41; Choice (1356.0, 2183.0, 192.0, 1889.0, 193.0, 1905.0, 2092.0, 191.0, 1347.0) 
Voter 35: ID 15; Choice (1356.0, 2183.0, 192.0, 1889.0, 193.0, 1905.0, 2092.0, 191.0, 1347.0) 
Voter 36: ID 571; Choice (1356.0, 2183.0, 192.0, 1889.0, 193.0, 1905.0, 2092.0, 191.0) 
Voter 37: ID 22; Choice (1211.0, 2141.0, 192.0, 193.0, 1905.0, 191.0) 
Voter 38: ID 374; Choice (1356.0, 2183.0, 192.0, 1889.0, 193.0, 1905.0, 2092.0, 191.0, 1347.0) 
Voter 39: ID 605; Choice (2141.0, 2183.0, 1889.0, 193.0, 1347.0, 1905.0, 2092.0, 191.0) 
Voter 40: ID 450; Choice (1356.0, 2183.0, 192.0, 1889.0, 193.0, 1905.0, 2092.0, 191.0, 1347.0) 
Voter 41: ID 726; Choice (1356.0, 2183.0, 192.0, 1889.0, 193.0, 1905.0, 2092.0, 191.0, 1347.0) 
Voter 42: ID 254; Choice (1356.0, 2183.0, 192.0, 1889.0, 193.0, 1905.0, 2092.0, 191.0, 1347.0) 
Voter 43: ID 736; Choice (2141.0, 1356.0, 2183.0, 193.0, 1905.0, 2092.0, 191.0) 
Voter 44: ID 317; Choice (1356.0, 2183.0, 192.0, 1889.0, 193.0, 1905.0, 2092.0, 191.0, 1347.0) 
Voter 45: ID 185; Choice (1356.0, 2183.0, 192.0, 1889.0, 193.0, 1905.0, 2092.0, 191.0, 1347.0) 
Voter 46: ID 341; Choice (1356.0, 2183.0, 192.0, 1889.0, 193.0, 1905.0, 2092.0, 191.0, 1347.0) 
Voter 47: ID 214; Choice (2141.0, 1356.0, 2183.0, 193.0, 1905.0, 2092.0, 191.0) 
Voter 48: ID 725; Choice (1356.0, 2183.0, 192.0, 1889.0, 193.0, 1905.0, 2092.0, 191.0, 1347.0) 
Voter 49: ID 276; Choice (1356.0, 2183.0, 192.0, 1889.0, 193.0, 1905.0, 2092.0, 191.0, 1347.0) 
Voter 50: ID 615; Choice (1356.0, 2183.0, 192.0, 1889.0, 193.0, 1905.0, 2092.0, 191.0, 1347.0) 
---------------------------------------------------------------------------
After Iteration 5 :
Voter 1: ID 352; Choice (1356.0, 2183.0, 192.0, 1889.0, 193.0, 1905.0, 2092.0, 191.0, 1347.0) 
Voter 2: ID 716; Choice (1356.0, 2183.0, 192.0, 1889.0, 193.0, 1905.0, 2092.0, 191.0, 1347.0) 
Voter 3: ID 85; Choice (1356.0, 2183.0, 192.0, 1889.0, 193.0, 1905.0, 2092.0, 191.0, 1347.0) 
Voter 4: ID 395; Choice (1356.0, 2183.0, 192.0, 1889.0, 193.0, 1905.0, 2092.0, 191.0, 1347.0) 
Voter 5: ID 140; Choice (1356.0, 2183.0, 192.0, 1889.0, 193.0, 1905.0, 2092.0, 191.0, 1347.0) 
Voter 6: ID 100; Choice (1356.0, 2183.0, 192.0, 1889.0, 193.0, 1905.0, 2092.0, 191.0, 1347.0) 
Voter 7: ID 51; Choice (1356.0, 2183.0, 192.0, 1889.0, 193.0, 1905.0, 2092.0, 191.0, 1347.0) 
Voter 8: ID 296; Choice (1356.0, 2183.0, 192.0, 1889.0, 193.0, 1905.0, 2092.0, 191.0, 1347.0) 
Voter 9: ID 27; Choice (1356.0, 2183.0, 192.0, 1889.0, 193.0, 1905.0, 2092.0, 191.0, 1347.0) 
Voter 10: ID 108; Choice (1356.0, 2183.0, 192.0, 1889.0, 193.0, 1905.0, 2092.0, 191.0, 1347.0) 
Voter 11: ID 468; Choice (1356.0, 2183.0, 192.0, 1889.0, 193.0, 1905.0, 2092.0, 191.0, 1347.0) 
Voter 12: ID 512; Choice (1356.0, 2183.0, 192.0, 1889.0, 193.0, 1905.0, 2092.0, 191.0, 1347.0) 
Voter 13: ID 598; Choice (1356.0, 2183.0, 192.0, 1889.0, 193.0, 1905.0, 2092.0, 191.0, 1347.0) 
Voter 14: ID 130; Choice (1356.0, 2183.0, 192.0, 1889.0, 193.0, 1905.0, 2092.0, 191.0, 1347.0) 
Voter 15: ID 77; Choice (1356.0, 2183.0, 192.0, 1889.0, 193.0, 1905.0, 2092.0, 191.0, 1347.0) 
Voter 16: ID 129; Choice (1356.0, 2183.0, 192.0, 1889.0, 193.0, 1905.0, 2092.0, 191.0, 1347.0) 
Voter 17: ID 416; Choice (1356.0, 2183.0, 192.0, 1889.0, 193.0, 1905.0, 2092.0, 191.0, 1347.0) 
Voter 18: ID 216; Choice (1356.0, 2183.0, 192.0, 1889.0, 193.0, 1905.0, 2092.0, 191.0, 1347.0) 
Voter 19: ID 522; Choice (2141.0, 1356.0, 2183.0, 193.0, 1905.0, 2092.0, 191.0) 
Voter 20: ID 127; Choice (1356.0, 2183.0, 192.0, 1889.0, 193.0, 1905.0, 2092.0, 191.0, 1347.0) 
Voter 21: ID 299; Choice (1356.0, 2183.0, 192.0, 1889.0, 193.0, 1905.0, 2092.0, 191.0, 1347.0) 
Voter 22: ID 606; Choice (1356.0, 2183.0, 192.0, 1889.0, 193.0, 1905.0, 2092.0, 191.0, 1347.0) 
Voter 23: ID 495; Choice (1356.0, 2183.0, 192.0, 1889.0, 193.0, 1905.0, 2092.0, 191.0, 1347.0) 
Voter 24: ID 404; Choice (1356.0, 2183.0, 192.0, 1889.0, 193.0, 1905.0, 2092.0, 191.0, 1347.0) 
Voter 25: ID 223; Choice (2141.0, 2183.0, 1889.0, 193.0, 1347.0, 1905.0, 2092.0, 191.0) 
Voter 26: ID 249; Choice (1356.0, 2183.0, 192.0, 1889.0, 193.0, 1905.0, 2092.0, 191.0, 1347.0) 
Voter 27: ID 21; Choice (2141.0, 1356.0, 2183.0, 193.0, 1905.0, 2092.0, 191.0) 
Voter 28: ID 67; Choice (2141.0, 2183.0, 1889.0, 193.0, 1347.0, 1905.0, 2092.0, 191.0) 
Voter 29: ID 238; Choice (1356.0, 2183.0, 192.0, 1889.0, 193.0, 1905.0, 2092.0, 191.0, 1347.0) 
Voter 30: ID 594; Choice (1356.0, 2183.0, 192.0, 1889.0, 193.0, 1905.0, 2092.0, 191.0, 1347.0) 
Voter 31: ID 320; Choice (1356.0, 2183.0, 192.0, 1889.0, 193.0, 1905.0, 2092.0, 191.0, 1347.0) 
Voter 32: ID 435; Choice (2141.0, 192.0, 1889.0, 193.0, 1347.0, 1905.0, 2092.0, 191.0) 
Voter 33: ID 687; Choice (1356.0, 2183.0, 192.0, 1889.0, 193.0, 1905.0, 2092.0, 191.0, 1347.0) 
Voter 34: ID 41; Choice (1356.0, 2183.0, 192.0, 1889.0, 193.0, 1905.0, 2092.0, 191.0, 1347.0) 
Voter 35: ID 15; Choice (1356.0, 2183.0, 192.0, 1889.0, 193.0, 1905.0, 2092.0, 191.0, 1347.0) 
Voter 36: ID 571; Choice (1356.0, 2183.0, 192.0, 1889.0, 193.0, 1905.0, 2092.0, 191.0, 1347.0) 
Voter 37: ID 22; Choice (1356.0, 2183.0, 192.0, 1889.0, 193.0, 1905.0, 2092.0, 191.0, 1347.0) 
Voter 38: ID 374; Choice (1356.0, 2183.0, 192.0, 1889.0, 193.0, 1905.0, 2092.0, 191.0, 1347.0) 
Voter 39: ID 605; Choice (1356.0, 2183.0, 192.0, 1889.0, 193.0, 1905.0, 2092.0, 191.0, 1347.0) 
Voter 40: ID 450; Choice (1356.0, 2183.0, 192.0, 1889.0, 193.0, 1905.0, 2092.0, 191.0, 1347.0) 
Voter 41: ID 726; Choice (1356.0, 2183.0, 192.0, 1889.0, 193.0, 1905.0, 2092.0, 191.0, 1347.0) 
Voter 42: ID 254; Choice (1356.0, 2183.0, 192.0, 1889.0, 193.0, 1905.0, 2092.0, 191.0, 1347.0) 
Voter 43: ID 736; Choice (1356.0, 2183.0, 192.0, 1889.0, 193.0, 1905.0, 2092.0, 191.0, 1347.0) 
Voter 44: ID 317; Choice (1356.0, 2183.0, 192.0, 1889.0, 193.0, 1905.0, 2092.0, 191.0, 1347.0) 
Voter 45: ID 185; Choice (1356.0, 2183.0, 192.0, 1889.0, 193.0, 1905.0, 2092.0, 191.0, 1347.0) 
Voter 46: ID 341; Choice (1356.0, 2183.0, 192.0, 1889.0, 193.0, 1905.0, 2092.0, 191.0, 1347.0) 
Voter 47: ID 214; Choice (1356.0, 2183.0, 192.0, 1889.0, 193.0, 1905.0, 2092.0, 191.0, 1347.0) 
Voter 48: ID 725; Choice (1356.0, 2183.0, 192.0, 1889.0, 193.0, 1905.0, 2092.0, 191.0, 1347.0) 
Voter 49: ID 276; Choice (1356.0, 2183.0, 192.0, 1889.0, 193.0, 1905.0, 2092.0, 191.0, 1347.0) 
Voter 50: ID 615; Choice (1356.0, 2183.0, 192.0, 1889.0, 193.0, 1905.0, 2092.0, 191.0, 1347.0) 
---------------------------------------------------------------------------
After Iteration 6 :
Voter 1: ID 352; Choice (1356.0, 2183.0, 192.0, 1889.0, 193.0, 1905.0, 2092.0, 191.0, 1347.0) 
Voter 2: ID 716; Choice (1356.0, 2183.0, 192.0, 1889.0, 193.0, 1905.0, 2092.0, 191.0, 1347.0) 
Voter 3: ID 85; Choice (1356.0, 2183.0, 192.0, 1889.0, 193.0, 1905.0, 2092.0, 191.0, 1347.0) 
Voter 4: ID 395; Choice (1356.0, 2183.0, 192.0, 1889.0, 193.0, 1905.0, 2092.0, 191.0, 1347.0) 
Voter 5: ID 140; Choice (1356.0, 2183.0, 192.0, 1889.0, 193.0, 1905.0, 2092.0, 191.0, 1347.0) 
Voter 6: ID 100; Choice (1356.0, 2183.0, 192.0, 1889.0, 193.0, 1905.0, 2092.0, 191.0, 1347.0) 
Voter 7: ID 51; Choice (1356.0, 2183.0, 192.0, 1889.0, 193.0, 1905.0, 2092.0, 191.0, 1347.0) 
Voter 8: ID 296; Choice (1356.0, 2183.0, 192.0, 1889.0, 193.0, 1905.0, 2092.0, 191.0, 1347.0) 
Voter 9: ID 27; Choice (1356.0, 2183.0, 192.0, 1889.0, 193.0, 1905.0, 2092.0, 191.0, 1347.0) 
Voter 10: ID 108; Choice (1356.0, 2183.0, 192.0, 1889.0, 193.0, 1905.0, 2092.0, 191.0, 1347.0) 
Voter 11: ID 468; Choice (2141.0, 2183.0, 193.0, 1347.0, 1905.0, 2121.0) 
Voter 12: ID 512; Choice (1356.0, 2183.0, 192.0, 1889.0, 193.0, 1905.0, 2092.0, 191.0, 1347.0) 
Voter 13: ID 598; Choice (1356.0, 2183.0, 192.0, 1889.0, 193.0, 1905.0, 2092.0, 191.0, 1347.0) 
Voter 14: ID 130; Choice (1356.0, 2183.0, 192.0, 1889.0, 193.0, 1905.0, 2092.0, 191.0, 1347.0) 
Voter 15: ID 77; Choice (1356.0, 2183.0, 192.0, 1889.0, 193.0, 1905.0, 2092.0, 191.0, 1347.0) 
Voter 16: ID 129; Choice (1356.0, 2183.0, 192.0, 1889.0, 193.0, 1905.0, 2092.0, 191.0, 1347.0) 
Voter 17: ID 416; Choice (1356.0, 2183.0, 192.0, 1889.0, 193.0, 1905.0, 2092.0, 191.0, 1347.0) 
Voter 18: ID 216; Choice (1356.0, 2183.0, 192.0, 1889.0, 193.0, 1905.0, 2092.0, 191.0, 1347.0) 
Voter 19: ID 522; Choice (1356.0, 2183.0, 192.0, 1889.0, 193.0, 1905.0, 2092.0, 191.0, 1347.0) 
Voter 20: ID 127; Choice (2141.0, 2183.0, 1889.0, 193.0, 1347.0, 1905.0, 2092.0, 191.0) 
Voter 21: ID 299; Choice (1356.0, 2183.0, 192.0, 1889.0, 193.0, 1905.0, 2092.0, 191.0, 1347.0) 
Voter 22: ID 606; Choice (1356.0, 2183.0, 192.0, 1889.0, 193.0, 1905.0, 2092.0, 191.0, 1347.0) 
Voter 23: ID 495; Choice (1356.0, 2183.0, 192.0, 1889.0, 193.0, 1905.0, 2092.0, 191.0, 1347.0) 
Voter 24: ID 404; Choice (1356.0, 2183.0, 192.0, 1889.0, 193.0, 1905.0, 2092.0, 191.0, 1347.0) 
Voter 25: ID 223; Choice (1356.0, 2183.0, 192.0, 1889.0, 193.0, 1905.0, 2092.0, 191.0, 1347.0) 
Voter 26: ID 249; Choice (1356.0, 2183.0, 192.0, 1889.0, 193.0, 1905.0, 2092.0, 191.0, 1347.0) 
Voter 27: ID 21; Choice (1356.0, 2183.0, 192.0, 1889.0, 193.0, 1905.0, 2092.0, 191.0, 1347.0) 
Voter 28: ID 67; Choice (1356.0, 2183.0, 192.0, 1889.0, 193.0, 1905.0, 2092.0, 191.0, 1347.0) 
Voter 29: ID 238; Choice (1356.0, 2183.0, 192.0, 1889.0, 193.0, 1905.0, 2092.0, 191.0, 1347.0) 
Voter 30: ID 594; Choice (1356.0, 2183.0, 192.0, 1889.0, 193.0, 1905.0, 2092.0, 191.0, 1347.0) 
Voter 31: ID 320; Choice (1356.0, 2183.0, 192.0, 1889.0, 193.0, 1905.0, 2092.0, 191.0, 1347.0) 
Voter 32: ID 435; Choice (1356.0, 2183.0, 192.0, 1889.0, 193.0, 1905.0, 2092.0, 191.0, 1347.0) 
Voter 33: ID 687; Choice (1356.0, 2183.0, 192.0, 1889.0, 193.0, 1905.0, 2092.0, 191.0, 1347.0) 
Voter 34: ID 41; Choice (1356.0, 2183.0, 192.0, 1889.0, 193.0, 1905.0, 2092.0, 191.0, 1347.0) 
Voter 35: ID 15; Choice (1356.0, 2183.0, 192.0, 1889.0, 193.0, 1905.0, 2092.0, 191.0, 1347.0) 
Voter 36: ID 571; Choice (1356.0, 2183.0, 192.0, 1889.0, 193.0, 1905.0, 2092.0, 191.0, 1347.0) 
Voter 37: ID 22; Choice (1356.0, 2183.0, 192.0, 1889.0, 193.0, 1905.0, 2092.0, 191.0, 1347.0) 
Voter 38: ID 374; Choice (1356.0, 2183.0, 192.0, 1889.0, 193.0, 1905.0, 2092.0, 191.0, 1347.0) 
Voter 39: ID 605; Choice (1356.0, 2183.0, 192.0, 1889.0, 193.0, 1905.0, 2092.0, 191.0, 1347.0) 
Voter 40: ID 450; Choice (1356.0, 2183.0, 192.0, 1889.0, 193.0, 1905.0, 2092.0, 191.0, 1347.0) 
Voter 41: ID 726; Choice (1356.0, 2183.0, 192.0, 1889.0, 193.0, 1905.0, 2092.0, 191.0, 1347.0) 
Voter 42: ID 254; Choice (1356.0, 2183.0, 192.0, 1889.0, 193.0, 1905.0, 2092.0, 191.0, 1347.0) 
Voter 43: ID 736; Choice (1356.0, 2183.0, 192.0, 1889.0, 193.0, 1905.0, 2092.0, 191.0, 1347.0) 
Voter 44: ID 317; Choice (1356.0, 2183.0, 192.0, 1889.0, 193.0, 1905.0, 2092.0, 191.0, 1347.0) 
Voter 45: ID 185; Choice (1356.0, 2183.0, 192.0, 1889.0, 193.0, 1905.0, 2092.0, 191.0, 1347.0) 
Voter 46: ID 341; Choice (1356.0, 2183.0, 192.0, 1889.0, 193.0, 1905.0, 2092.0, 191.0, 1347.0) 
Voter 47: ID 214; Choice (2141.0, 2183.0, 1889.0, 193.0, 1347.0, 1905.0, 2092.0, 191.0) 
Voter 48: ID 725; Choice (1356.0, 2183.0, 192.0, 1889.0, 193.0, 1905.0, 2092.0, 191.0, 1347.0) 
Voter 49: ID 276; Choice (1356.0, 2183.0, 192.0, 1889.0, 193.0, 1905.0, 2092.0, 191.0, 1347.0) 
Voter 50: ID 615; Choice (1356.0, 2183.0, 192.0, 1889.0, 193.0, 1905.0, 2092.0, 191.0, 1347.0) 
---------------------------------------------------------------------------
After Iteration 7 :
Voter 1: ID 352; Choice (1356.0, 2183.0, 192.0, 1889.0, 193.0, 1905.0, 2092.0, 191.0, 1347.0) 
Voter 2: ID 716; Choice (1356.0, 2183.0, 192.0, 1889.0, 193.0, 1905.0, 2092.0, 191.0, 1347.0) 
Voter 3: ID 85; Choice (1356.0, 2183.0, 192.0, 1889.0, 193.0, 1905.0, 2092.0, 191.0, 1347.0) 
Voter 4: ID 395; Choice (1356.0, 2183.0, 192.0, 1889.0, 193.0, 1905.0, 2092.0, 191.0, 1347.0) 
Voter 5: ID 140; Choice (1356.0, 2183.0, 192.0, 1889.0, 193.0, 1905.0, 2092.0, 191.0, 1347.0) 
Voter 6: ID 100; Choice (1356.0, 2183.0, 192.0, 1889.0, 193.0, 1905.0, 2092.0, 191.0, 1347.0) 
Voter 7: ID 51; Choice (1356.0, 2183.0, 192.0, 1889.0, 193.0, 1905.0, 2092.0, 191.0, 1347.0) 
Voter 8: ID 296; Choice (1356.0, 2183.0, 192.0, 1889.0, 193.0, 1905.0, 2092.0, 191.0, 1347.0) 
Voter 9: ID 27; Choice (1356.0, 2183.0, 192.0, 1889.0, 193.0, 1905.0, 2092.0, 191.0, 1347.0) 
Voter 10: ID 108; Choice (1356.0, 2183.0, 192.0, 1889.0, 193.0, 1905.0, 2092.0, 191.0, 1347.0) 
Voter 11: ID 468; Choice (1356.0, 2183.0, 192.0, 1889.0, 193.0, 1905.0, 2092.0, 191.0, 1347.0) 
Voter 12: ID 512; Choice (1356.0, 2183.0, 192.0, 1889.0, 193.0, 1905.0, 2092.0, 191.0, 1347.0) 
Voter 13: ID 598; Choice (1356.0, 2183.0, 192.0, 1889.0, 193.0, 1905.0, 2092.0, 191.0, 1347.0) 
Voter 14: ID 130; Choice (1356.0, 2183.0, 192.0, 1889.0, 193.0, 1905.0, 2092.0, 191.0, 1347.0) 
Voter 15: ID 77; Choice (1356.0, 2183.0, 192.0, 1889.0, 193.0, 1905.0, 2092.0, 191.0, 1347.0) 
Voter 16: ID 129; Choice (1356.0, 2183.0, 192.0, 1889.0, 193.0, 1905.0, 2092.0, 191.0, 1347.0) 
Voter 17: ID 416; Choice (2141.0, 1356.0, 192.0, 1347.0, 1905.0, 191.0) 
Voter 18: ID 216; Choice (1356.0, 2183.0, 192.0, 1889.0, 193.0, 1905.0, 2092.0, 191.0, 1347.0) 
Voter 19: ID 522; Choice (1356.0, 2183.0, 192.0, 1889.0, 193.0, 1905.0, 2092.0, 191.0, 1347.0) 
Voter 20: ID 127; Choice (1356.0, 2183.0, 192.0, 1889.0, 193.0, 1905.0, 2092.0, 191.0, 1347.0) 
Voter 21: ID 299; Choice (1356.0, 2183.0, 192.0, 1889.0, 193.0, 1905.0, 2092.0, 191.0, 1347.0) 
Voter 22: ID 606; Choice (1356.0, 2183.0, 192.0, 1889.0, 193.0, 1905.0, 2092.0, 191.0, 1347.0) 
Voter 23: ID 495; Choice (1356.0, 2183.0, 192.0, 1889.0, 193.0, 1905.0, 2092.0, 191.0, 1347.0) 
Voter 24: ID 404; Choice (1356.0, 2183.0, 192.0, 1889.0, 193.0, 1905.0, 2092.0, 191.0, 1347.0) 
Voter 25: ID 223; Choice (1356.0, 2183.0, 192.0, 1889.0, 193.0, 1905.0, 2092.0, 191.0, 1347.0) 
Voter 26: ID 249; Choice (1356.0, 2183.0, 192.0, 1889.0, 193.0, 1905.0, 2092.0, 191.0, 1347.0) 
Voter 27: ID 21; Choice (1356.0, 2183.0, 192.0, 1889.0, 193.0, 1905.0, 2092.0, 191.0, 1347.0) 
Voter 28: ID 67; Choice (1356.0, 2183.0, 192.0, 1889.0, 193.0, 1905.0, 2092.0, 191.0, 1347.0) 
Voter 29: ID 238; Choice (1356.0, 2183.0, 192.0, 1889.0, 193.0, 1905.0, 2092.0, 191.0, 1347.0) 
Voter 30: ID 594; Choice (1356.0, 2183.0, 192.0, 1889.0, 193.0, 1905.0, 2092.0, 191.0, 1347.0) 
Voter 31: ID 320; Choice (1356.0, 2183.0, 192.0, 1889.0, 193.0, 1905.0, 2092.0, 191.0, 1347.0) 
Voter 32: ID 435; Choice (1356.0, 2183.0, 192.0, 1889.0, 193.0, 1905.0, 2092.0, 191.0, 1347.0) 
Voter 33: ID 687; Choice (1356.0, 2183.0, 192.0, 1889.0, 193.0, 1905.0, 2092.0, 191.0, 1347.0) 
Voter 34: ID 41; Choice (1356.0, 2183.0, 192.0, 1889.0, 193.0, 1905.0, 2092.0, 191.0, 1347.0) 
Voter 35: ID 15; Choice (1356.0, 2183.0, 192.0, 1889.0, 193.0, 1905.0, 2092.0, 191.0, 1347.0) 
Voter 36: ID 571; Choice (1356.0, 2183.0, 192.0, 1889.0, 193.0, 1905.0, 2092.0, 191.0, 1347.0) 
Voter 37: ID 22; Choice (1356.0, 2183.0, 192.0, 1889.0, 193.0, 1905.0, 2092.0, 191.0, 1347.0) 
Voter 38: ID 374; Choice (1356.0, 2183.0, 192.0, 1889.0, 193.0, 1905.0, 2092.0, 191.0, 1347.0) 
Voter 39: ID 605; Choice (1356.0, 2183.0, 192.0, 1889.0, 193.0, 1905.0, 2092.0, 191.0, 1347.0) 
Voter 40: ID 450; Choice (1356.0, 2183.0, 192.0, 1889.0, 193.0, 1905.0, 2092.0, 191.0, 1347.0) 
Voter 41: ID 726; Choice (1356.0, 2183.0, 192.0, 1889.0, 193.0, 1905.0, 2092.0, 191.0, 1347.0) 
Voter 42: ID 254; Choice (1356.0, 2183.0, 192.0, 1889.0, 193.0, 1905.0, 2092.0, 191.0, 1347.0) 
Voter 43: ID 736; Choice (1356.0, 2183.0, 192.0, 1889.0, 193.0, 1905.0, 2092.0, 191.0, 1347.0) 
Voter 44: ID 317; Choice (1356.0, 2183.0, 192.0, 1889.0, 193.0, 1905.0, 2092.0, 191.0, 1347.0) 
Voter 45: ID 185; Choice (1356.0, 2183.0, 192.0, 1889.0, 193.0, 1905.0, 2092.0, 191.0, 1347.0) 
Voter 46: ID 341; Choice (1356.0, 2183.0, 192.0, 1889.0, 193.0, 1905.0, 2092.0, 191.0, 1347.0) 
Voter 47: ID 214; Choice (1356.0, 2183.0, 192.0, 1889.0, 193.0, 1905.0, 2092.0, 191.0, 1347.0) 
Voter 48: ID 725; Choice (1356.0, 2183.0, 192.0, 1889.0, 193.0, 1905.0, 2092.0, 191.0, 1347.0) 
Voter 49: ID 276; Choice (1356.0, 2183.0, 192.0, 1889.0, 193.0, 1905.0, 2092.0, 191.0, 1347.0) 
Voter 50: ID 615; Choice (1356.0, 2183.0, 192.0, 1889.0, 193.0, 1905.0, 2092.0, 191.0, 1347.0) 
---------------------------------------------------------------------------
After Iteration 8 :
Voter 1: ID 352; Choice (1356.0, 2183.0, 192.0, 1889.0, 193.0, 1905.0, 2092.0, 191.0, 1347.0) 
Voter 2: ID 716; Choice (1356.0, 2183.0, 192.0, 1889.0, 193.0, 1905.0, 2092.0, 191.0, 1347.0) 
Voter 3: ID 85; Choice (1356.0, 2183.0, 192.0, 1889.0, 193.0, 1905.0, 2092.0, 191.0, 1347.0) 
Voter 4: ID 395; Choice (1356.0, 2183.0, 192.0, 1889.0, 193.0, 1905.0, 2092.0, 191.0, 1347.0) 
Voter 5: ID 140; Choice (1356.0, 2183.0, 192.0, 1889.0, 193.0, 1905.0, 2092.0, 191.0, 1347.0) 
Voter 6: ID 100; Choice (1356.0, 2183.0, 192.0, 1889.0, 193.0, 1905.0, 2092.0, 191.0, 1347.0) 
Voter 7: ID 51; Choice (1356.0, 2183.0, 192.0, 1889.0, 193.0, 1905.0, 2092.0, 191.0, 1347.0) 
Voter 8: ID 296; Choice (1356.0, 2183.0, 192.0, 1889.0, 193.0, 1905.0, 2092.0, 191.0, 1347.0) 
Voter 9: ID 27; Choice (1356.0, 2183.0, 192.0, 1889.0, 193.0, 1905.0, 2092.0, 191.0, 1347.0) 
Voter 10: ID 108; Choice (1356.0, 2183.0, 192.0, 1889.0, 193.0, 1905.0, 2092.0, 191.0, 1347.0) 
Voter 11: ID 468; Choice (1356.0, 2183.0, 192.0, 1889.0, 193.0, 1905.0, 2092.0, 191.0, 1347.0) 
Voter 12: ID 512; Choice (1356.0, 2183.0, 192.0, 1889.0, 193.0, 1905.0, 2092.0, 191.0, 1347.0) 
Voter 13: ID 598; Choice (1356.0, 2183.0, 192.0, 1889.0, 193.0, 1905.0, 2092.0, 191.0, 1347.0) 
Voter 14: ID 130; Choice (1356.0, 2183.0, 192.0, 1889.0, 193.0, 1905.0, 2092.0, 191.0, 1347.0) 
Voter 15: ID 77; Choice (1356.0, 2183.0, 192.0, 1889.0, 193.0, 1905.0, 2092.0, 191.0, 1347.0) 
Voter 16: ID 129; Choice (1356.0, 2183.0, 192.0, 1889.0, 193.0, 1905.0, 2092.0, 191.0, 1347.0) 
Voter 17: ID 416; Choice (1356.0, 2183.0, 192.0, 1889.0, 193.0, 1905.0, 2092.0, 191.0, 1347.0) 
Voter 18: ID 216; Choice (1356.0, 2183.0, 192.0, 1889.0, 193.0, 1905.0, 2092.0, 191.0, 1347.0) 
Voter 19: ID 522; Choice (1356.0, 2183.0, 192.0, 1889.0, 193.0, 1905.0, 2092.0, 191.0, 1347.0) 
Voter 20: ID 127; Choice (1356.0, 2183.0, 192.0, 1889.0, 193.0, 1905.0, 2092.0, 191.0, 1347.0) 
Voter 21: ID 299; Choice (1356.0, 2183.0, 192.0, 1889.0, 193.0, 1905.0, 2092.0, 191.0, 1347.0) 
Voter 22: ID 606; Choice (1356.0, 2183.0, 192.0, 1889.0, 193.0, 1905.0, 2092.0, 191.0, 1347.0) 
Voter 23: ID 495; Choice (1356.0, 2183.0, 192.0, 1889.0, 193.0, 1905.0, 2092.0, 191.0, 1347.0) 
Voter 24: ID 404; Choice (1356.0, 2183.0, 192.0, 1889.0, 193.0, 1905.0, 2092.0, 191.0, 1347.0) 
Voter 25: ID 223; Choice (1356.0, 2183.0, 192.0, 1889.0, 193.0, 1905.0, 2092.0, 191.0, 1347.0) 
Voter 26: ID 249; Choice (1356.0, 2183.0, 192.0, 1889.0, 193.0, 1905.0, 2092.0, 191.0, 1347.0) 
Voter 27: ID 21; Choice (1356.0, 2183.0, 192.0, 1889.0, 193.0, 1905.0, 2092.0, 191.0, 1347.0) 
Voter 28: ID 67; Choice (1356.0, 2183.0, 192.0, 1889.0, 193.0, 1905.0, 2092.0, 191.0, 1347.0) 
Voter 29: ID 238; Choice (1356.0, 2183.0, 192.0, 1889.0, 193.0, 1905.0, 2092.0, 191.0, 1347.0) 
Voter 30: ID 594; Choice (1356.0, 2183.0, 192.0, 1889.0, 193.0, 1905.0, 2092.0, 191.0, 1347.0) 
Voter 31: ID 320; Choice (1356.0, 2183.0, 192.0, 1889.0, 193.0, 1905.0, 2092.0, 191.0, 1347.0) 
Voter 32: ID 435; Choice (1356.0, 2183.0, 192.0, 1889.0, 193.0, 1905.0, 2092.0, 191.0, 1347.0) 
Voter 33: ID 687; Choice (1356.0, 2183.0, 192.0, 1889.0, 193.0, 1905.0, 2092.0, 191.0, 1347.0) 
Voter 34: ID 41; Choice (1356.0, 2183.0, 192.0, 1889.0, 193.0, 1905.0, 2092.0, 191.0, 1347.0) 
Voter 35: ID 15; Choice (1356.0, 2183.0, 192.0, 1889.0, 193.0, 1905.0, 2092.0, 191.0, 1347.0) 
Voter 36: ID 571; Choice (1356.0, 2183.0, 192.0, 1889.0, 193.0, 1905.0, 2092.0, 191.0, 1347.0) 
Voter 37: ID 22; Choice (1356.0, 2183.0, 192.0, 1889.0, 193.0, 1905.0, 2092.0, 191.0, 1347.0) 
Voter 38: ID 374; Choice (1356.0, 2183.0, 192.0, 1889.0, 193.0, 1905.0, 2092.0, 191.0, 1347.0) 
Voter 39: ID 605; Choice (1356.0, 2183.0, 192.0, 1889.0, 193.0, 1905.0, 2092.0, 191.0, 1347.0) 
Voter 40: ID 450; Choice (1356.0, 2183.0, 192.0, 1889.0, 193.0, 1905.0, 2092.0, 191.0, 1347.0) 
Voter 41: ID 726; Choice (1356.0, 2183.0, 192.0, 1889.0, 193.0, 1905.0, 2092.0, 191.0, 1347.0) 
Voter 42: ID 254; Choice (1356.0, 2183.0, 192.0, 1889.0, 193.0, 1905.0, 2092.0, 191.0, 1347.0) 
Voter 43: ID 736; Choice (1356.0, 2183.0, 192.0, 1889.0, 193.0, 1905.0, 2092.0, 191.0, 1347.0) 
Voter 44: ID 317; Choice (1356.0, 2183.0, 192.0, 1889.0, 193.0, 1905.0, 2092.0, 191.0, 1347.0) 
Voter 45: ID 185; Choice (1356.0, 2183.0, 192.0, 1889.0, 193.0, 1905.0, 2092.0, 191.0, 1347.0) 
Voter 46: ID 341; Choice (1356.0, 2183.0, 192.0, 1889.0, 193.0, 1905.0, 2092.0, 191.0, 1347.0) 
Voter 47: ID 214; Choice (1356.0, 2183.0, 192.0, 1889.0, 193.0, 1905.0, 2092.0, 191.0, 1347.0) 
Voter 48: ID 725; Choice (1356.0, 2183.0, 192.0, 1889.0, 193.0, 1905.0, 2092.0, 191.0, 1347.0) 
Voter 49: ID 276; Choice (1356.0, 2183.0, 192.0, 1889.0, 193.0, 1905.0, 2092.0, 191.0, 1347.0) 
Voter 50: ID 615; Choice (1356.0, 2183.0, 192.0, 1889.0, 193.0, 1905.0, 2092.0, 191.0, 1347.0) 
---------------------------------------------------------------------------
Concensus reached after 8 iterations.
Max degree: 24 Number of valid combinations: 30 Using random find.
There are 1 opinions after all iterations.
(1356.0, 2183.0, 192.0, 1889.0, 193.0, 1905.0, 2092.0, 191.0, 1347.0) count: 50
