    project id    reward
0       1211.0 -0.444988
1       2141.0 -0.057202
2       1356.0  0.331482
3       2183.0  0.343395
4        433.0 -0.263659
5        192.0  0.232709
6       1889.0  0.302624
7        193.0  0.251523
8       1347.0  0.192139
9       1905.0  0.121838
10      2092.0  0.245409
11      2121.0 -0.136063
12       191.0  0.215283
Valid Combinations are:
(1356.0, 2183.0, 192.0, 1889.0, 193.0, 1905.0, 2092.0, 191.0, 1347.0)
(1356.0, 2183.0, 192.0, 1889.0, 193.0, 1905.0, 2092.0, 191.0)
(1211.0, 2141.0, 1356.0, 2183.0, 192.0, 193.0)
(2141.0, 1356.0, 2183.0, 192.0, 1889.0, 193.0, 1347.0, 2092.0, 2121.0, 191.0)
(2141.0, 1356.0, 2183.0, 433.0, 192.0, 1889.0, 193.0, 1905.0, 2092.0)
(1211.0, 1356.0, 2183.0, 192.0, 1889.0, 193.0, 1905.0, 191.0)
(2141.0, 1356.0, 2183.0, 433.0, 192.0, 193.0, 2092.0, 191.0)
(2141.0, 1356.0, 2183.0, 192.0, 1889.0, 1905.0, 2121.0, 191.0)
(2141.0, 1356.0, 2183.0, 1889.0, 193.0, 1347.0, 1905.0, 2121.0)
(2141.0, 2183.0, 433.0, 192.0, 1889.0, 1905.0, 2121.0, 191.0)
(2141.0, 2183.0, 433.0, 192.0, 193.0, 1905.0, 2092.0, 2121.0)
(2141.0, 2183.0, 433.0, 192.0, 1347.0, 1905.0, 2092.0, 2121.0)
(2141.0, 2183.0, 433.0, 1347.0, 1905.0, 2092.0, 2121.0, 191.0)
(2141.0, 2183.0, 1889.0, 193.0, 1905.0, 2092.0, 2121.0, 191.0)
(1356.0, 2183.0, 433.0, 192.0, 193.0, 1347.0, 1905.0, 191.0)
(1356.0, 2183.0, 1889.0, 1347.0, 1905.0, 2092.0, 2121.0, 191.0)
(1356.0, 433.0, 192.0, 1889.0, 1347.0, 1905.0, 2092.0, 2121.0)
(2183.0, 433.0, 192.0, 1889.0, 193.0, 1347.0, 1905.0, 2121.0)
(2183.0, 433.0, 193.0, 1347.0, 1905.0, 2092.0, 2121.0, 191.0)
(1211.0, 1356.0, 2183.0, 192.0, 1889.0, 1347.0, 191.0)
(1211.0, 1356.0, 2183.0, 1889.0, 193.0, 1347.0, 2092.0)
(1211.0, 1356.0, 1889.0, 193.0, 1347.0, 2092.0, 191.0)
(1211.0, 2183.0, 192.0, 193.0, 1347.0, 1905.0, 191.0)
(1211.0, 2183.0, 1889.0, 193.0, 1905.0, 2121.0, 191.0)
(2141.0, 1356.0, 2183.0, 433.0, 1889.0, 1347.0, 2092.0)
(2141.0, 1356.0, 2183.0, 433.0, 1347.0, 1905.0, 2092.0)
(2141.0, 1356.0, 433.0, 192.0, 1889.0, 1905.0, 191.0)
(2141.0, 1356.0, 192.0, 1889.0, 193.0, 1347.0, 1905.0)
(2141.0, 1356.0, 192.0, 1889.0, 193.0, 1905.0, 191.0)
(2141.0, 1356.0, 192.0, 1347.0, 1905.0, 2092.0, 191.0)
(2141.0, 2183.0, 433.0, 192.0, 1889.0, 193.0, 1347.0)
(2141.0, 2183.0, 433.0, 193.0, 1347.0, 2121.0, 191.0)
(2141.0, 2183.0, 192.0, 1889.0, 193.0, 1347.0, 1905.0)
(2141.0, 2183.0, 192.0, 193.0, 1347.0, 1905.0, 2092.0)
(2141.0, 433.0, 192.0, 1347.0, 1905.0, 2092.0, 191.0)
(2141.0, 192.0, 1889.0, 1347.0, 1905.0, 2092.0, 191.0)
(1356.0, 2183.0, 433.0, 192.0, 1889.0, 1905.0, 2121.0)
(1356.0, 2183.0, 433.0, 1347.0, 2092.0, 2121.0, 191.0)
(1356.0, 433.0, 192.0, 193.0, 1347.0, 1905.0, 2092.0)
(1356.0, 433.0, 192.0, 193.0, 1347.0, 1905.0, 2121.0)
(2183.0, 433.0, 192.0, 1347.0, 1905.0, 2121.0, 191.0)
(1211.0, 2141.0, 2183.0, 193.0, 1905.0, 191.0)
(1211.0, 1356.0, 192.0, 1889.0, 1347.0, 2092.0)
(1211.0, 2183.0, 1889.0, 193.0, 1347.0, 1905.0)
(2141.0, 1356.0, 2183.0, 433.0, 1889.0, 191.0)
(2141.0, 1356.0, 2183.0, 193.0, 1905.0, 191.0)
(2141.0, 433.0, 1889.0, 193.0, 2092.0, 191.0)
(2141.0, 192.0, 1889.0, 1905.0, 2092.0, 2121.0)
(1356.0, 2183.0, 433.0, 193.0, 2092.0, 2121.0)
(1356.0, 433.0, 192.0, 1347.0, 2092.0, 191.0)
(1356.0, 433.0, 1889.0, 1905.0, 2092.0, 191.0)
(2183.0, 433.0, 192.0, 1889.0, 2092.0, 191.0)
(2183.0, 433.0, 1889.0, 193.0, 2121.0, 191.0)
(2183.0, 433.0, 1889.0, 1905.0, 2092.0, 2121.0)
(2183.0, 192.0, 1889.0, 1905.0, 2092.0, 2121.0)
Initial Choices:
---------------------------------------------------------------------------
Voter 1: ID 226; Choice (1211.0, 1356.0, 2183.0, 1889.0, 193.0, 1347.0, 2092.0) 
Voter 2: ID 607; Choice (2141.0, 192.0, 1889.0, 1905.0, 2092.0, 2121.0) 
Voter 3: ID 350; Choice (2183.0, 433.0, 192.0, 1347.0, 1905.0, 2121.0, 191.0) 
Voter 4: ID 727; Choice (1356.0, 2183.0, 433.0, 1347.0, 2092.0, 2121.0, 191.0) 
Voter 5: ID 474; Choice (2141.0, 1356.0, 2183.0, 433.0, 192.0, 1889.0, 193.0, 1905.0, 2092.0) 
Voter 6: ID 619; Choice (1211.0, 1356.0, 2183.0, 192.0, 1889.0, 193.0, 1905.0, 191.0) 
Voter 7: ID 129; Choice (2141.0, 2183.0, 433.0, 192.0, 193.0, 1905.0, 2092.0, 2121.0) 
Voter 8: ID 505; Choice (1356.0, 2183.0, 433.0, 192.0, 1889.0, 1905.0, 2121.0) 
Voter 9: ID 486; Choice (1211.0, 2141.0, 2183.0, 193.0, 1905.0, 191.0) 
Voter 10: ID 595; Choice (2183.0, 433.0, 1889.0, 1905.0, 2092.0, 2121.0) 
Voter 11: ID 602; Choice (2183.0, 433.0, 192.0, 1347.0, 1905.0, 2121.0, 191.0) 
Voter 12: ID 361; Choice (2141.0, 1356.0, 2183.0, 433.0, 192.0, 193.0, 2092.0, 191.0) 
Voter 13: ID 433; Choice (1211.0, 1356.0, 192.0, 1889.0, 1347.0, 2092.0) 
Voter 14: ID 197; Choice (2141.0, 1356.0, 192.0, 1889.0, 193.0, 1347.0, 1905.0) 
Voter 15: ID 7; Choice (2183.0, 433.0, 192.0, 1889.0, 2092.0, 191.0) 
Voter 16: ID 528; Choice (2141.0, 2183.0, 433.0, 192.0, 1889.0, 193.0, 1347.0) 
Voter 17: ID 151; Choice (2141.0, 1356.0, 2183.0, 192.0, 1889.0, 1905.0, 2121.0, 191.0) 
Voter 18: ID 54; Choice (2183.0, 433.0, 192.0, 1347.0, 1905.0, 2121.0, 191.0) 
Voter 19: ID 717; Choice (2141.0, 1356.0, 192.0, 1889.0, 193.0, 1347.0, 1905.0) 
Voter 20: ID 613; Choice (2141.0, 2183.0, 192.0, 193.0, 1347.0, 1905.0, 2092.0) 
Voter 21: ID 79; Choice (2141.0, 2183.0, 433.0, 192.0, 1889.0, 1905.0, 2121.0, 191.0) 
Voter 22: ID 668; Choice (1211.0, 2183.0, 192.0, 193.0, 1347.0, 1905.0, 191.0) 
Voter 23: ID 446; Choice (1211.0, 2183.0, 1889.0, 193.0, 1905.0, 2121.0, 191.0) 
Voter 24: ID 284; Choice (1211.0, 2183.0, 192.0, 193.0, 1347.0, 1905.0, 191.0) 
Voter 25: ID 276; Choice (2141.0, 1356.0, 2183.0, 433.0, 1889.0, 191.0) 
Voter 26: ID 560; Choice (2141.0, 1356.0, 433.0, 192.0, 1889.0, 1905.0, 191.0) 
Voter 27: ID 593; Choice (2141.0, 1356.0, 2183.0, 433.0, 192.0, 1889.0, 193.0, 1905.0, 2092.0) 
Voter 28: ID 342; Choice (2141.0, 2183.0, 433.0, 1347.0, 1905.0, 2092.0, 2121.0, 191.0) 
Voter 29: ID 698; Choice (1211.0, 2141.0, 2183.0, 193.0, 1905.0, 191.0) 
Voter 30: ID 271; Choice (2141.0, 1356.0, 2183.0, 192.0, 1889.0, 1905.0, 2121.0, 191.0) 
Voter 31: ID 465; Choice (2141.0, 1356.0, 2183.0, 1889.0, 193.0, 1347.0, 1905.0, 2121.0) 
Voter 32: ID 509; Choice (2141.0, 1356.0, 2183.0, 433.0, 192.0, 193.0, 2092.0, 191.0) 
Voter 33: ID 354; Choice (2141.0, 2183.0, 433.0, 192.0, 1889.0, 193.0, 1347.0) 
Voter 34: ID 117; Choice (1356.0, 2183.0, 433.0, 192.0, 193.0, 1347.0, 1905.0, 191.0) 
Voter 35: ID 280; Choice (2141.0, 2183.0, 433.0, 192.0, 1347.0, 1905.0, 2092.0, 2121.0) 
Voter 36: ID 333; Choice (1356.0, 433.0, 1889.0, 1905.0, 2092.0, 191.0) 
Voter 37: ID 639; Choice (2141.0, 1356.0, 2183.0, 433.0, 1347.0, 1905.0, 2092.0) 
Voter 38: ID 574; Choice (2141.0, 2183.0, 433.0, 192.0, 1889.0, 1905.0, 2121.0, 191.0) 
Voter 39: ID 17; Choice (1211.0, 2183.0, 1889.0, 193.0, 1905.0, 2121.0, 191.0) 
Voter 40: ID 339; Choice (2141.0, 2183.0, 1889.0, 193.0, 1905.0, 2092.0, 2121.0, 191.0) 
Voter 41: ID 740; Choice (2141.0, 2183.0, 433.0, 193.0, 1347.0, 2121.0, 191.0) 
Voter 42: ID 487; Choice (2183.0, 433.0, 192.0, 1889.0, 2092.0, 191.0) 
Voter 43: ID 588; Choice (1356.0, 2183.0, 433.0, 192.0, 193.0, 1347.0, 1905.0, 191.0) 
Voter 44: ID 410; Choice (1211.0, 1356.0, 2183.0, 192.0, 1889.0, 193.0, 1905.0, 191.0) 
Voter 45: ID 67; Choice (1211.0, 2183.0, 1889.0, 193.0, 1905.0, 2121.0, 191.0) 
Voter 46: ID 683; Choice (2141.0, 1356.0, 2183.0, 1889.0, 193.0, 1347.0, 1905.0, 2121.0) 
Voter 47: ID 557; Choice (1356.0, 2183.0, 192.0, 1889.0, 193.0, 1905.0, 2092.0, 191.0, 1347.0) 
Voter 48: ID 61; Choice (1211.0, 1356.0, 2183.0, 192.0, 1889.0, 193.0, 1905.0, 191.0) 
Voter 49: ID 247; Choice (2141.0, 1356.0, 192.0, 1347.0, 1905.0, 2092.0, 191.0) 
Voter 50: ID 68; Choice (1356.0, 433.0, 192.0, 193.0, 1347.0, 1905.0, 2092.0) 
---------------------------------------------------------------------------
After Iteration 1 :
Voter 1: ID 226; Choice (2141.0, 1356.0, 2183.0, 1889.0, 193.0, 1347.0, 1905.0, 2121.0) 
Voter 2: ID 607; Choice (2141.0, 1356.0, 192.0, 1347.0, 1905.0, 2092.0, 191.0) 
Voter 3: ID 350; Choice (2141.0, 433.0, 1889.0, 193.0, 2092.0, 191.0) 
Voter 4: ID 727; Choice (1356.0, 2183.0, 192.0, 1889.0, 193.0, 1905.0, 2092.0, 191.0) 
Voter 5: ID 474; Choice (2141.0, 2183.0, 433.0, 193.0, 1347.0, 2121.0, 191.0) 
Voter 6: ID 619; Choice (1356.0, 2183.0, 433.0, 192.0, 1889.0, 1905.0, 2121.0) 
Voter 7: ID 129; Choice (1356.0, 2183.0, 192.0, 1889.0, 193.0, 1905.0, 2092.0, 191.0, 1347.0) 
Voter 8: ID 505; Choice (2183.0, 433.0, 192.0, 1889.0, 193.0, 1347.0, 1905.0, 2121.0) 
Voter 9: ID 486; Choice (1356.0, 2183.0, 433.0, 192.0, 193.0, 1347.0, 1905.0, 191.0) 
Voter 10: ID 595; Choice (1211.0, 1356.0, 1889.0, 193.0, 1347.0, 2092.0, 191.0) 
Voter 11: ID 602; Choice (2141.0, 2183.0, 433.0, 192.0, 193.0, 1905.0, 2092.0, 2121.0) 
Voter 12: ID 361; Choice (1356.0, 2183.0, 433.0, 192.0, 193.0, 1347.0, 1905.0, 191.0) 
Voter 13: ID 433; Choice (1211.0, 2183.0, 1889.0, 193.0, 1347.0, 1905.0) 
Voter 14: ID 197; Choice (2141.0, 192.0, 1889.0, 1905.0, 2092.0, 2121.0) 
Voter 15: ID 7; Choice (2141.0, 2183.0, 433.0, 193.0, 1347.0, 2121.0, 191.0) 
Voter 16: ID 528; Choice (2183.0, 433.0, 192.0, 1889.0, 193.0, 1347.0, 1905.0, 2121.0) 
Voter 17: ID 151; Choice (1356.0, 2183.0, 433.0, 1347.0, 2092.0, 2121.0, 191.0) 
Voter 18: ID 54; Choice (1211.0, 2183.0, 1889.0, 193.0, 1905.0, 2121.0, 191.0) 
Voter 19: ID 717; Choice (2183.0, 433.0, 193.0, 1347.0, 1905.0, 2092.0, 2121.0, 191.0) 
Voter 20: ID 613; Choice (1356.0, 433.0, 192.0, 1347.0, 2092.0, 191.0) 
Voter 21: ID 79; Choice (1356.0, 433.0, 192.0, 1347.0, 2092.0, 191.0) 
Voter 22: ID 668; Choice (1211.0, 1356.0, 1889.0, 193.0, 1347.0, 2092.0, 191.0) 
Voter 23: ID 446; Choice (2141.0, 1356.0, 433.0, 192.0, 1889.0, 1905.0, 191.0) 
Voter 24: ID 284; Choice (1211.0, 2141.0, 1356.0, 2183.0, 192.0, 193.0) 
Voter 25: ID 276; Choice (2141.0, 1356.0, 2183.0, 433.0, 1889.0, 1347.0, 2092.0) 
Voter 26: ID 560; Choice (1356.0, 2183.0, 192.0, 1889.0, 193.0, 1905.0, 2092.0, 191.0, 1347.0) 
Voter 27: ID 593; Choice (1356.0, 433.0, 192.0, 1347.0, 2092.0, 191.0) 
Voter 28: ID 342; Choice (1356.0, 433.0, 192.0, 193.0, 1347.0, 1905.0, 2092.0) 
Voter 29: ID 698; Choice (2141.0, 2183.0, 433.0, 192.0, 1889.0, 193.0, 1347.0) 
Voter 30: ID 271; Choice (1211.0, 1356.0, 2183.0, 1889.0, 193.0, 1347.0, 2092.0) 
Voter 31: ID 465; Choice (1356.0, 2183.0, 1889.0, 1347.0, 1905.0, 2092.0, 2121.0, 191.0) 
Voter 32: ID 509; Choice (2141.0, 1356.0, 192.0, 1347.0, 1905.0, 2092.0, 191.0) 
Voter 33: ID 354; Choice (1211.0, 1356.0, 2183.0, 192.0, 1889.0, 1347.0, 191.0) 
Voter 34: ID 117; Choice (2183.0, 433.0, 1889.0, 193.0, 2121.0, 191.0) 
Voter 35: ID 280; Choice (2183.0, 433.0, 192.0, 1347.0, 1905.0, 2121.0, 191.0) 
Voter 36: ID 333; Choice (1211.0, 2183.0, 1889.0, 193.0, 1905.0, 2121.0, 191.0) 
Voter 37: ID 639; Choice (2141.0, 192.0, 1889.0, 1905.0, 2092.0, 2121.0) 
Voter 38: ID 574; Choice (2141.0, 1356.0, 2183.0, 192.0, 1889.0, 193.0, 1347.0, 2092.0, 2121.0, 191.0) 
Voter 39: ID 17; Choice (2141.0, 2183.0, 1889.0, 193.0, 1905.0, 2092.0, 2121.0, 191.0) 
Voter 40: ID 339; Choice (2183.0, 192.0, 1889.0, 1905.0, 2092.0, 2121.0) 
Voter 41: ID 740; Choice (2141.0, 1356.0, 2183.0, 433.0, 1889.0, 1347.0, 2092.0) 
Voter 42: ID 487; Choice (1356.0, 433.0, 192.0, 193.0, 1347.0, 1905.0, 2121.0) 
Voter 43: ID 588; Choice (2141.0, 2183.0, 192.0, 1889.0, 193.0, 1347.0, 1905.0) 
Voter 44: ID 410; Choice (2183.0, 433.0, 192.0, 1347.0, 1905.0, 2121.0, 191.0) 
Voter 45: ID 67; Choice (1211.0, 2183.0, 1889.0, 193.0, 1905.0, 2121.0, 191.0) 
Voter 46: ID 683; Choice (2141.0, 2183.0, 433.0, 1347.0, 1905.0, 2092.0, 2121.0, 191.0) 
Voter 47: ID 557; Choice (2141.0, 2183.0, 433.0, 192.0, 1347.0, 1905.0, 2092.0, 2121.0) 
Voter 48: ID 61; Choice (1211.0, 2141.0, 2183.0, 193.0, 1905.0, 191.0) 
Voter 49: ID 247; Choice (2141.0, 1356.0, 433.0, 192.0, 1889.0, 1905.0, 191.0) 
Voter 50: ID 68; Choice (2141.0, 433.0, 192.0, 1347.0, 1905.0, 2092.0, 191.0) 
---------------------------------------------------------------------------
---------------------------------------------------------------------------
{(1356.0, 2183.0, 192.0, 1889.0, 193.0, 1905.0, 2092.0, 191.0, 1347.0): 0, (1356.0, 2183.0, 192.0, 1889.0, 193.0, 1905.0, 2092.0, 191.0): 0, (1211.0, 2141.0, 1356.0, 2183.0, 192.0, 193.0): 0, (2141.0, 1356.0, 2183.0, 192.0, 1889.0, 193.0, 1347.0, 2092.0, 2121.0, 191.0): 0, (2141.0, 1356.0, 2183.0, 433.0, 192.0, 1889.0, 193.0, 1905.0, 2092.0): 0, (1211.0, 1356.0, 2183.0, 192.0, 1889.0, 193.0, 1905.0, 191.0): 0.13538664646565232, (2141.0, 1356.0, 2183.0, 433.0, 192.0, 193.0, 2092.0, 191.0): 0.12989405226856743, (2141.0, 1356.0, 2183.0, 192.0, 1889.0, 1905.0, 2121.0, 191.0): 0, (2141.0, 1356.0, 2183.0, 1889.0, 193.0, 1347.0, 1905.0, 2121.0): 0.13497371223206822, (2141.0, 2183.0, 433.0, 192.0, 1889.0, 1905.0, 2121.0, 191.0): 0.07589254990015133, (2141.0, 2183.0, 433.0, 192.0, 193.0, 1905.0, 2092.0, 2121.0): 0, (2141.0, 2183.0, 433.0, 192.0, 1347.0, 1905.0, 2092.0, 2121.0): 0, (2141.0, 2183.0, 433.0, 1347.0, 1905.0, 2092.0, 2121.0, 191.0): 0, (2141.0, 2183.0, 1889.0, 193.0, 1905.0, 2092.0, 2121.0, 191.0): 0.12868071123129687, (1356.0, 2183.0, 433.0, 192.0, 193.0, 1347.0, 1905.0, 191.0): 0, (1356.0, 2183.0, 1889.0, 1347.0, 1905.0, 2092.0, 2121.0, 191.0): 0, (1356.0, 433.0, 192.0, 1889.0, 1347.0, 1905.0, 2092.0, 2121.0): 0, (2183.0, 433.0, 192.0, 1889.0, 193.0, 1347.0, 1905.0, 2121.0): 0, (2183.0, 433.0, 193.0, 1347.0, 1905.0, 2092.0, 2121.0, 191.0): 0, (1211.0, 1356.0, 2183.0, 192.0, 1889.0, 1347.0, 191.0): 0, (1211.0, 1356.0, 2183.0, 1889.0, 193.0, 1347.0, 2092.0): 0, (1211.0, 1356.0, 1889.0, 193.0, 1347.0, 2092.0, 191.0): 0, (1211.0, 2183.0, 192.0, 193.0, 1347.0, 1905.0, 191.0): 0.09118998953134282, (1211.0, 2183.0, 1889.0, 193.0, 1905.0, 2121.0, 191.0): 0.06536123695355356, (2141.0, 1356.0, 2183.0, 433.0, 1889.0, 1347.0, 2092.0): 0, (2141.0, 1356.0, 2183.0, 433.0, 1347.0, 1905.0, 2092.0): 0, (2141.0, 1356.0, 433.0, 192.0, 1889.0, 1905.0, 191.0): 0, (2141.0, 1356.0, 192.0, 1889.0, 193.0, 1347.0, 1905.0): 0.13751137161354396, (2141.0, 1356.0, 192.0, 1889.0, 193.0, 1905.0, 191.0): 0, (2141.0, 1356.0, 192.0, 1347.0, 1905.0, 2092.0, 191.0): 0, (2141.0, 2183.0, 433.0, 192.0, 1889.0, 193.0, 1347.0): 0.10015295446026616, (2141.0, 2183.0, 433.0, 193.0, 1347.0, 2121.0, 191.0): 0, (2141.0, 2183.0, 192.0, 1889.0, 193.0, 1347.0, 1905.0): 0, (2141.0, 2183.0, 192.0, 193.0, 1347.0, 1905.0, 2092.0): 0.13298119753939525, (2141.0, 433.0, 192.0, 1347.0, 1905.0, 2092.0, 191.0): 0, (2141.0, 192.0, 1889.0, 1347.0, 1905.0, 2092.0, 191.0): 0, (1356.0, 2183.0, 433.0, 192.0, 1889.0, 1905.0, 2121.0): 0, (1356.0, 2183.0, 433.0, 1347.0, 2092.0, 2121.0, 191.0): 0.09279874317521497, (1356.0, 433.0, 192.0, 193.0, 1347.0, 1905.0, 2092.0): 0, (1356.0, 433.0, 192.0, 193.0, 1347.0, 1905.0, 2121.0): 0, (2183.0, 433.0, 192.0, 1347.0, 1905.0, 2121.0, 191.0): 0.07056436042646004, (1211.0, 2141.0, 2183.0, 193.0, 1905.0, 191.0): 0.04298490562431631, (1211.0, 1356.0, 192.0, 1889.0, 1347.0, 2092.0): 0.08593755288324828, (1211.0, 2183.0, 1889.0, 193.0, 1347.0, 1905.0): 0, (2141.0, 1356.0, 2183.0, 433.0, 1889.0, 191.0): 0, (2141.0, 1356.0, 2183.0, 193.0, 1905.0, 191.0): 0, (2141.0, 433.0, 1889.0, 193.0, 2092.0, 191.0): 0, (2141.0, 192.0, 1889.0, 1905.0, 2092.0, 2121.0): 0.07093152556475653, (1356.0, 2183.0, 433.0, 193.0, 2092.0, 2121.0): 0, (1356.0, 433.0, 192.0, 1347.0, 2092.0, 191.0): 0, (1356.0, 433.0, 1889.0, 1905.0, 2092.0, 191.0): 0.09529776966387415, (2183.0, 433.0, 192.0, 1889.0, 2092.0, 191.0): 0.10757611200347793, (2183.0, 433.0, 1889.0, 193.0, 2121.0, 191.0): 0, (2183.0, 433.0, 1889.0, 1905.0, 2092.0, 2121.0): 0, (2183.0, 192.0, 1889.0, 1905.0, 2092.0, 2121.0): 0}
After Iteration 2 :
Voter 1: ID 226; Choice (1356.0, 433.0, 192.0, 1889.0, 1347.0, 1905.0, 2092.0, 2121.0) 
Voter 2: ID 607; Choice (1211.0, 2183.0, 1889.0, 193.0, 1905.0, 2121.0, 191.0) 
Voter 3: ID 350; Choice (1211.0, 1356.0, 2183.0, 192.0, 1889.0, 1347.0, 191.0) 
Voter 4: ID 727; Choice (2141.0, 192.0, 1889.0, 1347.0, 1905.0, 2092.0, 191.0) 
Voter 5: ID 474; Choice (1356.0, 433.0, 1889.0, 1905.0, 2092.0, 191.0) 
Voter 6: ID 619; Choice (1356.0, 2183.0, 1889.0, 1347.0, 1905.0, 2092.0, 2121.0, 191.0) 
Voter 7: ID 129; Choice (2141.0, 2183.0, 192.0, 1889.0, 193.0, 1347.0, 1905.0) 
Voter 8: ID 505; Choice (1356.0, 433.0, 192.0, 1889.0, 1347.0, 1905.0, 2092.0, 2121.0) 
Voter 9: ID 486; Choice (2141.0, 1356.0, 2183.0, 433.0, 1889.0, 191.0) 
Voter 10: ID 595; Choice (1356.0, 433.0, 1889.0, 1905.0, 2092.0, 191.0) 
Voter 11: ID 602; Choice (2183.0, 192.0, 1889.0, 1905.0, 2092.0, 2121.0) 
Voter 12: ID 361; Choice (2141.0, 192.0, 1889.0, 1347.0, 1905.0, 2092.0, 191.0) 
Voter 13: ID 433; Choice (2183.0, 433.0, 192.0, 1889.0, 193.0, 1347.0, 1905.0, 2121.0) 
Voter 14: ID 197; Choice (1356.0, 433.0, 192.0, 193.0, 1347.0, 1905.0, 2121.0) 
Voter 15: ID 7; Choice (1356.0, 2183.0, 433.0, 1347.0, 2092.0, 2121.0, 191.0) 
Voter 16: ID 528; Choice (2141.0, 1356.0, 2183.0, 192.0, 1889.0, 193.0, 1347.0, 2092.0, 2121.0, 191.0) 
Voter 17: ID 151; Choice (1211.0, 2141.0, 1356.0, 2183.0, 192.0, 193.0) 
Voter 18: ID 54; Choice (2141.0, 1356.0, 2183.0, 192.0, 1889.0, 1905.0, 2121.0, 191.0) 
Voter 19: ID 717; Choice (2141.0, 2183.0, 433.0, 192.0, 193.0, 1905.0, 2092.0, 2121.0) 
Voter 20: ID 613; Choice (1211.0, 2141.0, 1356.0, 2183.0, 192.0, 193.0) 
Voter 21: ID 79; Choice (1211.0, 2141.0, 1356.0, 2183.0, 192.0, 193.0) 
Voter 22: ID 668; Choice (2141.0, 1356.0, 2183.0, 433.0, 1347.0, 1905.0, 2092.0) 
Voter 23: ID 446; Choice (1356.0, 433.0, 192.0, 193.0, 1347.0, 1905.0, 2092.0) 
Voter 24: ID 284; Choice (2183.0, 433.0, 1889.0, 1905.0, 2092.0, 2121.0) 
Voter 25: ID 276; Choice (2183.0, 192.0, 1889.0, 1905.0, 2092.0, 2121.0) 
Voter 26: ID 560; Choice (2141.0, 1356.0, 2183.0, 433.0, 1889.0, 191.0) 
Voter 27: ID 593; Choice (2141.0, 1356.0, 192.0, 1889.0, 193.0, 1347.0, 1905.0) 
Voter 28: ID 342; Choice (1356.0, 2183.0, 433.0, 192.0, 1889.0, 1905.0, 2121.0) 
Voter 29: ID 698; Choice (2141.0, 1356.0, 192.0, 1347.0, 1905.0, 2092.0, 191.0) 
Voter 30: ID 271; Choice (2141.0, 1356.0, 192.0, 1889.0, 193.0, 1347.0, 1905.0) 
Voter 31: ID 465; Choice (1211.0, 2141.0, 2183.0, 193.0, 1905.0, 191.0) 
Voter 32: ID 509; Choice (2183.0, 433.0, 193.0, 1347.0, 1905.0, 2092.0, 2121.0, 191.0) 
Voter 33: ID 354; Choice (2141.0, 433.0, 192.0, 1347.0, 1905.0, 2092.0, 191.0) 
Voter 34: ID 117; Choice (2141.0, 2183.0, 192.0, 193.0, 1347.0, 1905.0, 2092.0) 
Voter 35: ID 280; Choice (1356.0, 2183.0, 433.0, 1347.0, 2092.0, 2121.0, 191.0) 
Voter 36: ID 333; Choice (2141.0, 192.0, 1889.0, 1905.0, 2092.0, 2121.0) 
Voter 37: ID 639; Choice (2141.0, 1356.0, 2183.0, 193.0, 1905.0, 191.0) 
Voter 38: ID 574; Choice (2183.0, 433.0, 192.0, 1889.0, 193.0, 1347.0, 1905.0, 2121.0) 
Voter 39: ID 17; Choice (2141.0, 1356.0, 2183.0, 433.0, 1889.0, 1347.0, 2092.0) 
Voter 40: ID 339; Choice (2141.0, 2183.0, 1889.0, 193.0, 1905.0, 2092.0, 2121.0, 191.0) 
Voter 41: ID 740; Choice (2183.0, 433.0, 192.0, 1347.0, 1905.0, 2121.0, 191.0) 
Voter 42: ID 487; Choice (2141.0, 2183.0, 192.0, 193.0, 1347.0, 1905.0, 2092.0) 
Voter 43: ID 588; Choice (2141.0, 1356.0, 433.0, 192.0, 1889.0, 1905.0, 191.0) 
Voter 44: ID 410; Choice (1211.0, 2141.0, 1356.0, 2183.0, 192.0, 193.0) 
Voter 45: ID 67; Choice (1356.0, 2183.0, 433.0, 193.0, 2092.0, 2121.0) 
Voter 46: ID 683; Choice (1211.0, 2141.0, 1356.0, 2183.0, 192.0, 193.0) 
Voter 47: ID 557; Choice (2141.0, 1356.0, 2183.0, 1889.0, 193.0, 1347.0, 1905.0, 2121.0) 
Voter 48: ID 61; Choice (1211.0, 2141.0, 2183.0, 193.0, 1905.0, 191.0) 
Voter 49: ID 247; Choice (2141.0, 2183.0, 433.0, 1347.0, 1905.0, 2092.0, 2121.0, 191.0) 
Voter 50: ID 68; Choice (2141.0, 1356.0, 2183.0, 193.0, 1905.0, 191.0) 
---------------------------------------------------------------------------
After Iteration 3 :
Voter 1: ID 226; Choice (1211.0, 2183.0, 1889.0, 193.0, 1347.0, 1905.0) 
Voter 2: ID 607; Choice (1356.0, 2183.0, 433.0, 193.0, 2092.0, 2121.0) 
Voter 3: ID 350; Choice (2141.0, 2183.0, 433.0, 1347.0, 1905.0, 2092.0, 2121.0, 191.0) 
Voter 4: ID 727; Choice (1356.0, 2183.0, 192.0, 1889.0, 193.0, 1905.0, 2092.0, 191.0, 1347.0) 
Voter 5: ID 474; Choice (1211.0, 1356.0, 2183.0, 1889.0, 193.0, 1347.0, 2092.0) 
Voter 6: ID 619; Choice (1211.0, 1356.0, 2183.0, 1889.0, 193.0, 1347.0, 2092.0) 
Voter 7: ID 129; Choice (2141.0, 192.0, 1889.0, 1347.0, 1905.0, 2092.0, 191.0) 
Voter 8: ID 505; Choice (2183.0, 192.0, 1889.0, 1905.0, 2092.0, 2121.0) 
Voter 9: ID 486; Choice (2141.0, 192.0, 1889.0, 1905.0, 2092.0, 2121.0) 
Voter 10: ID 595; Choice (2141.0, 2183.0, 433.0, 192.0, 193.0, 1905.0, 2092.0, 2121.0) 
Voter 11: ID 602; Choice (1356.0, 2183.0, 433.0, 192.0, 193.0, 1347.0, 1905.0, 191.0) 
Voter 12: ID 361; Choice (1211.0, 2183.0, 1889.0, 193.0, 1905.0, 2121.0, 191.0) 
Voter 13: ID 433; Choice (2141.0, 192.0, 1889.0, 1905.0, 2092.0, 2121.0) 
Voter 14: ID 197; Choice (1356.0, 433.0, 192.0, 1347.0, 2092.0, 191.0) 
Voter 15: ID 7; Choice (2183.0, 433.0, 192.0, 1347.0, 1905.0, 2121.0, 191.0) 
Voter 16: ID 528; Choice (1211.0, 1356.0, 1889.0, 193.0, 1347.0, 2092.0, 191.0) 
Voter 17: ID 151; Choice (2141.0, 1356.0, 192.0, 1347.0, 1905.0, 2092.0, 191.0) 
Voter 18: ID 54; Choice (2141.0, 1356.0, 192.0, 1889.0, 193.0, 1905.0, 191.0) 
Voter 19: ID 717; Choice (2141.0, 1356.0, 2183.0, 1889.0, 193.0, 1347.0, 1905.0, 2121.0) 
Voter 20: ID 613; Choice (2141.0, 1356.0, 2183.0, 1889.0, 193.0, 1347.0, 1905.0, 2121.0) 
Voter 21: ID 79; Choice (1211.0, 1356.0, 1889.0, 193.0, 1347.0, 2092.0, 191.0) 
Voter 22: ID 668; Choice (2141.0, 1356.0, 2183.0, 433.0, 1889.0, 191.0) 
Voter 23: ID 446; Choice (2141.0, 1356.0, 2183.0, 433.0, 1347.0, 1905.0, 2092.0) 
Voter 24: ID 284; Choice (2183.0, 433.0, 192.0, 1889.0, 2092.0, 191.0) 
Voter 25: ID 276; Choice (2141.0, 1356.0, 2183.0, 433.0, 192.0, 193.0, 2092.0, 191.0) 
Voter 26: ID 560; Choice (1356.0, 2183.0, 433.0, 193.0, 2092.0, 2121.0) 
Voter 27: ID 593; Choice (2141.0, 433.0, 192.0, 1347.0, 1905.0, 2092.0, 191.0) 
Voter 28: ID 342; Choice (2183.0, 433.0, 192.0, 1889.0, 193.0, 1347.0, 1905.0, 2121.0) 
Voter 29: ID 698; Choice (1211.0, 2183.0, 1889.0, 193.0, 1347.0, 1905.0) 
Voter 30: ID 271; Choice (2141.0, 2183.0, 1889.0, 193.0, 1905.0, 2092.0, 2121.0, 191.0) 
Voter 31: ID 465; Choice (2183.0, 433.0, 1889.0, 193.0, 2121.0, 191.0) 
Voter 32: ID 509; Choice (2141.0, 1356.0, 2183.0, 192.0, 1889.0, 1905.0, 2121.0, 191.0) 
Voter 33: ID 354; Choice (1211.0, 2183.0, 1889.0, 193.0, 1905.0, 2121.0, 191.0) 
Voter 34: ID 117; Choice (1356.0, 2183.0, 192.0, 1889.0, 193.0, 1905.0, 2092.0, 191.0, 1347.0) 
Voter 35: ID 280; Choice (1211.0, 2183.0, 192.0, 193.0, 1347.0, 1905.0, 191.0) 
Voter 36: ID 333; Choice (2141.0, 2183.0, 433.0, 1347.0, 1905.0, 2092.0, 2121.0, 191.0) 
Voter 37: ID 639; Choice (1211.0, 1356.0, 2183.0, 192.0, 1889.0, 193.0, 1905.0, 191.0) 
Voter 38: ID 574; Choice (2141.0, 1356.0, 192.0, 1347.0, 1905.0, 2092.0, 191.0) 
Voter 39: ID 17; Choice (1356.0, 2183.0, 433.0, 1347.0, 2092.0, 2121.0, 191.0) 
Voter 40: ID 339; Choice (2141.0, 2183.0, 433.0, 192.0, 193.0, 1905.0, 2092.0, 2121.0) 
Voter 41: ID 740; Choice (1356.0, 2183.0, 192.0, 1889.0, 193.0, 1905.0, 2092.0, 191.0, 1347.0) 
Voter 42: ID 487; Choice (2141.0, 2183.0, 433.0, 1347.0, 1905.0, 2092.0, 2121.0, 191.0) 
Voter 43: ID 588; Choice (1356.0, 2183.0, 433.0, 1347.0, 2092.0, 2121.0, 191.0) 
Voter 44: ID 410; Choice (2141.0, 192.0, 1889.0, 1347.0, 1905.0, 2092.0, 191.0) 
Voter 45: ID 67; Choice (2141.0, 2183.0, 433.0, 192.0, 1347.0, 1905.0, 2092.0, 2121.0) 
Voter 46: ID 683; Choice (2141.0, 1356.0, 192.0, 1347.0, 1905.0, 2092.0, 191.0) 
Voter 47: ID 557; Choice (1356.0, 2183.0, 192.0, 1889.0, 193.0, 1905.0, 2092.0, 191.0) 
Voter 48: ID 61; Choice (2141.0, 1356.0, 2183.0, 433.0, 1889.0, 1347.0, 2092.0) 
Voter 49: ID 247; Choice (1356.0, 2183.0, 433.0, 1347.0, 2092.0, 2121.0, 191.0) 
Voter 50: ID 68; Choice (2183.0, 433.0, 192.0, 1889.0, 193.0, 1347.0, 1905.0, 2121.0) 
---------------------------------------------------------------------------
After Iteration 4 :
Voter 1: ID 226; Choice (1356.0, 2183.0, 192.0, 1889.0, 193.0, 1905.0, 2092.0, 191.0, 1347.0) 
Voter 2: ID 607; Choice (1356.0, 2183.0, 192.0, 1889.0, 193.0, 1905.0, 2092.0, 191.0, 1347.0) 
Voter 3: ID 350; Choice (1356.0, 2183.0, 192.0, 1889.0, 193.0, 1905.0, 2092.0, 191.0, 1347.0) 
Voter 4: ID 727; Choice (1356.0, 2183.0, 192.0, 1889.0, 193.0, 1905.0, 2092.0, 191.0, 1347.0) 
Voter 5: ID 474; Choice (1356.0, 2183.0, 192.0, 1889.0, 193.0, 1905.0, 2092.0, 191.0, 1347.0) 
Voter 6: ID 619; Choice (2141.0, 1356.0, 2183.0, 433.0, 1889.0, 191.0) 
Voter 7: ID 129; Choice (1356.0, 2183.0, 192.0, 1889.0, 193.0, 1905.0, 2092.0, 191.0, 1347.0) 
Voter 8: ID 505; Choice (1356.0, 2183.0, 192.0, 1889.0, 193.0, 1905.0, 2092.0, 191.0, 1347.0) 
Voter 9: ID 486; Choice (1356.0, 2183.0, 192.0, 1889.0, 193.0, 1905.0, 2092.0, 191.0, 1347.0) 
Voter 10: ID 595; Choice (1356.0, 2183.0, 192.0, 1889.0, 193.0, 1905.0, 2092.0, 191.0, 1347.0) 
Voter 11: ID 602; Choice (1356.0, 2183.0, 192.0, 1889.0, 193.0, 1905.0, 2092.0, 191.0, 1347.0) 
Voter 12: ID 361; Choice (1356.0, 2183.0, 192.0, 1889.0, 193.0, 1905.0, 2092.0, 191.0, 1347.0) 
Voter 13: ID 433; Choice (1356.0, 2183.0, 192.0, 1889.0, 193.0, 1905.0, 2092.0, 191.0, 1347.0) 
Voter 14: ID 197; Choice (1356.0, 2183.0, 192.0, 1889.0, 193.0, 1905.0, 2092.0, 191.0, 1347.0) 
Voter 15: ID 7; Choice (1356.0, 2183.0, 192.0, 1889.0, 193.0, 1905.0, 2092.0, 191.0, 1347.0) 
Voter 16: ID 528; Choice (1356.0, 2183.0, 192.0, 1889.0, 193.0, 1905.0, 2092.0, 191.0, 1347.0) 
Voter 17: ID 151; Choice (1356.0, 2183.0, 192.0, 1889.0, 193.0, 1905.0, 2092.0, 191.0, 1347.0) 
Voter 18: ID 54; Choice (1356.0, 433.0, 192.0, 193.0, 1347.0, 1905.0, 2092.0) 
Voter 19: ID 717; Choice (2141.0, 1356.0, 2183.0, 433.0, 192.0, 1889.0, 193.0, 1905.0, 2092.0) 
Voter 20: ID 613; Choice (1356.0, 2183.0, 192.0, 1889.0, 193.0, 1905.0, 2092.0, 191.0, 1347.0) 
Voter 21: ID 79; Choice (1356.0, 2183.0, 192.0, 1889.0, 193.0, 1905.0, 2092.0, 191.0, 1347.0) 
Voter 22: ID 668; Choice (1356.0, 2183.0, 192.0, 1889.0, 193.0, 1905.0, 2092.0, 191.0, 1347.0) 
Voter 23: ID 446; Choice (1356.0, 2183.0, 192.0, 1889.0, 193.0, 1905.0, 2092.0, 191.0, 1347.0) 
Voter 24: ID 284; Choice (1356.0, 2183.0, 192.0, 1889.0, 193.0, 1905.0, 2092.0, 191.0, 1347.0) 
Voter 25: ID 276; Choice (1356.0, 2183.0, 192.0, 1889.0, 193.0, 1905.0, 2092.0, 191.0, 1347.0) 
Voter 26: ID 560; Choice (1356.0, 2183.0, 192.0, 1889.0, 193.0, 1905.0, 2092.0, 191.0, 1347.0) 
Voter 27: ID 593; Choice (1356.0, 2183.0, 192.0, 1889.0, 193.0, 1905.0, 2092.0, 191.0, 1347.0) 
Voter 28: ID 342; Choice (1356.0, 2183.0, 192.0, 1889.0, 193.0, 1905.0, 2092.0, 191.0, 1347.0) 
Voter 29: ID 698; Choice (1356.0, 2183.0, 192.0, 1889.0, 193.0, 1905.0, 2092.0, 191.0, 1347.0) 
Voter 30: ID 271; Choice (1211.0, 1356.0, 2183.0, 1889.0, 193.0, 1347.0, 2092.0) 
Voter 31: ID 465; Choice (1356.0, 2183.0, 192.0, 1889.0, 193.0, 1905.0, 2092.0, 191.0, 1347.0) 
Voter 32: ID 509; Choice (1356.0, 2183.0, 192.0, 1889.0, 193.0, 1905.0, 2092.0, 191.0, 1347.0) 
Voter 33: ID 354; Choice (1356.0, 2183.0, 192.0, 1889.0, 193.0, 1905.0, 2092.0, 191.0, 1347.0) 
Voter 34: ID 117; Choice (1356.0, 2183.0, 192.0, 1889.0, 193.0, 1905.0, 2092.0, 191.0, 1347.0) 
Voter 35: ID 280; Choice (1356.0, 2183.0, 192.0, 1889.0, 193.0, 1905.0, 2092.0, 191.0, 1347.0) 
Voter 36: ID 333; Choice (1356.0, 2183.0, 192.0, 1889.0, 193.0, 1905.0, 2092.0, 191.0, 1347.0) 
Voter 37: ID 639; Choice (1356.0, 2183.0, 192.0, 1889.0, 193.0, 1905.0, 2092.0, 191.0, 1347.0) 
Voter 38: ID 574; Choice (1356.0, 2183.0, 192.0, 1889.0, 193.0, 1905.0, 2092.0, 191.0, 1347.0) 
Voter 39: ID 17; Choice (1356.0, 2183.0, 192.0, 1889.0, 193.0, 1905.0, 2092.0, 191.0, 1347.0) 
Voter 40: ID 339; Choice (1356.0, 2183.0, 192.0, 1889.0, 193.0, 1905.0, 2092.0, 191.0, 1347.0) 
Voter 41: ID 740; Choice (1356.0, 2183.0, 192.0, 1889.0, 193.0, 1905.0, 2092.0, 191.0, 1347.0) 
Voter 42: ID 487; Choice (1356.0, 2183.0, 192.0, 1889.0, 193.0, 1905.0, 2092.0, 191.0, 1347.0) 
Voter 43: ID 588; Choice (1356.0, 2183.0, 192.0, 1889.0, 193.0, 1905.0, 2092.0, 191.0, 1347.0) 
Voter 44: ID 410; Choice (1356.0, 2183.0, 192.0, 1889.0, 193.0, 1905.0, 2092.0, 191.0, 1347.0) 
Voter 45: ID 67; Choice (1356.0, 2183.0, 192.0, 1889.0, 193.0, 1905.0, 2092.0, 191.0, 1347.0) 
Voter 46: ID 683; Choice (1356.0, 2183.0, 192.0, 1889.0, 193.0, 1905.0, 2092.0, 191.0, 1347.0) 
Voter 47: ID 557; Choice (2141.0, 1356.0, 2183.0, 1889.0, 193.0, 1347.0, 1905.0, 2121.0) 
Voter 48: ID 61; Choice (1356.0, 2183.0, 192.0, 1889.0, 193.0, 1905.0, 2092.0, 191.0, 1347.0) 
Voter 49: ID 247; Choice (1356.0, 2183.0, 192.0, 1889.0, 193.0, 1905.0, 2092.0, 191.0, 1347.0) 
Voter 50: ID 68; Choice (1356.0, 2183.0, 192.0, 1889.0, 193.0, 1905.0, 2092.0, 191.0, 1347.0) 
---------------------------------------------------------------------------
After Iteration 5 :
Voter 1: ID 226; Choice (1356.0, 2183.0, 192.0, 1889.0, 193.0, 1905.0, 2092.0, 191.0, 1347.0) 
Voter 2: ID 607; Choice (1356.0, 2183.0, 192.0, 1889.0, 193.0, 1905.0, 2092.0, 191.0, 1347.0) 
Voter 3: ID 350; Choice (1356.0, 2183.0, 192.0, 1889.0, 193.0, 1905.0, 2092.0, 191.0, 1347.0) 
Voter 4: ID 727; Choice (1356.0, 2183.0, 192.0, 1889.0, 193.0, 1905.0, 2092.0, 191.0, 1347.0) 
Voter 5: ID 474; Choice (1211.0, 1356.0, 2183.0, 1889.0, 193.0, 1347.0, 2092.0) 
Voter 6: ID 619; Choice (1356.0, 2183.0, 192.0, 1889.0, 193.0, 1905.0, 2092.0, 191.0, 1347.0) 
Voter 7: ID 129; Choice (1356.0, 2183.0, 192.0, 1889.0, 193.0, 1905.0, 2092.0, 191.0, 1347.0) 
Voter 8: ID 505; Choice (1356.0, 2183.0, 192.0, 1889.0, 193.0, 1905.0, 2092.0, 191.0, 1347.0) 
Voter 9: ID 486; Choice (1356.0, 2183.0, 192.0, 1889.0, 193.0, 1905.0, 2092.0, 191.0, 1347.0) 
Voter 10: ID 595; Choice (1356.0, 2183.0, 192.0, 1889.0, 193.0, 1905.0, 2092.0, 191.0, 1347.0) 
Voter 11: ID 602; Choice (1356.0, 2183.0, 433.0, 192.0, 193.0, 1347.0, 1905.0, 191.0) 
Voter 12: ID 361; Choice (1356.0, 2183.0, 192.0, 1889.0, 193.0, 1905.0, 2092.0, 191.0, 1347.0) 
Voter 13: ID 433; Choice (1356.0, 2183.0, 192.0, 1889.0, 193.0, 1905.0, 2092.0, 191.0, 1347.0) 
Voter 14: ID 197; Choice (1356.0, 2183.0, 192.0, 1889.0, 193.0, 1905.0, 2092.0, 191.0, 1347.0) 
Voter 15: ID 7; Choice (1356.0, 2183.0, 192.0, 1889.0, 193.0, 1905.0, 2092.0, 191.0, 1347.0) 
Voter 16: ID 528; Choice (1356.0, 2183.0, 192.0, 1889.0, 193.0, 1905.0, 2092.0, 191.0, 1347.0) 
Voter 17: ID 151; Choice (2141.0, 1356.0, 192.0, 1347.0, 1905.0, 2092.0, 191.0) 
Voter 18: ID 54; Choice (1356.0, 433.0, 192.0, 193.0, 1347.0, 1905.0, 2092.0) 
Voter 19: ID 717; Choice (2141.0, 1356.0, 2183.0, 1889.0, 193.0, 1347.0, 1905.0, 2121.0) 
Voter 20: ID 613; Choice (2141.0, 1356.0, 2183.0, 1889.0, 193.0, 1347.0, 1905.0, 2121.0) 
Voter 21: ID 79; Choice (1356.0, 2183.0, 192.0, 1889.0, 193.0, 1905.0, 2092.0, 191.0, 1347.0) 
Voter 22: ID 668; Choice (1356.0, 2183.0, 192.0, 1889.0, 193.0, 1905.0, 2092.0, 191.0, 1347.0) 
Voter 23: ID 446; Choice (1356.0, 2183.0, 192.0, 1889.0, 193.0, 1905.0, 2092.0, 191.0, 1347.0) 
Voter 24: ID 284; Choice (1356.0, 2183.0, 192.0, 1889.0, 193.0, 1905.0, 2092.0, 191.0, 1347.0) 
Voter 25: ID 276; Choice (2141.0, 1356.0, 2183.0, 433.0, 192.0, 193.0, 2092.0, 191.0) 
Voter 26: ID 560; Choice (1356.0, 2183.0, 192.0, 1889.0, 193.0, 1905.0, 2092.0, 191.0, 1347.0) 
Voter 27: ID 593; Choice (1356.0, 2183.0, 192.0, 1889.0, 193.0, 1905.0, 2092.0, 191.0, 1347.0) 
Voter 28: ID 342; Choice (1356.0, 2183.0, 192.0, 1889.0, 193.0, 1905.0, 2092.0, 191.0, 1347.0) 
Voter 29: ID 698; Choice (1356.0, 2183.0, 192.0, 1889.0, 193.0, 1905.0, 2092.0, 191.0, 1347.0) 
Voter 30: ID 271; Choice (1211.0, 1356.0, 2183.0, 1889.0, 193.0, 1347.0, 2092.0) 
Voter 31: ID 465; Choice (1356.0, 2183.0, 192.0, 1889.0, 193.0, 1905.0, 2092.0, 191.0, 1347.0) 
Voter 32: ID 509; Choice (1356.0, 2183.0, 192.0, 1889.0, 193.0, 1905.0, 2092.0, 191.0, 1347.0) 
Voter 33: ID 354; Choice (1356.0, 2183.0, 192.0, 1889.0, 193.0, 1905.0, 2092.0, 191.0, 1347.0) 
Voter 34: ID 117; Choice (1356.0, 2183.0, 192.0, 1889.0, 193.0, 1905.0, 2092.0, 191.0, 1347.0) 
Voter 35: ID 280; Choice (1356.0, 2183.0, 192.0, 1889.0, 193.0, 1905.0, 2092.0, 191.0, 1347.0) 
Voter 36: ID 333; Choice (1356.0, 2183.0, 192.0, 1889.0, 193.0, 1905.0, 2092.0, 191.0, 1347.0) 
Voter 37: ID 639; Choice (1356.0, 2183.0, 192.0, 1889.0, 193.0, 1905.0, 2092.0, 191.0, 1347.0) 
Voter 38: ID 574; Choice (1356.0, 2183.0, 192.0, 1889.0, 193.0, 1905.0, 2092.0, 191.0, 1347.0) 
Voter 39: ID 17; Choice (1356.0, 2183.0, 192.0, 1889.0, 193.0, 1905.0, 2092.0, 191.0, 1347.0) 
Voter 40: ID 339; Choice (1356.0, 2183.0, 192.0, 1889.0, 193.0, 1905.0, 2092.0, 191.0, 1347.0) 
Voter 41: ID 740; Choice (1356.0, 2183.0, 192.0, 1889.0, 193.0, 1905.0, 2092.0, 191.0, 1347.0) 
Voter 42: ID 487; Choice (1356.0, 2183.0, 192.0, 1889.0, 193.0, 1905.0, 2092.0, 191.0, 1347.0) 
Voter 43: ID 588; Choice (1356.0, 2183.0, 192.0, 1889.0, 193.0, 1905.0, 2092.0, 191.0, 1347.0) 
Voter 44: ID 410; Choice (1356.0, 2183.0, 192.0, 1889.0, 193.0, 1905.0, 2092.0, 191.0, 1347.0) 
Voter 45: ID 67; Choice (1356.0, 2183.0, 192.0, 1889.0, 193.0, 1905.0, 2092.0, 191.0, 1347.0) 
Voter 46: ID 683; Choice (1356.0, 2183.0, 192.0, 1889.0, 193.0, 1905.0, 2092.0, 191.0, 1347.0) 
Voter 47: ID 557; Choice (2141.0, 1356.0, 2183.0, 1889.0, 193.0, 1347.0, 1905.0, 2121.0) 
Voter 48: ID 61; Choice (1356.0, 2183.0, 192.0, 1889.0, 193.0, 1905.0, 2092.0, 191.0, 1347.0) 
Voter 49: ID 247; Choice (1356.0, 2183.0, 192.0, 1889.0, 193.0, 1905.0, 2092.0, 191.0, 1347.0) 
Voter 50: ID 68; Choice (1356.0, 2183.0, 192.0, 1889.0, 193.0, 1905.0, 2092.0, 191.0, 1347.0) 
---------------------------------------------------------------------------
After Iteration 6 :
Voter 1: ID 226; Choice (1356.0, 2183.0, 192.0, 1889.0, 193.0, 1905.0, 2092.0, 191.0, 1347.0) 
Voter 2: ID 607; Choice (1356.0, 2183.0, 192.0, 1889.0, 193.0, 1905.0, 2092.0, 191.0, 1347.0) 
Voter 3: ID 350; Choice (1356.0, 2183.0, 192.0, 1889.0, 193.0, 1905.0, 2092.0, 191.0, 1347.0) 
Voter 4: ID 727; Choice (1356.0, 2183.0, 192.0, 1889.0, 193.0, 1905.0, 2092.0, 191.0, 1347.0) 
Voter 5: ID 474; Choice (1356.0, 2183.0, 192.0, 1889.0, 193.0, 1905.0, 2092.0, 191.0, 1347.0) 
Voter 6: ID 619; Choice (1356.0, 2183.0, 192.0, 1889.0, 193.0, 1905.0, 2092.0, 191.0, 1347.0) 
Voter 7: ID 129; Choice (1356.0, 2183.0, 192.0, 1889.0, 193.0, 1905.0, 2092.0, 191.0, 1347.0) 
Voter 8: ID 505; Choice (1356.0, 2183.0, 192.0, 1889.0, 193.0, 1905.0, 2092.0, 191.0, 1347.0) 
Voter 9: ID 486; Choice (1356.0, 2183.0, 192.0, 1889.0, 193.0, 1905.0, 2092.0, 191.0, 1347.0) 
Voter 10: ID 595; Choice (1356.0, 2183.0, 192.0, 1889.0, 193.0, 1905.0, 2092.0, 191.0, 1347.0) 
Voter 11: ID 602; Choice (1356.0, 2183.0, 192.0, 1889.0, 193.0, 1905.0, 2092.0, 191.0, 1347.0) 
Voter 12: ID 361; Choice (1356.0, 2183.0, 192.0, 1889.0, 193.0, 1905.0, 2092.0, 191.0, 1347.0) 
Voter 13: ID 433; Choice (2183.0, 433.0, 1889.0, 1905.0, 2092.0, 2121.0) 
Voter 14: ID 197; Choice (1356.0, 2183.0, 192.0, 1889.0, 193.0, 1905.0, 2092.0, 191.0, 1347.0) 
Voter 15: ID 7; Choice (1356.0, 2183.0, 192.0, 1889.0, 193.0, 1905.0, 2092.0, 191.0, 1347.0) 
Voter 16: ID 528; Choice (1356.0, 2183.0, 192.0, 1889.0, 193.0, 1905.0, 2092.0, 191.0, 1347.0) 
Voter 17: ID 151; Choice (1356.0, 2183.0, 192.0, 1889.0, 193.0, 1905.0, 2092.0, 191.0, 1347.0) 
Voter 18: ID 54; Choice (1356.0, 2183.0, 192.0, 1889.0, 193.0, 1905.0, 2092.0, 191.0, 1347.0) 
Voter 19: ID 717; Choice (1356.0, 2183.0, 192.0, 1889.0, 193.0, 1905.0, 2092.0, 191.0, 1347.0) 
Voter 20: ID 613; Choice (1356.0, 2183.0, 192.0, 1889.0, 193.0, 1905.0, 2092.0, 191.0, 1347.0) 
Voter 21: ID 79; Choice (1356.0, 2183.0, 192.0, 1889.0, 193.0, 1905.0, 2092.0, 191.0, 1347.0) 
Voter 22: ID 668; Choice (1356.0, 2183.0, 192.0, 1889.0, 193.0, 1905.0, 2092.0, 191.0, 1347.0) 
Voter 23: ID 446; Choice (1356.0, 2183.0, 192.0, 1889.0, 193.0, 1905.0, 2092.0, 191.0, 1347.0) 
Voter 24: ID 284; Choice (1356.0, 2183.0, 192.0, 1889.0, 193.0, 1905.0, 2092.0, 191.0, 1347.0) 
Voter 25: ID 276; Choice (1356.0, 2183.0, 192.0, 1889.0, 193.0, 1905.0, 2092.0, 191.0, 1347.0) 
Voter 26: ID 560; Choice (1356.0, 2183.0, 192.0, 1889.0, 193.0, 1905.0, 2092.0, 191.0, 1347.0) 
Voter 27: ID 593; Choice (1356.0, 2183.0, 192.0, 1889.0, 193.0, 1905.0, 2092.0, 191.0, 1347.0) 
Voter 28: ID 342; Choice (1356.0, 2183.0, 192.0, 1889.0, 193.0, 1905.0, 2092.0, 191.0, 1347.0) 
Voter 29: ID 698; Choice (1356.0, 2183.0, 192.0, 1889.0, 193.0, 1905.0, 2092.0, 191.0, 1347.0) 
Voter 30: ID 271; Choice (1356.0, 2183.0, 192.0, 1889.0, 193.0, 1905.0, 2092.0, 191.0, 1347.0) 
Voter 31: ID 465; Choice (1356.0, 2183.0, 192.0, 1889.0, 193.0, 1905.0, 2092.0, 191.0, 1347.0) 
Voter 32: ID 509; Choice (1356.0, 2183.0, 192.0, 1889.0, 193.0, 1905.0, 2092.0, 191.0, 1347.0) 
Voter 33: ID 354; Choice (1356.0, 2183.0, 192.0, 1889.0, 193.0, 1905.0, 2092.0, 191.0, 1347.0) 
Voter 34: ID 117; Choice (1356.0, 2183.0, 192.0, 1889.0, 193.0, 1905.0, 2092.0, 191.0, 1347.0) 
Voter 35: ID 280; Choice (1356.0, 2183.0, 192.0, 1889.0, 193.0, 1905.0, 2092.0, 191.0, 1347.0) 
Voter 36: ID 333; Choice (1356.0, 2183.0, 192.0, 1889.0, 193.0, 1905.0, 2092.0, 191.0, 1347.0) 
Voter 37: ID 639; Choice (1356.0, 2183.0, 192.0, 1889.0, 193.0, 1905.0, 2092.0, 191.0, 1347.0) 
Voter 38: ID 574; Choice (1356.0, 2183.0, 192.0, 1889.0, 193.0, 1905.0, 2092.0, 191.0, 1347.0) 
Voter 39: ID 17; Choice (2141.0, 2183.0, 433.0, 192.0, 1889.0, 1905.0, 2121.0, 191.0) 
Voter 40: ID 339; Choice (1356.0, 2183.0, 192.0, 1889.0, 193.0, 1905.0, 2092.0, 191.0, 1347.0) 
Voter 41: ID 740; Choice (1356.0, 2183.0, 192.0, 1889.0, 193.0, 1905.0, 2092.0, 191.0, 1347.0) 
Voter 42: ID 487; Choice (1356.0, 2183.0, 192.0, 1889.0, 193.0, 1905.0, 2092.0, 191.0, 1347.0) 
Voter 43: ID 588; Choice (1356.0, 2183.0, 192.0, 1889.0, 193.0, 1905.0, 2092.0, 191.0, 1347.0) 
Voter 44: ID 410; Choice (1356.0, 2183.0, 192.0, 1889.0, 193.0, 1905.0, 2092.0, 191.0, 1347.0) 
Voter 45: ID 67; Choice (1356.0, 2183.0, 192.0, 1889.0, 193.0, 1905.0, 2092.0, 191.0, 1347.0) 
Voter 46: ID 683; Choice (1356.0, 2183.0, 192.0, 1889.0, 193.0, 1905.0, 2092.0, 191.0, 1347.0) 
Voter 47: ID 557; Choice (1356.0, 2183.0, 192.0, 1889.0, 193.0, 1905.0, 2092.0, 191.0, 1347.0) 
Voter 48: ID 61; Choice (1356.0, 2183.0, 192.0, 1889.0, 193.0, 1905.0, 2092.0, 191.0, 1347.0) 
Voter 49: ID 247; Choice (1356.0, 2183.0, 192.0, 1889.0, 193.0, 1905.0, 2092.0, 191.0, 1347.0) 
Voter 50: ID 68; Choice (1356.0, 2183.0, 192.0, 1889.0, 193.0, 1905.0, 2092.0, 191.0, 1347.0) 
---------------------------------------------------------------------------
After Iteration 7 :
Voter 1: ID 226; Choice (1356.0, 2183.0, 192.0, 1889.0, 193.0, 1905.0, 2092.0, 191.0, 1347.0) 
Voter 2: ID 607; Choice (1356.0, 2183.0, 192.0, 1889.0, 193.0, 1905.0, 2092.0, 191.0, 1347.0) 
Voter 3: ID 350; Choice (1356.0, 2183.0, 192.0, 1889.0, 193.0, 1905.0, 2092.0, 191.0, 1347.0) 
Voter 4: ID 727; Choice (1356.0, 2183.0, 192.0, 1889.0, 193.0, 1905.0, 2092.0, 191.0, 1347.0) 
Voter 5: ID 474; Choice (1356.0, 2183.0, 192.0, 1889.0, 193.0, 1905.0, 2092.0, 191.0, 1347.0) 
Voter 6: ID 619; Choice (1356.0, 2183.0, 433.0, 192.0, 1889.0, 1905.0, 2121.0) 
Voter 7: ID 129; Choice (1356.0, 2183.0, 192.0, 1889.0, 193.0, 1905.0, 2092.0, 191.0, 1347.0) 
Voter 8: ID 505; Choice (1356.0, 2183.0, 192.0, 1889.0, 193.0, 1905.0, 2092.0, 191.0, 1347.0) 
Voter 9: ID 486; Choice (1356.0, 2183.0, 192.0, 1889.0, 193.0, 1905.0, 2092.0, 191.0, 1347.0) 
Voter 10: ID 595; Choice (1356.0, 2183.0, 192.0, 1889.0, 193.0, 1905.0, 2092.0, 191.0, 1347.0) 
Voter 11: ID 602; Choice (1356.0, 2183.0, 192.0, 1889.0, 193.0, 1905.0, 2092.0, 191.0, 1347.0) 
Voter 12: ID 361; Choice (1356.0, 2183.0, 192.0, 1889.0, 193.0, 1905.0, 2092.0, 191.0, 1347.0) 
Voter 13: ID 433; Choice (1356.0, 2183.0, 192.0, 1889.0, 193.0, 1905.0, 2092.0, 191.0, 1347.0) 
Voter 14: ID 197; Choice (1356.0, 2183.0, 192.0, 1889.0, 193.0, 1905.0, 2092.0, 191.0, 1347.0) 
Voter 15: ID 7; Choice (1356.0, 2183.0, 192.0, 1889.0, 193.0, 1905.0, 2092.0, 191.0, 1347.0) 
Voter 16: ID 528; Choice (1356.0, 2183.0, 192.0, 1889.0, 193.0, 1905.0, 2092.0, 191.0, 1347.0) 
Voter 17: ID 151; Choice (1356.0, 2183.0, 192.0, 1889.0, 193.0, 1905.0, 2092.0, 191.0, 1347.0) 
Voter 18: ID 54; Choice (1356.0, 2183.0, 192.0, 1889.0, 193.0, 1905.0, 2092.0, 191.0, 1347.0) 
Voter 19: ID 717; Choice (1356.0, 2183.0, 192.0, 1889.0, 193.0, 1905.0, 2092.0, 191.0, 1347.0) 
Voter 20: ID 613; Choice (1356.0, 2183.0, 192.0, 1889.0, 193.0, 1905.0, 2092.0, 191.0, 1347.0) 
Voter 21: ID 79; Choice (1356.0, 2183.0, 192.0, 1889.0, 193.0, 1905.0, 2092.0, 191.0, 1347.0) 
Voter 22: ID 668; Choice (1356.0, 2183.0, 192.0, 1889.0, 193.0, 1905.0, 2092.0, 191.0, 1347.0) 
Voter 23: ID 446; Choice (1356.0, 2183.0, 192.0, 1889.0, 193.0, 1905.0, 2092.0, 191.0, 1347.0) 
Voter 24: ID 284; Choice (1356.0, 2183.0, 192.0, 1889.0, 193.0, 1905.0, 2092.0, 191.0, 1347.0) 
Voter 25: ID 276; Choice (1356.0, 2183.0, 192.0, 1889.0, 193.0, 1905.0, 2092.0, 191.0, 1347.0) 
Voter 26: ID 560; Choice (1356.0, 2183.0, 192.0, 1889.0, 193.0, 1905.0, 2092.0, 191.0, 1347.0) 
Voter 27: ID 593; Choice (1356.0, 2183.0, 192.0, 1889.0, 193.0, 1905.0, 2092.0, 191.0, 1347.0) 
Voter 28: ID 342; Choice (1356.0, 2183.0, 192.0, 1889.0, 193.0, 1905.0, 2092.0, 191.0, 1347.0) 
Voter 29: ID 698; Choice (1356.0, 2183.0, 192.0, 1889.0, 193.0, 1905.0, 2092.0, 191.0, 1347.0) 
Voter 30: ID 271; Choice (1356.0, 2183.0, 192.0, 1889.0, 193.0, 1905.0, 2092.0, 191.0, 1347.0) 
Voter 31: ID 465; Choice (1356.0, 2183.0, 192.0, 1889.0, 193.0, 1905.0, 2092.0, 191.0, 1347.0) 
Voter 32: ID 509; Choice (1356.0, 2183.0, 192.0, 1889.0, 193.0, 1905.0, 2092.0, 191.0, 1347.0) 
Voter 33: ID 354; Choice (1356.0, 2183.0, 192.0, 1889.0, 193.0, 1905.0, 2092.0, 191.0, 1347.0) 
Voter 34: ID 117; Choice (1356.0, 2183.0, 192.0, 1889.0, 193.0, 1905.0, 2092.0, 191.0, 1347.0) 
Voter 35: ID 280; Choice (1356.0, 2183.0, 192.0, 1889.0, 193.0, 1905.0, 2092.0, 191.0, 1347.0) 
Voter 36: ID 333; Choice (1356.0, 2183.0, 192.0, 1889.0, 193.0, 1905.0, 2092.0, 191.0, 1347.0) 
Voter 37: ID 639; Choice (1356.0, 2183.0, 192.0, 1889.0, 193.0, 1905.0, 2092.0, 191.0, 1347.0) 
Voter 38: ID 574; Choice (1356.0, 2183.0, 192.0, 1889.0, 193.0, 1905.0, 2092.0, 191.0, 1347.0) 
Voter 39: ID 17; Choice (1356.0, 2183.0, 192.0, 1889.0, 193.0, 1905.0, 2092.0, 191.0, 1347.0) 
Voter 40: ID 339; Choice (1356.0, 2183.0, 192.0, 1889.0, 193.0, 1905.0, 2092.0, 191.0, 1347.0) 
Voter 41: ID 740; Choice (1356.0, 2183.0, 192.0, 1889.0, 193.0, 1905.0, 2092.0, 191.0, 1347.0) 
Voter 42: ID 487; Choice (1356.0, 2183.0, 192.0, 1889.0, 193.0, 1905.0, 2092.0, 191.0, 1347.0) 
Voter 43: ID 588; Choice (1356.0, 2183.0, 192.0, 1889.0, 193.0, 1905.0, 2092.0, 191.0, 1347.0) 
Voter 44: ID 410; Choice (1356.0, 2183.0, 192.0, 1889.0, 193.0, 1905.0, 2092.0, 191.0, 1347.0) 
Voter 45: ID 67; Choice (1356.0, 2183.0, 192.0, 1889.0, 193.0, 1905.0, 2092.0, 191.0, 1347.0) 
Voter 46: ID 683; Choice (1356.0, 2183.0, 192.0, 1889.0, 193.0, 1905.0, 2092.0, 191.0, 1347.0) 
Voter 47: ID 557; Choice (2141.0, 1356.0, 2183.0, 1889.0, 193.0, 1347.0, 1905.0, 2121.0) 
Voter 48: ID 61; Choice (1356.0, 2183.0, 192.0, 1889.0, 193.0, 1905.0, 2092.0, 191.0, 1347.0) 
Voter 49: ID 247; Choice (1356.0, 2183.0, 192.0, 1889.0, 193.0, 1905.0, 2092.0, 191.0, 1347.0) 
Voter 50: ID 68; Choice (1356.0, 2183.0, 192.0, 1889.0, 193.0, 1905.0, 2092.0, 191.0, 1347.0) 
---------------------------------------------------------------------------
After Iteration 8 :
Voter 1: ID 226; Choice (1356.0, 2183.0, 192.0, 1889.0, 193.0, 1905.0, 2092.0, 191.0, 1347.0) 
Voter 2: ID 607; Choice (1356.0, 2183.0, 192.0, 1889.0, 193.0, 1905.0, 2092.0, 191.0, 1347.0) 
Voter 3: ID 350; Choice (1356.0, 2183.0, 192.0, 1889.0, 193.0, 1905.0, 2092.0, 191.0, 1347.0) 
Voter 4: ID 727; Choice (1356.0, 2183.0, 192.0, 1889.0, 193.0, 1905.0, 2092.0, 191.0, 1347.0) 
Voter 5: ID 474; Choice (1356.0, 2183.0, 192.0, 1889.0, 193.0, 1905.0, 2092.0, 191.0, 1347.0) 
Voter 6: ID 619; Choice (1356.0, 2183.0, 192.0, 1889.0, 193.0, 1905.0, 2092.0, 191.0, 1347.0) 
Voter 7: ID 129; Choice (1356.0, 2183.0, 192.0, 1889.0, 193.0, 1905.0, 2092.0, 191.0, 1347.0) 
Voter 8: ID 505; Choice (1356.0, 2183.0, 192.0, 1889.0, 193.0, 1905.0, 2092.0, 191.0, 1347.0) 
Voter 9: ID 486; Choice (1356.0, 2183.0, 192.0, 1889.0, 193.0, 1905.0, 2092.0, 191.0, 1347.0) 
Voter 10: ID 595; Choice (1356.0, 2183.0, 192.0, 1889.0, 193.0, 1905.0, 2092.0, 191.0, 1347.0) 
Voter 11: ID 602; Choice (1356.0, 2183.0, 192.0, 1889.0, 193.0, 1905.0, 2092.0, 191.0, 1347.0) 
Voter 12: ID 361; Choice (1356.0, 2183.0, 192.0, 1889.0, 193.0, 1905.0, 2092.0, 191.0, 1347.0) 
Voter 13: ID 433; Choice (1356.0, 2183.0, 192.0, 1889.0, 193.0, 1905.0, 2092.0, 191.0, 1347.0) 
Voter 14: ID 197; Choice (1356.0, 2183.0, 192.0, 1889.0, 193.0, 1905.0, 2092.0, 191.0, 1347.0) 
Voter 15: ID 7; Choice (1356.0, 2183.0, 192.0, 1889.0, 193.0, 1905.0, 2092.0, 191.0, 1347.0) 
Voter 16: ID 528; Choice (1356.0, 2183.0, 192.0, 1889.0, 193.0, 1905.0, 2092.0, 191.0, 1347.0) 
Voter 17: ID 151; Choice (1356.0, 2183.0, 192.0, 1889.0, 193.0, 1905.0, 2092.0, 191.0, 1347.0) 
Voter 18: ID 54; Choice (1356.0, 2183.0, 192.0, 1889.0, 193.0, 1905.0, 2092.0, 191.0, 1347.0) 
Voter 19: ID 717; Choice (1356.0, 2183.0, 192.0, 1889.0, 193.0, 1905.0, 2092.0, 191.0, 1347.0) 
Voter 20: ID 613; Choice (1356.0, 2183.0, 192.0, 1889.0, 193.0, 1905.0, 2092.0, 191.0, 1347.0) 
Voter 21: ID 79; Choice (1356.0, 2183.0, 192.0, 1889.0, 193.0, 1905.0, 2092.0, 191.0, 1347.0) 
Voter 22: ID 668; Choice (1356.0, 2183.0, 192.0, 1889.0, 193.0, 1905.0, 2092.0, 191.0, 1347.0) 
Voter 23: ID 446; Choice (1356.0, 2183.0, 192.0, 1889.0, 193.0, 1905.0, 2092.0, 191.0, 1347.0) 
Voter 24: ID 284; Choice (1356.0, 2183.0, 192.0, 1889.0, 193.0, 1905.0, 2092.0, 191.0, 1347.0) 
Voter 25: ID 276; Choice (1356.0, 2183.0, 192.0, 1889.0, 193.0, 1905.0, 2092.0, 191.0, 1347.0) 
Voter 26: ID 560; Choice (1356.0, 2183.0, 192.0, 1889.0, 193.0, 1905.0, 2092.0, 191.0, 1347.0) 
Voter 27: ID 593; Choice (1356.0, 2183.0, 192.0, 1889.0, 193.0, 1905.0, 2092.0, 191.0, 1347.0) 
Voter 28: ID 342; Choice (1356.0, 2183.0, 192.0, 1889.0, 193.0, 1905.0, 2092.0, 191.0, 1347.0) 
Voter 29: ID 698; Choice (1356.0, 2183.0, 192.0, 1889.0, 193.0, 1905.0, 2092.0, 191.0, 1347.0) 
Voter 30: ID 271; Choice (1356.0, 2183.0, 192.0, 1889.0, 193.0, 1905.0, 2092.0, 191.0, 1347.0) 
Voter 31: ID 465; Choice (1356.0, 2183.0, 192.0, 1889.0, 193.0, 1905.0, 2092.0, 191.0, 1347.0) 
Voter 32: ID 509; Choice (1356.0, 2183.0, 192.0, 1889.0, 193.0, 1905.0, 2092.0, 191.0, 1347.0) 
Voter 33: ID 354; Choice (1356.0, 2183.0, 192.0, 1889.0, 193.0, 1905.0, 2092.0, 191.0, 1347.0) 
Voter 34: ID 117; Choice (1356.0, 2183.0, 192.0, 1889.0, 193.0, 1905.0, 2092.0, 191.0, 1347.0) 
Voter 35: ID 280; Choice (1356.0, 2183.0, 192.0, 1889.0, 193.0, 1905.0, 2092.0, 191.0, 1347.0) 
Voter 36: ID 333; Choice (1356.0, 2183.0, 192.0, 1889.0, 193.0, 1905.0, 2092.0, 191.0, 1347.0) 
Voter 37: ID 639; Choice (1356.0, 2183.0, 192.0, 1889.0, 193.0, 1905.0, 2092.0, 191.0, 1347.0) 
Voter 38: ID 574; Choice (1356.0, 2183.0, 192.0, 1889.0, 193.0, 1905.0, 2092.0, 191.0, 1347.0) 
Voter 39: ID 17; Choice (1356.0, 2183.0, 192.0, 1889.0, 193.0, 1905.0, 2092.0, 191.0, 1347.0) 
Voter 40: ID 339; Choice (1356.0, 2183.0, 192.0, 1889.0, 193.0, 1905.0, 2092.0, 191.0, 1347.0) 
Voter 41: ID 740; Choice (1356.0, 2183.0, 192.0, 1889.0, 193.0, 1905.0, 2092.0, 191.0, 1347.0) 
Voter 42: ID 487; Choice (1356.0, 2183.0, 192.0, 1889.0, 193.0, 1905.0, 2092.0, 191.0, 1347.0) 
Voter 43: ID 588; Choice (1356.0, 2183.0, 192.0, 1889.0, 193.0, 1905.0, 2092.0, 191.0, 1347.0) 
Voter 44: ID 410; Choice (1356.0, 2183.0, 192.0, 1889.0, 193.0, 1905.0, 2092.0, 191.0, 1347.0) 
Voter 45: ID 67; Choice (1356.0, 2183.0, 192.0, 1889.0, 193.0, 1905.0, 2092.0, 191.0, 1347.0) 
Voter 46: ID 683; Choice (1356.0, 2183.0, 192.0, 1889.0, 193.0, 1905.0, 2092.0, 191.0, 1347.0) 
Voter 47: ID 557; Choice (1356.0, 2183.0, 192.0, 1889.0, 193.0, 1905.0, 2092.0, 191.0, 1347.0) 
Voter 48: ID 61; Choice (1356.0, 2183.0, 192.0, 1889.0, 193.0, 1905.0, 2092.0, 191.0, 1347.0) 
Voter 49: ID 247; Choice (1356.0, 2183.0, 192.0, 1889.0, 193.0, 1905.0, 2092.0, 191.0, 1347.0) 
Voter 50: ID 68; Choice (1356.0, 2183.0, 192.0, 1889.0, 193.0, 1905.0, 2092.0, 191.0, 1347.0) 
---------------------------------------------------------------------------
Concensus reached after 8 iterations.
Max degree: 22 Number of valid combinations: 55 Using random find.
There are 1 opinions after all iterations.
(1356.0, 2183.0, 192.0, 1889.0, 193.0, 1905.0, 2092.0, 191.0, 1347.0) count: 50
