    project id    reward
0       1211.0 -0.444988
1       2141.0 -0.057202
2       1356.0  0.331482
3       2183.0  0.343395
4        433.0 -0.263659
5        192.0  0.232709
6       1889.0  0.302624
7        193.0  0.251523
8       1347.0  0.192139
9       1905.0  0.121838
10      2092.0  0.245409
11      2121.0 -0.136063
12       191.0  0.215283
Valid Combinations are:
(1356.0, 2183.0, 192.0, 1889.0, 193.0, 1905.0, 2092.0, 191.0, 1347.0)
(1356.0, 2183.0, 192.0, 1889.0, 193.0, 1905.0, 2092.0, 191.0)
(1211.0, 2141.0, 1356.0, 2183.0, 192.0, 193.0)
(2141.0, 1356.0, 2183.0, 433.0, 1889.0, 193.0, 1347.0, 1905.0, 2092.0, 191.0)
(2141.0, 1356.0, 433.0, 192.0, 1889.0, 193.0, 1347.0, 1905.0, 2092.0, 191.0)
(2141.0, 2183.0, 192.0, 1889.0, 193.0, 1347.0, 1905.0, 2092.0, 2121.0, 191.0)
(1356.0, 2183.0, 433.0, 192.0, 1889.0, 1347.0, 1905.0, 2092.0, 2121.0, 191.0)
(2141.0, 1356.0, 2183.0, 433.0, 192.0, 1889.0, 193.0, 1905.0, 191.0)
(2141.0, 1356.0, 2183.0, 192.0, 1889.0, 193.0, 1347.0, 1905.0, 2121.0)
(2141.0, 1356.0, 2183.0, 192.0, 1889.0, 193.0, 1347.0, 2121.0, 191.0)
(2141.0, 1356.0, 2183.0, 192.0, 1889.0, 193.0, 2092.0, 2121.0, 191.0)
(2141.0, 1356.0, 2183.0, 192.0, 193.0, 1347.0, 1905.0, 2092.0, 2121.0)
(2141.0, 1356.0, 2183.0, 1889.0, 193.0, 1347.0, 1905.0, 2121.0, 191.0)
(2141.0, 1356.0, 2183.0, 1889.0, 193.0, 1905.0, 2092.0, 2121.0, 191.0)
(2141.0, 1356.0, 2183.0, 193.0, 1347.0, 1905.0, 2092.0, 2121.0, 191.0)
(2141.0, 1356.0, 192.0, 1889.0, 193.0, 1347.0, 1905.0, 2121.0, 191.0)
(2141.0, 1356.0, 192.0, 1889.0, 1347.0, 1905.0, 2092.0, 2121.0, 191.0)
(2141.0, 1356.0, 1889.0, 193.0, 1347.0, 1905.0, 2092.0, 2121.0, 191.0)
(2141.0, 2183.0, 433.0, 192.0, 1889.0, 193.0, 1905.0, 2092.0, 2121.0)
(2141.0, 2183.0, 433.0, 192.0, 1889.0, 193.0, 1905.0, 2092.0, 191.0)
(2141.0, 2183.0, 433.0, 192.0, 1889.0, 193.0, 2092.0, 2121.0, 191.0)
(2141.0, 2183.0, 433.0, 192.0, 1889.0, 1905.0, 2092.0, 2121.0, 191.0)
(2141.0, 433.0, 192.0, 1889.0, 193.0, 1905.0, 2092.0, 2121.0, 191.0)
(1356.0, 2183.0, 433.0, 192.0, 1889.0, 193.0, 1347.0, 1905.0, 2092.0)
(1356.0, 2183.0, 433.0, 192.0, 1889.0, 193.0, 1347.0, 2092.0, 2121.0)
(1356.0, 2183.0, 433.0, 192.0, 1889.0, 193.0, 1905.0, 2092.0, 191.0)
(1356.0, 2183.0, 433.0, 1889.0, 193.0, 1347.0, 1905.0, 2092.0, 2121.0)
(1356.0, 2183.0, 192.0, 1889.0, 193.0, 1347.0, 1905.0, 2092.0, 2121.0)
(1356.0, 2183.0, 192.0, 1889.0, 193.0, 1347.0, 1905.0, 2121.0, 191.0)
(1356.0, 2183.0, 192.0, 1889.0, 193.0, 1905.0, 2092.0, 2121.0, 191.0)
(1356.0, 433.0, 192.0, 193.0, 1347.0, 1905.0, 2092.0, 2121.0, 191.0)
(1356.0, 433.0, 1889.0, 193.0, 1347.0, 1905.0, 2092.0, 2121.0, 191.0)
(2183.0, 433.0, 192.0, 193.0, 1347.0, 1905.0, 2092.0, 2121.0, 191.0)
(1211.0, 1356.0, 2183.0, 192.0, 1889.0, 193.0, 1905.0, 191.0)
(1211.0, 1356.0, 2183.0, 192.0, 1889.0, 193.0, 2092.0, 191.0)
(1211.0, 1356.0, 2183.0, 192.0, 193.0, 1347.0, 1905.0, 2092.0)
(1211.0, 1356.0, 2183.0, 1889.0, 193.0, 1347.0, 1905.0, 191.0)
(1211.0, 2183.0, 192.0, 1889.0, 193.0, 1347.0, 1905.0, 2092.0)
(2141.0, 1356.0, 2183.0, 433.0, 192.0, 1889.0, 193.0, 1347.0)
(2141.0, 1356.0, 2183.0, 433.0, 192.0, 1889.0, 2121.0, 191.0)
(2141.0, 1356.0, 2183.0, 433.0, 192.0, 193.0, 2092.0, 191.0)
(2141.0, 1356.0, 2183.0, 433.0, 192.0, 1347.0, 1905.0, 2092.0)
(2141.0, 1356.0, 2183.0, 433.0, 193.0, 1905.0, 2121.0, 191.0)
(2141.0, 1356.0, 2183.0, 192.0, 1889.0, 193.0, 1347.0, 2092.0)
(2141.0, 1356.0, 2183.0, 192.0, 1889.0, 1347.0, 1905.0, 2092.0)
(2141.0, 1356.0, 2183.0, 192.0, 1889.0, 1347.0, 2092.0, 2121.0)
(2141.0, 1356.0, 2183.0, 192.0, 1889.0, 1347.0, 2092.0, 191.0)
(2141.0, 1356.0, 2183.0, 1889.0, 193.0, 1347.0, 2092.0, 2121.0)
(2141.0, 1356.0, 192.0, 193.0, 1905.0, 2092.0, 2121.0, 191.0)
(2141.0, 2183.0, 433.0, 192.0, 1889.0, 193.0, 1347.0, 191.0)
(2141.0, 2183.0, 433.0, 192.0, 193.0, 1347.0, 2092.0, 191.0)
(2141.0, 2183.0, 433.0, 192.0, 193.0, 1347.0, 2121.0, 191.0)
(2141.0, 2183.0, 433.0, 1889.0, 193.0, 1905.0, 2121.0, 191.0)
(1356.0, 2183.0, 433.0, 192.0, 193.0, 1347.0, 1905.0, 2121.0)
(1356.0, 2183.0, 433.0, 192.0, 193.0, 1347.0, 1905.0, 191.0)
(1356.0, 2183.0, 433.0, 192.0, 193.0, 1347.0, 2092.0, 191.0)
(1356.0, 2183.0, 433.0, 192.0, 193.0, 1347.0, 2121.0, 191.0)
(1356.0, 2183.0, 433.0, 1889.0, 193.0, 1347.0, 2121.0, 191.0)
(1356.0, 2183.0, 433.0, 1889.0, 193.0, 2092.0, 2121.0, 191.0)
(1356.0, 2183.0, 433.0, 193.0, 1347.0, 1905.0, 2121.0, 191.0)
(1356.0, 2183.0, 433.0, 193.0, 1905.0, 2092.0, 2121.0, 191.0)
(2183.0, 433.0, 1889.0, 193.0, 1905.0, 2092.0, 2121.0, 191.0)
(1211.0, 1356.0, 2183.0, 192.0, 1889.0, 1347.0, 1905.0)
(1211.0, 1356.0, 2183.0, 193.0, 1347.0, 2092.0, 191.0)
(1211.0, 1356.0, 192.0, 1889.0, 193.0, 1347.0, 2092.0)
(1211.0, 1356.0, 192.0, 1889.0, 1347.0, 1905.0, 2092.0)
(1211.0, 1356.0, 192.0, 1889.0, 1347.0, 1905.0, 191.0)
(1211.0, 1356.0, 193.0, 1347.0, 1905.0, 2092.0, 191.0)
(1211.0, 2183.0, 192.0, 1889.0, 1905.0, 2092.0, 191.0)
(1211.0, 192.0, 1889.0, 193.0, 1347.0, 1905.0, 191.0)
(1211.0, 1889.0, 193.0, 1347.0, 1905.0, 2092.0, 191.0)
(2141.0, 1356.0, 2183.0, 433.0, 192.0, 1347.0, 191.0)
(2141.0, 1356.0, 2183.0, 433.0, 1889.0, 193.0, 2121.0)
(2141.0, 1356.0, 2183.0, 433.0, 1889.0, 2092.0, 2121.0)
(2141.0, 1356.0, 2183.0, 433.0, 193.0, 2092.0, 2121.0)
Initial Choices:
---------------------------------------------------------------------------
Voter 1: ID 448; Choice (2141.0, 433.0, 192.0, 1889.0, 193.0, 1905.0, 2092.0, 2121.0, 191.0) 
Voter 2: ID 29; Choice (2141.0, 1356.0, 192.0, 1889.0, 1347.0, 1905.0, 2092.0, 2121.0, 191.0) 
Voter 3: ID 400; Choice (1356.0, 2183.0, 433.0, 192.0, 193.0, 1347.0, 1905.0, 191.0) 
Voter 4: ID 119; Choice (2141.0, 2183.0, 192.0, 1889.0, 193.0, 1347.0, 1905.0, 2092.0, 2121.0, 191.0) 
Voter 5: ID 288; Choice (2141.0, 1356.0, 2183.0, 433.0, 193.0, 1905.0, 2121.0, 191.0) 
Voter 6: ID 384; Choice (1356.0, 2183.0, 192.0, 1889.0, 193.0, 1905.0, 2092.0, 191.0, 1347.0) 
Voter 7: ID 631; Choice (2141.0, 1356.0, 2183.0, 433.0, 1889.0, 2092.0, 2121.0) 
Voter 8: ID 348; Choice (2141.0, 2183.0, 433.0, 192.0, 1889.0, 193.0, 1347.0, 191.0) 
Voter 9: ID 100; Choice (1356.0, 2183.0, 433.0, 1889.0, 193.0, 1347.0, 1905.0, 2092.0, 2121.0) 
Voter 10: ID 369; Choice (2141.0, 1356.0, 2183.0, 193.0, 1347.0, 1905.0, 2092.0, 2121.0, 191.0) 
Voter 11: ID 181; Choice (1211.0, 1356.0, 2183.0, 192.0, 1889.0, 1347.0, 1905.0) 
Voter 12: ID 132; Choice (1356.0, 2183.0, 433.0, 1889.0, 193.0, 2092.0, 2121.0, 191.0) 
Voter 13: ID 264; Choice (1356.0, 2183.0, 433.0, 1889.0, 193.0, 1347.0, 1905.0, 2092.0, 2121.0) 
Voter 14: ID 225; Choice (1211.0, 1356.0, 192.0, 1889.0, 1347.0, 1905.0, 2092.0) 
Voter 15: ID 270; Choice (2141.0, 2183.0, 433.0, 192.0, 193.0, 1347.0, 2092.0, 191.0) 
Voter 16: ID 252; Choice (2141.0, 1356.0, 2183.0, 192.0, 193.0, 1347.0, 1905.0, 2092.0, 2121.0) 
Voter 17: ID 341; Choice (2141.0, 1356.0, 2183.0, 192.0, 1889.0, 1347.0, 2092.0, 191.0) 
Voter 18: ID 447; Choice (1211.0, 192.0, 1889.0, 193.0, 1347.0, 1905.0, 191.0) 
Voter 19: ID 496; Choice (2183.0, 433.0, 1889.0, 193.0, 1905.0, 2092.0, 2121.0, 191.0) 
Voter 20: ID 446; Choice (2141.0, 1356.0, 2183.0, 1889.0, 193.0, 1905.0, 2092.0, 2121.0, 191.0) 
Voter 21: ID 620; Choice (2141.0, 1356.0, 2183.0, 192.0, 1889.0, 193.0, 1347.0, 1905.0, 2121.0) 
Voter 22: ID 449; Choice (2141.0, 1356.0, 2183.0, 433.0, 1889.0, 193.0, 2121.0) 
Voter 23: ID 53; Choice (2141.0, 1356.0, 2183.0, 192.0, 1889.0, 193.0, 1347.0, 2121.0, 191.0) 
Voter 24: ID 178; Choice (1356.0, 2183.0, 192.0, 1889.0, 193.0, 1347.0, 1905.0, 2121.0, 191.0) 
Voter 25: ID 678; Choice (1356.0, 2183.0, 192.0, 1889.0, 193.0, 1347.0, 1905.0, 2092.0, 2121.0) 
Voter 26: ID 335; Choice (1356.0, 2183.0, 433.0, 1889.0, 193.0, 2092.0, 2121.0, 191.0) 
Voter 27: ID 720; Choice (1356.0, 2183.0, 192.0, 1889.0, 193.0, 1347.0, 1905.0, 2121.0, 191.0) 
Voter 28: ID 376; Choice (2141.0, 1356.0, 2183.0, 192.0, 193.0, 1347.0, 1905.0, 2092.0, 2121.0) 
Voter 29: ID 382; Choice (1211.0, 2183.0, 192.0, 1889.0, 193.0, 1347.0, 1905.0, 2092.0) 
Voter 30: ID 9; Choice (1356.0, 2183.0, 433.0, 192.0, 1889.0, 193.0, 1347.0, 1905.0, 2092.0) 
Voter 31: ID 346; Choice (2141.0, 1356.0, 2183.0, 433.0, 192.0, 193.0, 2092.0, 191.0) 
Voter 32: ID 379; Choice (1211.0, 2141.0, 1356.0, 2183.0, 192.0, 193.0) 
Voter 33: ID 306; Choice (2141.0, 1356.0, 2183.0, 433.0, 1889.0, 193.0, 2121.0) 
Voter 34: ID 218; Choice (2141.0, 1356.0, 2183.0, 433.0, 1889.0, 2092.0, 2121.0) 
Voter 35: ID 125; Choice (2141.0, 1356.0, 2183.0, 433.0, 1889.0, 2092.0, 2121.0) 
Voter 36: ID 734; Choice (1356.0, 2183.0, 433.0, 192.0, 1889.0, 193.0, 1905.0, 2092.0, 191.0) 
Voter 37: ID 628; Choice (2141.0, 433.0, 192.0, 1889.0, 193.0, 1905.0, 2092.0, 2121.0, 191.0) 
Voter 38: ID 160; Choice (2141.0, 2183.0, 433.0, 192.0, 193.0, 1347.0, 2121.0, 191.0) 
Voter 39: ID 604; Choice (1356.0, 2183.0, 192.0, 1889.0, 193.0, 1905.0, 2092.0, 2121.0, 191.0) 
Voter 40: ID 185; Choice (1356.0, 2183.0, 192.0, 1889.0, 193.0, 1905.0, 2092.0, 191.0) 
Voter 41: ID 632; Choice (1211.0, 1889.0, 193.0, 1347.0, 1905.0, 2092.0, 191.0) 
Voter 42: ID 68; Choice (2141.0, 1356.0, 433.0, 192.0, 1889.0, 193.0, 1347.0, 1905.0, 2092.0, 191.0) 
Voter 43: ID 285; Choice (1211.0, 1356.0, 192.0, 1889.0, 1347.0, 1905.0, 2092.0) 
Voter 44: ID 121; Choice (2141.0, 1356.0, 2183.0, 1889.0, 193.0, 1347.0, 2092.0, 2121.0) 
Voter 45: ID 234; Choice (2141.0, 1356.0, 192.0, 193.0, 1905.0, 2092.0, 2121.0, 191.0) 
Voter 46: ID 88; Choice (1356.0, 2183.0, 433.0, 193.0, 1347.0, 1905.0, 2121.0, 191.0) 
Voter 47: ID 25; Choice (2141.0, 2183.0, 433.0, 192.0, 1889.0, 193.0, 1347.0, 191.0) 
Voter 48: ID 309; Choice (1211.0, 192.0, 1889.0, 193.0, 1347.0, 1905.0, 191.0) 
Voter 49: ID 680; Choice (1211.0, 1356.0, 192.0, 1889.0, 1347.0, 1905.0, 2092.0) 
Voter 50: ID 571; Choice (1211.0, 192.0, 1889.0, 193.0, 1347.0, 1905.0, 191.0) 
---------------------------------------------------------------------------
After Iteration 1 :
Voter 1: ID 448; Choice (1211.0, 1356.0, 192.0, 1889.0, 1347.0, 1905.0, 191.0) 
Voter 2: ID 29; Choice (2141.0, 1356.0, 2183.0, 1889.0, 193.0, 1347.0, 1905.0, 2121.0, 191.0) 
Voter 3: ID 400; Choice (2141.0, 1356.0, 2183.0, 1889.0, 193.0, 1347.0, 1905.0, 2121.0, 191.0) 
Voter 4: ID 119; Choice (1356.0, 2183.0, 433.0, 192.0, 193.0, 1347.0, 2121.0, 191.0) 
Voter 5: ID 288; Choice (2141.0, 2183.0, 433.0, 192.0, 1889.0, 193.0, 2092.0, 2121.0, 191.0) 
Voter 6: ID 384; Choice (1356.0, 2183.0, 433.0, 193.0, 1905.0, 2092.0, 2121.0, 191.0) 
Voter 7: ID 631; Choice (1211.0, 1356.0, 2183.0, 193.0, 1347.0, 2092.0, 191.0) 
Voter 8: ID 348; Choice (1356.0, 2183.0, 433.0, 192.0, 1889.0, 193.0, 1347.0, 1905.0, 2092.0) 
Voter 9: ID 100; Choice (2141.0, 1356.0, 2183.0, 433.0, 193.0, 1905.0, 2121.0, 191.0) 
Voter 10: ID 369; Choice (2141.0, 1356.0, 2183.0, 433.0, 1889.0, 193.0, 2121.0) 
Voter 11: ID 181; Choice (2141.0, 2183.0, 433.0, 1889.0, 193.0, 1905.0, 2121.0, 191.0) 
Voter 12: ID 132; Choice (1356.0, 2183.0, 433.0, 193.0, 1347.0, 1905.0, 2121.0, 191.0) 
Voter 13: ID 264; Choice (1211.0, 2183.0, 192.0, 1889.0, 1905.0, 2092.0, 191.0) 
Voter 14: ID 225; Choice (2141.0, 1356.0, 2183.0, 433.0, 193.0, 2092.0, 2121.0) 
Voter 15: ID 270; Choice (1356.0, 2183.0, 433.0, 192.0, 1889.0, 193.0, 1905.0, 2092.0, 191.0) 
Voter 16: ID 252; Choice (2141.0, 1356.0, 2183.0, 1889.0, 193.0, 1905.0, 2092.0, 2121.0, 191.0) 
Voter 17: ID 341; Choice (1356.0, 2183.0, 433.0, 193.0, 1347.0, 1905.0, 2121.0, 191.0) 
Voter 18: ID 447; Choice (1211.0, 1356.0, 2183.0, 192.0, 193.0, 1347.0, 1905.0, 2092.0) 
Voter 19: ID 496; Choice (2141.0, 433.0, 192.0, 1889.0, 193.0, 1905.0, 2092.0, 2121.0, 191.0) 
Voter 20: ID 446; Choice (1356.0, 2183.0, 192.0, 1889.0, 193.0, 1905.0, 2092.0, 191.0) 
Voter 21: ID 620; Choice (2141.0, 1356.0, 2183.0, 1889.0, 193.0, 1905.0, 2092.0, 2121.0, 191.0) 
Voter 22: ID 449; Choice (1211.0, 2183.0, 192.0, 1889.0, 1905.0, 2092.0, 191.0) 
Voter 23: ID 53; Choice (1211.0, 1356.0, 2183.0, 193.0, 1347.0, 2092.0, 191.0) 
Voter 24: ID 178; Choice (2141.0, 1356.0, 2183.0, 433.0, 193.0, 1905.0, 2121.0, 191.0) 
Voter 25: ID 678; Choice (2141.0, 1356.0, 433.0, 192.0, 1889.0, 193.0, 1347.0, 1905.0, 2092.0, 191.0) 
Voter 26: ID 335; Choice (2183.0, 433.0, 192.0, 193.0, 1347.0, 1905.0, 2092.0, 2121.0, 191.0) 
Voter 27: ID 720; Choice (1211.0, 1356.0, 2183.0, 1889.0, 193.0, 1347.0, 1905.0, 191.0) 
Voter 28: ID 376; Choice (1356.0, 2183.0, 192.0, 1889.0, 193.0, 1905.0, 2092.0, 191.0) 
Voter 29: ID 382; Choice (2141.0, 1356.0, 2183.0, 433.0, 192.0, 1889.0, 2121.0, 191.0) 
Voter 30: ID 9; Choice (1356.0, 2183.0, 192.0, 1889.0, 193.0, 1347.0, 1905.0, 2121.0, 191.0) 
Voter 31: ID 346; Choice (2141.0, 1356.0, 2183.0, 193.0, 1347.0, 1905.0, 2092.0, 2121.0, 191.0) 
Voter 32: ID 379; Choice (1356.0, 2183.0, 192.0, 1889.0, 193.0, 1905.0, 2092.0, 191.0) 
Voter 33: ID 306; Choice (1211.0, 2141.0, 1356.0, 2183.0, 192.0, 193.0) 
Voter 34: ID 218; Choice (1356.0, 2183.0, 192.0, 1889.0, 193.0, 1905.0, 2092.0, 191.0) 
Voter 35: ID 125; Choice (1356.0, 2183.0, 192.0, 1889.0, 193.0, 1905.0, 2092.0, 191.0) 
Voter 36: ID 734; Choice (2141.0, 1356.0, 2183.0, 433.0, 192.0, 1347.0, 191.0) 
Voter 37: ID 628; Choice (1211.0, 1356.0, 2183.0, 192.0, 1889.0, 193.0, 1905.0, 191.0) 
Voter 38: ID 160; Choice (2183.0, 433.0, 1889.0, 193.0, 1905.0, 2092.0, 2121.0, 191.0) 
Voter 39: ID 604; Choice (2141.0, 1356.0, 2183.0, 192.0, 1889.0, 193.0, 1347.0, 2121.0, 191.0) 
Voter 40: ID 185; Choice (2141.0, 1356.0, 2183.0, 433.0, 192.0, 1889.0, 193.0, 1347.0) 
Voter 41: ID 632; Choice (2141.0, 1356.0, 2183.0, 192.0, 1889.0, 193.0, 1347.0, 2092.0) 
Voter 42: ID 68; Choice (1211.0, 1356.0, 2183.0, 192.0, 1889.0, 1347.0, 1905.0) 
Voter 43: ID 285; Choice (2141.0, 1356.0, 1889.0, 193.0, 1347.0, 1905.0, 2092.0, 2121.0, 191.0) 
Voter 44: ID 121; Choice (2141.0, 1356.0, 192.0, 1889.0, 1347.0, 1905.0, 2092.0, 2121.0, 191.0) 
Voter 45: ID 234; Choice (2141.0, 1356.0, 2183.0, 433.0, 1889.0, 193.0, 2121.0) 
Voter 46: ID 88; Choice (1211.0, 1889.0, 193.0, 1347.0, 1905.0, 2092.0, 191.0) 
Voter 47: ID 25; Choice (1211.0, 1356.0, 2183.0, 192.0, 1889.0, 1347.0, 1905.0) 
Voter 48: ID 309; Choice (2141.0, 2183.0, 192.0, 1889.0, 193.0, 1347.0, 1905.0, 2092.0, 2121.0, 191.0) 
Voter 49: ID 680; Choice (1356.0, 2183.0, 433.0, 1889.0, 193.0, 1347.0, 1905.0, 2092.0, 2121.0) 
Voter 50: ID 571; Choice (1356.0, 433.0, 1889.0, 193.0, 1347.0, 1905.0, 2092.0, 2121.0, 191.0) 
---------------------------------------------------------------------------
---------------------------------------------------------------------------
{(1356.0, 2183.0, 192.0, 1889.0, 193.0, 1905.0, 2092.0, 191.0, 1347.0): 0, (1356.0, 2183.0, 192.0, 1889.0, 193.0, 1905.0, 2092.0, 191.0): 0, (1211.0, 2141.0, 1356.0, 2183.0, 192.0, 193.0): 0.06569192918175147, (2141.0, 1356.0, 2183.0, 433.0, 1889.0, 193.0, 1347.0, 1905.0, 2092.0, 191.0): 0, (2141.0, 1356.0, 433.0, 192.0, 1889.0, 193.0, 1347.0, 1905.0, 2092.0, 191.0): 0.15721469264506283, (2141.0, 2183.0, 192.0, 1889.0, 193.0, 1347.0, 1905.0, 2092.0, 2121.0, 191.0): 0, (1356.0, 2183.0, 433.0, 192.0, 1889.0, 1347.0, 1905.0, 2092.0, 2121.0, 191.0): 0, (2141.0, 1356.0, 2183.0, 433.0, 192.0, 1889.0, 193.0, 1905.0, 191.0): 0, (2141.0, 1356.0, 2183.0, 192.0, 1889.0, 193.0, 1347.0, 1905.0, 2121.0): 0.1582446193430951, (2141.0, 1356.0, 2183.0, 192.0, 1889.0, 193.0, 1347.0, 2121.0, 191.0): 0, (2141.0, 1356.0, 2183.0, 192.0, 1889.0, 193.0, 2092.0, 2121.0, 191.0): 0, (2141.0, 1356.0, 2183.0, 192.0, 193.0, 1347.0, 1905.0, 2092.0, 2121.0): 0.1525231602170869, (2141.0, 1356.0, 2183.0, 1889.0, 193.0, 1347.0, 1905.0, 2121.0, 191.0): 0, (2141.0, 1356.0, 2183.0, 1889.0, 193.0, 1905.0, 2092.0, 2121.0, 191.0): 0, (2141.0, 1356.0, 2183.0, 193.0, 1347.0, 1905.0, 2092.0, 2121.0, 191.0): 0, (2141.0, 1356.0, 192.0, 1889.0, 193.0, 1347.0, 1905.0, 2121.0, 191.0): 0, (2141.0, 1356.0, 192.0, 1889.0, 1347.0, 1905.0, 2092.0, 2121.0, 191.0): 0.1448219662485923, (2141.0, 1356.0, 1889.0, 193.0, 1347.0, 1905.0, 2092.0, 2121.0, 191.0): 0, (2141.0, 2183.0, 433.0, 192.0, 1889.0, 193.0, 1905.0, 2092.0, 2121.0): 0, (2141.0, 2183.0, 433.0, 192.0, 1889.0, 193.0, 1905.0, 2092.0, 191.0): 0, (2141.0, 2183.0, 433.0, 192.0, 1889.0, 193.0, 2092.0, 2121.0, 191.0): 0, (2141.0, 2183.0, 433.0, 192.0, 1889.0, 1905.0, 2092.0, 2121.0, 191.0): 0, (2141.0, 433.0, 192.0, 1889.0, 193.0, 1905.0, 2092.0, 2121.0, 191.0): 0.09124624836922782, (1356.0, 2183.0, 433.0, 192.0, 1889.0, 193.0, 1347.0, 1905.0, 2092.0): 0, (1356.0, 2183.0, 433.0, 192.0, 1889.0, 193.0, 1347.0, 2092.0, 2121.0): 0, (1356.0, 2183.0, 433.0, 192.0, 1889.0, 193.0, 1905.0, 2092.0, 191.0): 0, (1356.0, 2183.0, 433.0, 1889.0, 193.0, 1347.0, 1905.0, 2092.0, 2121.0): 0.13886900191513268, (1356.0, 2183.0, 192.0, 1889.0, 193.0, 1347.0, 1905.0, 2092.0, 2121.0): 0.18850576140801423, (1356.0, 2183.0, 192.0, 1889.0, 193.0, 1347.0, 1905.0, 2121.0, 191.0): 0.18549312053402248, (1356.0, 2183.0, 192.0, 1889.0, 193.0, 1905.0, 2092.0, 2121.0, 191.0): 0, (1356.0, 433.0, 192.0, 193.0, 1347.0, 1905.0, 2092.0, 2121.0, 191.0): 0, (1356.0, 433.0, 1889.0, 193.0, 1347.0, 1905.0, 2092.0, 2121.0, 191.0): 0, (2183.0, 433.0, 192.0, 193.0, 1347.0, 1905.0, 2092.0, 2121.0, 191.0): 0, (1211.0, 1356.0, 2183.0, 192.0, 1889.0, 193.0, 1905.0, 191.0): 0, (1211.0, 1356.0, 2183.0, 192.0, 1889.0, 193.0, 2092.0, 191.0): 0, (1211.0, 1356.0, 2183.0, 192.0, 193.0, 1347.0, 1905.0, 2092.0): 0, (1211.0, 1356.0, 2183.0, 1889.0, 193.0, 1347.0, 1905.0, 191.0): 0, (1211.0, 2183.0, 192.0, 1889.0, 193.0, 1347.0, 1905.0, 2092.0): 0.12446499667502547, (2141.0, 1356.0, 2183.0, 433.0, 192.0, 1889.0, 193.0, 1347.0): 0, (2141.0, 1356.0, 2183.0, 433.0, 192.0, 1889.0, 2121.0, 191.0): 0, (2141.0, 1356.0, 2183.0, 433.0, 192.0, 193.0, 2092.0, 191.0): 0, (2141.0, 1356.0, 2183.0, 433.0, 192.0, 1347.0, 1905.0, 2092.0): 0, (2141.0, 1356.0, 2183.0, 433.0, 193.0, 1905.0, 2121.0, 191.0): 0.08065981797545041, (2141.0, 1356.0, 2183.0, 192.0, 1889.0, 193.0, 1347.0, 2092.0): 0, (2141.0, 1356.0, 2183.0, 192.0, 1889.0, 1347.0, 1905.0, 2092.0): 0, (2141.0, 1356.0, 2183.0, 192.0, 1889.0, 1347.0, 2092.0, 2121.0): 0, (2141.0, 1356.0, 2183.0, 192.0, 1889.0, 1347.0, 2092.0, 191.0): 0, (2141.0, 1356.0, 2183.0, 1889.0, 193.0, 1347.0, 2092.0, 2121.0): 0.14733076955246827, (2141.0, 1356.0, 192.0, 193.0, 1905.0, 2092.0, 2121.0, 191.0): 0, (2141.0, 2183.0, 433.0, 192.0, 1889.0, 193.0, 1347.0, 191.0): 0.12168122072995705, (2141.0, 2183.0, 433.0, 192.0, 193.0, 1347.0, 2092.0, 191.0): 0, (2141.0, 2183.0, 433.0, 192.0, 193.0, 1347.0, 2121.0, 191.0): 0, (2141.0, 2183.0, 433.0, 1889.0, 193.0, 1905.0, 2121.0, 191.0): 0, (1356.0, 2183.0, 433.0, 192.0, 193.0, 1347.0, 1905.0, 2121.0): 0, (1356.0, 2183.0, 433.0, 192.0, 193.0, 1347.0, 1905.0, 191.0): 0, (1356.0, 2183.0, 433.0, 192.0, 193.0, 1347.0, 2092.0, 191.0): 0, (1356.0, 2183.0, 433.0, 192.0, 193.0, 1347.0, 2121.0, 191.0): 0, (1356.0, 2183.0, 433.0, 1889.0, 193.0, 1347.0, 2121.0, 191.0): 0, (1356.0, 2183.0, 433.0, 1889.0, 193.0, 2092.0, 2121.0, 191.0): 0, (1356.0, 2183.0, 433.0, 193.0, 1347.0, 1905.0, 2121.0, 191.0): 0, (1356.0, 2183.0, 433.0, 193.0, 1905.0, 2092.0, 2121.0, 191.0): 0, (2183.0, 433.0, 1889.0, 193.0, 1905.0, 2092.0, 2121.0, 191.0): 0, (1211.0, 1356.0, 2183.0, 192.0, 1889.0, 1347.0, 1905.0): 0, (1211.0, 1356.0, 2183.0, 193.0, 1347.0, 2092.0, 191.0): 0, (1211.0, 1356.0, 192.0, 1889.0, 193.0, 1347.0, 2092.0): 0, (1211.0, 1356.0, 192.0, 1889.0, 1347.0, 1905.0, 2092.0): 0.0981214027065309, (1211.0, 1356.0, 192.0, 1889.0, 1347.0, 1905.0, 191.0): 0, (1211.0, 1356.0, 193.0, 1347.0, 1905.0, 2092.0, 191.0): 0, (1211.0, 2183.0, 192.0, 1889.0, 1905.0, 2092.0, 191.0): 0, (1211.0, 192.0, 1889.0, 193.0, 1347.0, 1905.0, 191.0): 0.08711283820979243, (1211.0, 1889.0, 193.0, 1347.0, 1905.0, 2092.0, 191.0): 0.08838283824244819, (2141.0, 1356.0, 2183.0, 433.0, 192.0, 1347.0, 191.0): 0, (2141.0, 1356.0, 2183.0, 433.0, 1889.0, 193.0, 2121.0): 0.0772100681521678, (2141.0, 1356.0, 2183.0, 433.0, 1889.0, 2092.0, 2121.0): 0, (2141.0, 1356.0, 2183.0, 433.0, 193.0, 2092.0, 2121.0): 0}
After Iteration 2 :
Voter 1: ID 448; Choice (1356.0, 2183.0, 192.0, 1889.0, 193.0, 1905.0, 2092.0, 191.0, 1347.0) 
Voter 2: ID 29; Choice (2141.0, 1356.0, 2183.0, 192.0, 193.0, 1347.0, 1905.0, 2092.0, 2121.0) 
Voter 3: ID 400; Choice (2141.0, 1356.0, 192.0, 193.0, 1905.0, 2092.0, 2121.0, 191.0) 
Voter 4: ID 119; Choice (1356.0, 2183.0, 433.0, 192.0, 1889.0, 193.0, 1347.0, 2092.0, 2121.0) 
Voter 5: ID 288; Choice (1356.0, 2183.0, 433.0, 192.0, 1889.0, 193.0, 1905.0, 2092.0, 191.0) 
Voter 6: ID 384; Choice (2141.0, 2183.0, 433.0, 192.0, 1889.0, 193.0, 2092.0, 2121.0, 191.0) 
Voter 7: ID 631; Choice (2141.0, 1356.0, 2183.0, 1889.0, 193.0, 1347.0, 2092.0, 2121.0) 
Voter 8: ID 348; Choice (1356.0, 2183.0, 433.0, 192.0, 193.0, 1347.0, 1905.0, 2121.0) 
Voter 9: ID 100; Choice (2141.0, 1356.0, 2183.0, 1889.0, 193.0, 1347.0, 1905.0, 2121.0, 191.0) 
Voter 10: ID 369; Choice (1211.0, 1356.0, 192.0, 1889.0, 1347.0, 1905.0, 2092.0) 
Voter 11: ID 181; Choice (1211.0, 1356.0, 2183.0, 192.0, 193.0, 1347.0, 1905.0, 2092.0) 
Voter 12: ID 132; Choice (2141.0, 2183.0, 433.0, 192.0, 1889.0, 193.0, 1905.0, 2092.0, 191.0) 
Voter 13: ID 264; Choice (1356.0, 2183.0, 433.0, 192.0, 193.0, 1347.0, 2092.0, 191.0) 
Voter 14: ID 225; Choice (2141.0, 2183.0, 433.0, 192.0, 1889.0, 1905.0, 2092.0, 2121.0, 191.0) 
Voter 15: ID 270; Choice (2141.0, 1356.0, 2183.0, 433.0, 193.0, 1905.0, 2121.0, 191.0) 
Voter 16: ID 252; Choice (1356.0, 2183.0, 433.0, 192.0, 1889.0, 193.0, 1347.0, 1905.0, 2092.0) 
Voter 17: ID 341; Choice (2141.0, 2183.0, 433.0, 192.0, 1889.0, 193.0, 2092.0, 2121.0, 191.0) 
Voter 18: ID 447; Choice (1356.0, 433.0, 1889.0, 193.0, 1347.0, 1905.0, 2092.0, 2121.0, 191.0) 
Voter 19: ID 496; Choice (1211.0, 2141.0, 1356.0, 2183.0, 192.0, 193.0) 
Voter 20: ID 446; Choice (1211.0, 1356.0, 193.0, 1347.0, 1905.0, 2092.0, 191.0) 
Voter 21: ID 620; Choice (1211.0, 2141.0, 1356.0, 2183.0, 192.0, 193.0) 
Voter 22: ID 449; Choice (1211.0, 1356.0, 2183.0, 192.0, 193.0, 1347.0, 1905.0, 2092.0) 
Voter 23: ID 53; Choice (2141.0, 1356.0, 2183.0, 433.0, 193.0, 1905.0, 2121.0, 191.0) 
Voter 24: ID 178; Choice (1356.0, 2183.0, 433.0, 192.0, 193.0, 1347.0, 2092.0, 191.0) 
Voter 25: ID 678; Choice (1356.0, 2183.0, 433.0, 192.0, 1889.0, 193.0, 1905.0, 2092.0, 191.0) 
Voter 26: ID 335; Choice (2141.0, 2183.0, 433.0, 192.0, 193.0, 1347.0, 2092.0, 191.0) 
Voter 27: ID 720; Choice (1356.0, 2183.0, 433.0, 193.0, 1347.0, 1905.0, 2121.0, 191.0) 
Voter 28: ID 376; Choice (2141.0, 1356.0, 2183.0, 433.0, 1889.0, 2092.0, 2121.0) 
Voter 29: ID 382; Choice (1356.0, 2183.0, 433.0, 192.0, 1889.0, 193.0, 1347.0, 2092.0, 2121.0) 
Voter 30: ID 9; Choice (1356.0, 433.0, 1889.0, 193.0, 1347.0, 1905.0, 2092.0, 2121.0, 191.0) 
Voter 31: ID 346; Choice (1356.0, 2183.0, 192.0, 1889.0, 193.0, 1905.0, 2092.0, 191.0, 1347.0) 
Voter 32: ID 379; Choice (1356.0, 2183.0, 192.0, 1889.0, 193.0, 1347.0, 1905.0, 2121.0, 191.0) 
Voter 33: ID 306; Choice (2141.0, 1356.0, 192.0, 1889.0, 193.0, 1347.0, 1905.0, 2121.0, 191.0) 
Voter 34: ID 218; Choice (1356.0, 2183.0, 433.0, 192.0, 1889.0, 193.0, 1347.0, 1905.0, 2092.0) 
Voter 35: ID 125; Choice (1211.0, 1356.0, 2183.0, 192.0, 1889.0, 193.0, 1905.0, 191.0) 
Voter 36: ID 734; Choice (2183.0, 433.0, 192.0, 193.0, 1347.0, 1905.0, 2092.0, 2121.0, 191.0) 
Voter 37: ID 628; Choice (2183.0, 433.0, 192.0, 193.0, 1347.0, 1905.0, 2092.0, 2121.0, 191.0) 
Voter 38: ID 160; Choice (2141.0, 1356.0, 2183.0, 433.0, 192.0, 1889.0, 193.0, 1905.0, 191.0) 
Voter 39: ID 604; Choice (2141.0, 1356.0, 2183.0, 433.0, 192.0, 1347.0, 1905.0, 2092.0) 
Voter 40: ID 185; Choice (2183.0, 433.0, 192.0, 193.0, 1347.0, 1905.0, 2092.0, 2121.0, 191.0) 
Voter 41: ID 632; Choice (2141.0, 1356.0, 2183.0, 192.0, 1889.0, 193.0, 1347.0, 2121.0, 191.0) 
Voter 42: ID 68; Choice (2141.0, 433.0, 192.0, 1889.0, 193.0, 1905.0, 2092.0, 2121.0, 191.0) 
Voter 43: ID 285; Choice (1356.0, 2183.0, 433.0, 192.0, 193.0, 1347.0, 1905.0, 2121.0) 
Voter 44: ID 121; Choice (2141.0, 1356.0, 2183.0, 433.0, 192.0, 193.0, 2092.0, 191.0) 
Voter 45: ID 234; Choice (2141.0, 1356.0, 2183.0, 433.0, 193.0, 2092.0, 2121.0) 
Voter 46: ID 88; Choice (1356.0, 2183.0, 433.0, 192.0, 1889.0, 193.0, 1347.0, 2092.0, 2121.0) 
Voter 47: ID 25; Choice (2141.0, 1356.0, 2183.0, 433.0, 1889.0, 193.0, 1347.0, 1905.0, 2092.0, 191.0) 
Voter 48: ID 309; Choice (2141.0, 1356.0, 2183.0, 1889.0, 193.0, 1347.0, 1905.0, 2121.0, 191.0) 
Voter 49: ID 680; Choice (1211.0, 1356.0, 192.0, 1889.0, 193.0, 1347.0, 2092.0) 
Voter 50: ID 571; Choice (1356.0, 2183.0, 192.0, 1889.0, 193.0, 1905.0, 2092.0, 191.0, 1347.0) 
---------------------------------------------------------------------------
After Iteration 3 :
Voter 1: ID 448; Choice (1356.0, 2183.0, 433.0, 192.0, 193.0, 1347.0, 1905.0, 2121.0) 
Voter 2: ID 29; Choice (2141.0, 1356.0, 2183.0, 433.0, 192.0, 1347.0, 1905.0, 2092.0) 
Voter 3: ID 400; Choice (1356.0, 2183.0, 192.0, 1889.0, 193.0, 1347.0, 1905.0, 2121.0, 191.0) 
Voter 4: ID 119; Choice (2141.0, 2183.0, 433.0, 192.0, 1889.0, 193.0, 1905.0, 2092.0, 2121.0) 
Voter 5: ID 288; Choice (2141.0, 1356.0, 2183.0, 193.0, 1347.0, 1905.0, 2092.0, 2121.0, 191.0) 
Voter 6: ID 384; Choice (2141.0, 2183.0, 433.0, 192.0, 1889.0, 193.0, 1347.0, 191.0) 
Voter 7: ID 631; Choice (1211.0, 1356.0, 2183.0, 193.0, 1347.0, 2092.0, 191.0) 
Voter 8: ID 348; Choice (1211.0, 1356.0, 2183.0, 1889.0, 193.0, 1347.0, 1905.0, 191.0) 
Voter 9: ID 100; Choice (1356.0, 2183.0, 433.0, 193.0, 1347.0, 1905.0, 2121.0, 191.0) 
Voter 10: ID 369; Choice (1211.0, 2183.0, 192.0, 1889.0, 1905.0, 2092.0, 191.0) 
Voter 11: ID 181; Choice (1211.0, 192.0, 1889.0, 193.0, 1347.0, 1905.0, 191.0) 
Voter 12: ID 132; Choice (1356.0, 2183.0, 433.0, 1889.0, 193.0, 1347.0, 2121.0, 191.0) 
Voter 13: ID 264; Choice (2141.0, 2183.0, 433.0, 192.0, 1889.0, 193.0, 1905.0, 2092.0, 191.0) 
Voter 14: ID 225; Choice (2141.0, 1356.0, 2183.0, 433.0, 1889.0, 193.0, 2121.0) 
Voter 15: ID 270; Choice (1356.0, 2183.0, 433.0, 192.0, 1889.0, 193.0, 1905.0, 2092.0, 191.0) 
Voter 16: ID 252; Choice (2141.0, 1356.0, 2183.0, 433.0, 192.0, 1889.0, 193.0, 1905.0, 191.0) 
Voter 17: ID 341; Choice (1211.0, 2183.0, 192.0, 1889.0, 193.0, 1347.0, 1905.0, 2092.0) 
Voter 18: ID 447; Choice (1356.0, 2183.0, 192.0, 1889.0, 193.0, 1905.0, 2092.0, 191.0) 
Voter 19: ID 496; Choice (1356.0, 2183.0, 433.0, 1889.0, 193.0, 2092.0, 2121.0, 191.0) 
Voter 20: ID 446; Choice (1211.0, 1356.0, 2183.0, 192.0, 1889.0, 193.0, 2092.0, 191.0) 
Voter 21: ID 620; Choice (1211.0, 2183.0, 192.0, 1889.0, 1905.0, 2092.0, 191.0) 
Voter 22: ID 449; Choice (2183.0, 433.0, 192.0, 193.0, 1347.0, 1905.0, 2092.0, 2121.0, 191.0) 
Voter 23: ID 53; Choice (2141.0, 2183.0, 433.0, 192.0, 1889.0, 193.0, 2092.0, 2121.0, 191.0) 
Voter 24: ID 178; Choice (1356.0, 2183.0, 433.0, 192.0, 1889.0, 193.0, 1905.0, 2092.0, 191.0) 
Voter 25: ID 678; Choice (2141.0, 2183.0, 433.0, 192.0, 1889.0, 193.0, 1905.0, 2092.0, 2121.0) 
Voter 26: ID 335; Choice (1211.0, 1356.0, 2183.0, 192.0, 1889.0, 193.0, 1905.0, 191.0) 
Voter 27: ID 720; Choice (2141.0, 1356.0, 192.0, 193.0, 1905.0, 2092.0, 2121.0, 191.0) 
Voter 28: ID 376; Choice (2141.0, 1356.0, 1889.0, 193.0, 1347.0, 1905.0, 2092.0, 2121.0, 191.0) 
Voter 29: ID 382; Choice (2141.0, 1356.0, 2183.0, 433.0, 192.0, 1347.0, 1905.0, 2092.0) 
Voter 30: ID 9; Choice (2141.0, 1356.0, 2183.0, 433.0, 192.0, 193.0, 2092.0, 191.0) 
Voter 31: ID 346; Choice (2141.0, 1356.0, 192.0, 1889.0, 193.0, 1347.0, 1905.0, 2121.0, 191.0) 
Voter 32: ID 379; Choice (1356.0, 2183.0, 192.0, 1889.0, 193.0, 1347.0, 1905.0, 2092.0, 2121.0) 
Voter 33: ID 306; Choice (2141.0, 2183.0, 433.0, 192.0, 1889.0, 1905.0, 2092.0, 2121.0, 191.0) 
Voter 34: ID 218; Choice (1356.0, 2183.0, 192.0, 1889.0, 193.0, 1347.0, 1905.0, 2121.0, 191.0) 
Voter 35: ID 125; Choice (2183.0, 433.0, 192.0, 193.0, 1347.0, 1905.0, 2092.0, 2121.0, 191.0) 
Voter 36: ID 734; Choice (1211.0, 1356.0, 2183.0, 192.0, 1889.0, 1347.0, 1905.0) 
Voter 37: ID 628; Choice (2141.0, 1356.0, 2183.0, 433.0, 192.0, 1889.0, 2121.0, 191.0) 
Voter 38: ID 160; Choice (1356.0, 2183.0, 433.0, 192.0, 193.0, 1347.0, 1905.0, 2121.0) 
Voter 39: ID 604; Choice (2141.0, 1356.0, 192.0, 1889.0, 1347.0, 1905.0, 2092.0, 2121.0, 191.0) 
Voter 40: ID 185; Choice (1356.0, 2183.0, 433.0, 192.0, 193.0, 1347.0, 1905.0, 191.0) 
Voter 41: ID 632; Choice (1211.0, 1356.0, 2183.0, 1889.0, 193.0, 1347.0, 1905.0, 191.0) 
Voter 42: ID 68; Choice (2141.0, 1356.0, 2183.0, 193.0, 1347.0, 1905.0, 2092.0, 2121.0, 191.0) 
Voter 43: ID 285; Choice (2141.0, 1356.0, 2183.0, 433.0, 1889.0, 193.0, 2121.0) 
Voter 44: ID 121; Choice (1356.0, 2183.0, 192.0, 1889.0, 193.0, 1905.0, 2092.0, 2121.0, 191.0) 
Voter 45: ID 234; Choice (1356.0, 433.0, 192.0, 193.0, 1347.0, 1905.0, 2092.0, 2121.0, 191.0) 
Voter 46: ID 88; Choice (1211.0, 1356.0, 193.0, 1347.0, 1905.0, 2092.0, 191.0) 
Voter 47: ID 25; Choice (2141.0, 2183.0, 433.0, 192.0, 1889.0, 1905.0, 2092.0, 2121.0, 191.0) 
Voter 48: ID 309; Choice (2141.0, 1356.0, 2183.0, 1889.0, 193.0, 1905.0, 2092.0, 2121.0, 191.0) 
Voter 49: ID 680; Choice (1356.0, 2183.0, 433.0, 193.0, 1347.0, 1905.0, 2121.0, 191.0) 
Voter 50: ID 571; Choice (2141.0, 1356.0, 2183.0, 433.0, 1889.0, 193.0, 2121.0) 
---------------------------------------------------------------------------
After Iteration 4 :
Voter 1: ID 448; Choice (1356.0, 2183.0, 192.0, 1889.0, 193.0, 1905.0, 2092.0, 191.0, 1347.0) 
Voter 2: ID 29; Choice (1356.0, 2183.0, 192.0, 1889.0, 193.0, 1905.0, 2092.0, 191.0, 1347.0) 
Voter 3: ID 400; Choice (2141.0, 1356.0, 192.0, 193.0, 1905.0, 2092.0, 2121.0, 191.0) 
Voter 4: ID 119; Choice (1356.0, 2183.0, 192.0, 1889.0, 193.0, 1905.0, 2092.0, 191.0, 1347.0) 
Voter 5: ID 288; Choice (1356.0, 2183.0, 192.0, 1889.0, 193.0, 1905.0, 2092.0, 191.0, 1347.0) 
Voter 6: ID 384; Choice (1356.0, 2183.0, 192.0, 1889.0, 193.0, 1905.0, 2092.0, 191.0, 1347.0) 
Voter 7: ID 631; Choice (2141.0, 1356.0, 2183.0, 1889.0, 193.0, 1347.0, 2092.0, 2121.0) 
Voter 8: ID 348; Choice (1356.0, 2183.0, 433.0, 192.0, 1889.0, 193.0, 1347.0, 1905.0, 2092.0) 
Voter 9: ID 100; Choice (1356.0, 2183.0, 192.0, 1889.0, 193.0, 1905.0, 2092.0, 191.0, 1347.0) 
Voter 10: ID 369; Choice (1356.0, 2183.0, 192.0, 1889.0, 193.0, 1905.0, 2092.0, 191.0, 1347.0) 
Voter 11: ID 181; Choice (1356.0, 2183.0, 192.0, 1889.0, 193.0, 1905.0, 2092.0, 191.0, 1347.0) 
Voter 12: ID 132; Choice (1356.0, 2183.0, 192.0, 1889.0, 193.0, 1905.0, 2092.0, 191.0, 1347.0) 
Voter 13: ID 264; Choice (1356.0, 2183.0, 192.0, 1889.0, 193.0, 1905.0, 2092.0, 191.0, 1347.0) 
Voter 14: ID 225; Choice (1356.0, 2183.0, 192.0, 1889.0, 193.0, 1905.0, 2092.0, 191.0, 1347.0) 
Voter 15: ID 270; Choice (1356.0, 2183.0, 192.0, 1889.0, 193.0, 1905.0, 2092.0, 191.0, 1347.0) 
Voter 16: ID 252; Choice (1356.0, 2183.0, 433.0, 192.0, 1889.0, 193.0, 1347.0, 1905.0, 2092.0) 
Voter 17: ID 341; Choice (1356.0, 2183.0, 192.0, 1889.0, 193.0, 1905.0, 2092.0, 191.0, 1347.0) 
Voter 18: ID 447; Choice (1356.0, 2183.0, 433.0, 1889.0, 193.0, 1347.0, 1905.0, 2092.0, 2121.0) 
Voter 19: ID 496; Choice (1356.0, 2183.0, 192.0, 1889.0, 193.0, 1905.0, 2092.0, 191.0, 1347.0) 
Voter 20: ID 446; Choice (1356.0, 2183.0, 192.0, 1889.0, 193.0, 1905.0, 2092.0, 191.0, 1347.0) 
Voter 21: ID 620; Choice (1356.0, 2183.0, 192.0, 1889.0, 193.0, 1905.0, 2092.0, 191.0, 1347.0) 
Voter 22: ID 449; Choice (1356.0, 2183.0, 192.0, 1889.0, 193.0, 1905.0, 2092.0, 191.0, 1347.0) 
Voter 23: ID 53; Choice (1356.0, 2183.0, 192.0, 1889.0, 193.0, 1905.0, 2092.0, 191.0, 1347.0) 
Voter 24: ID 178; Choice (1356.0, 2183.0, 192.0, 1889.0, 193.0, 1905.0, 2092.0, 191.0, 1347.0) 
Voter 25: ID 678; Choice (1356.0, 2183.0, 192.0, 1889.0, 193.0, 1905.0, 2092.0, 191.0, 1347.0) 
Voter 26: ID 335; Choice (1356.0, 2183.0, 192.0, 1889.0, 193.0, 1905.0, 2092.0, 191.0, 1347.0) 
Voter 27: ID 720; Choice (1356.0, 2183.0, 192.0, 1889.0, 193.0, 1905.0, 2092.0, 191.0, 1347.0) 
Voter 28: ID 376; Choice (1356.0, 2183.0, 433.0, 1889.0, 193.0, 1347.0, 1905.0, 2092.0, 2121.0) 
Voter 29: ID 382; Choice (1356.0, 2183.0, 192.0, 1889.0, 193.0, 1905.0, 2092.0, 191.0, 1347.0) 
Voter 30: ID 9; Choice (1356.0, 2183.0, 433.0, 1889.0, 193.0, 1347.0, 1905.0, 2092.0, 2121.0) 
Voter 31: ID 346; Choice (1356.0, 2183.0, 192.0, 1889.0, 193.0, 1905.0, 2092.0, 191.0, 1347.0) 
Voter 32: ID 379; Choice (1356.0, 2183.0, 192.0, 1889.0, 193.0, 1347.0, 1905.0, 2121.0, 191.0) 
Voter 33: ID 306; Choice (1356.0, 2183.0, 192.0, 1889.0, 193.0, 1905.0, 2092.0, 191.0, 1347.0) 
Voter 34: ID 218; Choice (1356.0, 2183.0, 192.0, 1889.0, 193.0, 1905.0, 2092.0, 191.0) 
Voter 35: ID 125; Choice (1356.0, 2183.0, 192.0, 1889.0, 193.0, 1905.0, 2092.0, 191.0, 1347.0) 
Voter 36: ID 734; Choice (1356.0, 2183.0, 192.0, 1889.0, 193.0, 1905.0, 2092.0, 191.0, 1347.0) 
Voter 37: ID 628; Choice (1356.0, 2183.0, 192.0, 1889.0, 193.0, 1905.0, 2092.0, 191.0, 1347.0) 
Voter 38: ID 160; Choice (1356.0, 2183.0, 192.0, 1889.0, 193.0, 1905.0, 2092.0, 191.0, 1347.0) 
Voter 39: ID 604; Choice (2141.0, 1356.0, 2183.0, 192.0, 1889.0, 193.0, 1347.0, 2121.0, 191.0) 
Voter 40: ID 185; Choice (1356.0, 2183.0, 192.0, 1889.0, 193.0, 1905.0, 2092.0, 191.0, 1347.0) 
Voter 41: ID 632; Choice (1356.0, 2183.0, 192.0, 1889.0, 193.0, 1905.0, 2092.0, 191.0, 1347.0) 
Voter 42: ID 68; Choice (1356.0, 2183.0, 192.0, 1889.0, 193.0, 1905.0, 2092.0, 191.0, 1347.0) 
Voter 43: ID 285; Choice (1356.0, 2183.0, 192.0, 1889.0, 193.0, 1905.0, 2092.0, 191.0, 1347.0) 
Voter 44: ID 121; Choice (2141.0, 1356.0, 2183.0, 433.0, 192.0, 193.0, 2092.0, 191.0) 
Voter 45: ID 234; Choice (1356.0, 2183.0, 192.0, 1889.0, 193.0, 1905.0, 2092.0, 191.0, 1347.0) 
Voter 46: ID 88; Choice (1356.0, 2183.0, 192.0, 1889.0, 193.0, 1905.0, 2092.0, 191.0, 1347.0) 
Voter 47: ID 25; Choice (1356.0, 2183.0, 192.0, 1889.0, 193.0, 1905.0, 2092.0, 191.0, 1347.0) 
Voter 48: ID 309; Choice (1356.0, 2183.0, 192.0, 1889.0, 193.0, 1905.0, 2092.0, 191.0, 1347.0) 
Voter 49: ID 680; Choice (1356.0, 2183.0, 192.0, 1889.0, 193.0, 1905.0, 2092.0, 191.0, 1347.0) 
Voter 50: ID 571; Choice (1356.0, 2183.0, 192.0, 1889.0, 193.0, 1905.0, 2092.0, 191.0, 1347.0) 
---------------------------------------------------------------------------
After Iteration 5 :
Voter 1: ID 448; Choice (1356.0, 2183.0, 192.0, 1889.0, 193.0, 1905.0, 2092.0, 191.0, 1347.0) 
Voter 2: ID 29; Choice (1356.0, 2183.0, 192.0, 1889.0, 193.0, 1905.0, 2092.0, 191.0, 1347.0) 
Voter 3: ID 400; Choice (2141.0, 1356.0, 2183.0, 192.0, 1889.0, 193.0, 1347.0, 2121.0, 191.0) 
Voter 4: ID 119; Choice (1356.0, 2183.0, 192.0, 1889.0, 193.0, 1905.0, 2092.0, 191.0, 1347.0) 
Voter 5: ID 288; Choice (1356.0, 2183.0, 192.0, 1889.0, 193.0, 1905.0, 2092.0, 191.0) 
Voter 6: ID 384; Choice (2141.0, 2183.0, 433.0, 192.0, 1889.0, 193.0, 1347.0, 191.0) 
Voter 7: ID 631; Choice (2141.0, 1356.0, 2183.0, 1889.0, 193.0, 1347.0, 2092.0, 2121.0) 
Voter 8: ID 348; Choice (1356.0, 2183.0, 433.0, 192.0, 1889.0, 193.0, 1347.0, 1905.0, 2092.0) 
Voter 9: ID 100; Choice (2141.0, 1356.0, 2183.0, 192.0, 1889.0, 193.0, 1347.0, 2121.0, 191.0) 
Voter 10: ID 369; Choice (1356.0, 2183.0, 192.0, 1889.0, 193.0, 1905.0, 2092.0, 191.0, 1347.0) 
Voter 11: ID 181; Choice (1356.0, 2183.0, 192.0, 1889.0, 193.0, 1905.0, 2092.0, 191.0) 
Voter 12: ID 132; Choice (1356.0, 2183.0, 192.0, 1889.0, 193.0, 1905.0, 2092.0, 191.0) 
Voter 13: ID 264; Choice (1356.0, 2183.0, 192.0, 1889.0, 193.0, 1905.0, 2092.0, 191.0) 
Voter 14: ID 225; Choice (1356.0, 2183.0, 192.0, 1889.0, 193.0, 1905.0, 2092.0, 191.0) 
Voter 15: ID 270; Choice (1356.0, 2183.0, 192.0, 1889.0, 193.0, 1905.0, 2092.0, 191.0) 
Voter 16: ID 252; Choice (2141.0, 1356.0, 2183.0, 192.0, 1889.0, 193.0, 1347.0, 2121.0, 191.0) 
Voter 17: ID 341; Choice (2141.0, 1356.0, 2183.0, 192.0, 1889.0, 193.0, 1347.0, 2121.0, 191.0) 
Voter 18: ID 447; Choice (1356.0, 2183.0, 433.0, 1889.0, 193.0, 1347.0, 1905.0, 2092.0, 2121.0) 
Voter 19: ID 496; Choice (1356.0, 2183.0, 433.0, 1889.0, 193.0, 2092.0, 2121.0, 191.0) 
Voter 20: ID 446; Choice (2141.0, 1356.0, 2183.0, 192.0, 1889.0, 193.0, 1347.0, 2121.0, 191.0) 
Voter 21: ID 620; Choice (1356.0, 2183.0, 192.0, 1889.0, 193.0, 1905.0, 2092.0, 191.0, 1347.0) 
Voter 22: ID 449; Choice (1356.0, 2183.0, 192.0, 1889.0, 193.0, 1905.0, 2092.0, 191.0, 1347.0) 
Voter 23: ID 53; Choice (1356.0, 2183.0, 192.0, 1889.0, 193.0, 1905.0, 2092.0, 191.0, 1347.0) 
Voter 24: ID 178; Choice (2141.0, 1356.0, 2183.0, 192.0, 1889.0, 193.0, 1347.0, 2121.0, 191.0) 
Voter 25: ID 678; Choice (1356.0, 2183.0, 192.0, 1889.0, 193.0, 1905.0, 2092.0, 191.0, 1347.0) 
Voter 26: ID 335; Choice (2141.0, 1356.0, 2183.0, 192.0, 1889.0, 193.0, 1347.0, 2121.0, 191.0) 
Voter 27: ID 720; Choice (1356.0, 2183.0, 192.0, 1889.0, 193.0, 1905.0, 2092.0, 191.0, 1347.0) 
Voter 28: ID 376; Choice (1356.0, 2183.0, 433.0, 1889.0, 193.0, 1347.0, 1905.0, 2092.0, 2121.0) 
Voter 29: ID 382; Choice (1356.0, 2183.0, 192.0, 1889.0, 193.0, 1905.0, 2092.0, 191.0, 1347.0) 
Voter 30: ID 9; Choice (1356.0, 2183.0, 433.0, 1889.0, 193.0, 1347.0, 1905.0, 2092.0, 2121.0) 
Voter 31: ID 346; Choice (2141.0, 1356.0, 2183.0, 192.0, 1889.0, 193.0, 1347.0, 2121.0, 191.0) 
Voter 32: ID 379; Choice (1356.0, 2183.0, 192.0, 1889.0, 193.0, 1347.0, 1905.0, 2092.0, 2121.0) 
Voter 33: ID 306; Choice (1356.0, 2183.0, 192.0, 1889.0, 193.0, 1905.0, 2092.0, 191.0, 1347.0) 
Voter 34: ID 218; Choice (1356.0, 2183.0, 192.0, 1889.0, 193.0, 1347.0, 1905.0, 2121.0, 191.0) 
Voter 35: ID 125; Choice (2141.0, 1356.0, 2183.0, 192.0, 1889.0, 193.0, 1347.0, 2121.0, 191.0) 
Voter 36: ID 734; Choice (1356.0, 2183.0, 192.0, 1889.0, 193.0, 1905.0, 2092.0, 191.0) 
Voter 37: ID 628; Choice (1356.0, 2183.0, 192.0, 1889.0, 193.0, 1905.0, 2092.0, 191.0, 1347.0) 
Voter 38: ID 160; Choice (2141.0, 1356.0, 2183.0, 192.0, 1889.0, 193.0, 1347.0, 2121.0, 191.0) 
Voter 39: ID 604; Choice (2141.0, 1356.0, 2183.0, 192.0, 1889.0, 193.0, 1347.0, 2121.0, 191.0) 
Voter 40: ID 185; Choice (1356.0, 2183.0, 433.0, 192.0, 193.0, 1347.0, 1905.0, 191.0) 
Voter 41: ID 632; Choice (1356.0, 2183.0, 192.0, 1889.0, 193.0, 1905.0, 2092.0, 191.0, 1347.0) 
Voter 42: ID 68; Choice (1356.0, 2183.0, 192.0, 1889.0, 193.0, 1905.0, 2092.0, 191.0, 1347.0) 
Voter 43: ID 285; Choice (1356.0, 2183.0, 192.0, 1889.0, 193.0, 1905.0, 2092.0, 191.0) 
Voter 44: ID 121; Choice (1356.0, 2183.0, 192.0, 1889.0, 193.0, 1905.0, 2092.0, 2121.0, 191.0) 
Voter 45: ID 234; Choice (1356.0, 2183.0, 192.0, 1889.0, 193.0, 1905.0, 2092.0, 191.0, 1347.0) 
Voter 46: ID 88; Choice (2141.0, 1356.0, 2183.0, 192.0, 1889.0, 193.0, 1347.0, 2121.0, 191.0) 
Voter 47: ID 25; Choice (2141.0, 1356.0, 2183.0, 192.0, 1889.0, 193.0, 1347.0, 2121.0, 191.0) 
Voter 48: ID 309; Choice (2141.0, 1356.0, 2183.0, 1889.0, 193.0, 1905.0, 2092.0, 2121.0, 191.0) 
Voter 49: ID 680; Choice (2141.0, 1356.0, 2183.0, 192.0, 1889.0, 193.0, 1347.0, 2121.0, 191.0) 
Voter 50: ID 571; Choice (1356.0, 2183.0, 192.0, 1889.0, 193.0, 1905.0, 2092.0, 191.0, 1347.0) 
---------------------------------------------------------------------------
After Iteration 6 :
Voter 1: ID 448; Choice (1356.0, 2183.0, 192.0, 1889.0, 193.0, 1905.0, 2092.0, 191.0, 1347.0) 
Voter 2: ID 29; Choice (1356.0, 2183.0, 192.0, 1889.0, 193.0, 1905.0, 2092.0, 191.0, 1347.0) 
Voter 3: ID 400; Choice (2141.0, 1356.0, 2183.0, 192.0, 1889.0, 193.0, 1347.0, 2121.0, 191.0) 
Voter 4: ID 119; Choice (1356.0, 2183.0, 192.0, 1889.0, 193.0, 1905.0, 2092.0, 191.0, 1347.0) 
Voter 5: ID 288; Choice (1356.0, 2183.0, 192.0, 1889.0, 193.0, 1905.0, 2092.0, 191.0, 1347.0) 
Voter 6: ID 384; Choice (1356.0, 2183.0, 192.0, 1889.0, 193.0, 1905.0, 2092.0, 191.0, 1347.0) 
Voter 7: ID 631; Choice (2141.0, 1356.0, 2183.0, 1889.0, 193.0, 1347.0, 2092.0, 2121.0) 
Voter 8: ID 348; Choice (1356.0, 2183.0, 433.0, 192.0, 1889.0, 193.0, 1347.0, 1905.0, 2092.0) 
Voter 9: ID 100; Choice (1356.0, 2183.0, 192.0, 1889.0, 193.0, 1905.0, 2092.0, 191.0, 1347.0) 
Voter 10: ID 369; Choice (1356.0, 2183.0, 192.0, 1889.0, 193.0, 1905.0, 2092.0, 191.0, 1347.0) 
Voter 11: ID 181; Choice (1356.0, 2183.0, 192.0, 1889.0, 193.0, 1905.0, 2092.0, 191.0, 1347.0) 
Voter 12: ID 132; Choice (1356.0, 2183.0, 192.0, 1889.0, 193.0, 1905.0, 2092.0, 191.0, 1347.0) 
Voter 13: ID 264; Choice (1356.0, 2183.0, 192.0, 1889.0, 193.0, 1905.0, 2092.0, 191.0, 1347.0) 
Voter 14: ID 225; Choice (1356.0, 2183.0, 192.0, 1889.0, 193.0, 1905.0, 2092.0, 191.0, 1347.0) 
Voter 15: ID 270; Choice (1356.0, 2183.0, 192.0, 1889.0, 193.0, 1905.0, 2092.0, 191.0, 1347.0) 
Voter 16: ID 252; Choice (1356.0, 2183.0, 433.0, 192.0, 1889.0, 193.0, 1347.0, 1905.0, 2092.0) 
Voter 17: ID 341; Choice (1356.0, 2183.0, 192.0, 1889.0, 193.0, 1905.0, 2092.0, 191.0, 1347.0) 
Voter 18: ID 447; Choice (1356.0, 2183.0, 192.0, 1889.0, 193.0, 1905.0, 2092.0, 191.0, 1347.0) 
Voter 19: ID 496; Choice (1356.0, 2183.0, 192.0, 1889.0, 193.0, 1905.0, 2092.0, 191.0, 1347.0) 
Voter 20: ID 446; Choice (1356.0, 2183.0, 192.0, 1889.0, 193.0, 1905.0, 2092.0, 191.0, 1347.0) 
Voter 21: ID 620; Choice (1356.0, 2183.0, 192.0, 1889.0, 193.0, 1905.0, 2092.0, 191.0, 1347.0) 
Voter 22: ID 449; Choice (1356.0, 2183.0, 192.0, 1889.0, 193.0, 1905.0, 2092.0, 191.0, 1347.0) 
Voter 23: ID 53; Choice (1356.0, 2183.0, 192.0, 1889.0, 193.0, 1905.0, 2092.0, 191.0, 1347.0) 
Voter 24: ID 178; Choice (1356.0, 2183.0, 192.0, 1889.0, 193.0, 1905.0, 2092.0, 191.0, 1347.0) 
Voter 25: ID 678; Choice (1356.0, 2183.0, 192.0, 1889.0, 193.0, 1905.0, 2092.0, 191.0, 1347.0) 
Voter 26: ID 335; Choice (1356.0, 2183.0, 192.0, 1889.0, 193.0, 1905.0, 2092.0, 191.0, 1347.0) 
Voter 27: ID 720; Choice (1356.0, 2183.0, 192.0, 1889.0, 193.0, 1905.0, 2092.0, 191.0, 1347.0) 
Voter 28: ID 376; Choice (1356.0, 2183.0, 192.0, 1889.0, 193.0, 1905.0, 2092.0, 191.0, 1347.0) 
Voter 29: ID 382; Choice (1356.0, 2183.0, 192.0, 1889.0, 193.0, 1905.0, 2092.0, 191.0, 1347.0) 
Voter 30: ID 9; Choice (1356.0, 2183.0, 192.0, 1889.0, 193.0, 1905.0, 2092.0, 191.0, 1347.0) 
Voter 31: ID 346; Choice (1356.0, 2183.0, 192.0, 1889.0, 193.0, 1905.0, 2092.0, 191.0, 1347.0) 
Voter 32: ID 379; Choice (2141.0, 1356.0, 2183.0, 192.0, 1889.0, 193.0, 1347.0, 2121.0, 191.0) 
Voter 33: ID 306; Choice (1356.0, 2183.0, 192.0, 1889.0, 193.0, 1905.0, 2092.0, 191.0, 1347.0) 
Voter 34: ID 218; Choice (1356.0, 2183.0, 192.0, 1889.0, 193.0, 1905.0, 2092.0, 191.0) 
Voter 35: ID 125; Choice (1356.0, 2183.0, 192.0, 1889.0, 193.0, 1905.0, 2092.0, 191.0, 1347.0) 
Voter 36: ID 734; Choice (1356.0, 2183.0, 192.0, 1889.0, 193.0, 1905.0, 2092.0, 191.0, 1347.0) 
Voter 37: ID 628; Choice (1356.0, 2183.0, 192.0, 1889.0, 193.0, 1905.0, 2092.0, 191.0, 1347.0) 
Voter 38: ID 160; Choice (1356.0, 2183.0, 192.0, 1889.0, 193.0, 1905.0, 2092.0, 191.0, 1347.0) 
Voter 39: ID 604; Choice (2141.0, 1356.0, 2183.0, 192.0, 1889.0, 193.0, 1347.0, 2121.0, 191.0) 
Voter 40: ID 185; Choice (1356.0, 2183.0, 192.0, 1889.0, 193.0, 1905.0, 2092.0, 191.0, 1347.0) 
Voter 41: ID 632; Choice (1356.0, 2183.0, 192.0, 1889.0, 193.0, 1905.0, 2092.0, 191.0, 1347.0) 
Voter 42: ID 68; Choice (1356.0, 2183.0, 192.0, 1889.0, 193.0, 1905.0, 2092.0, 191.0, 1347.0) 
Voter 43: ID 285; Choice (2141.0, 1356.0, 2183.0, 1889.0, 193.0, 1347.0, 2092.0, 2121.0) 
Voter 44: ID 121; Choice (1356.0, 2183.0, 192.0, 1889.0, 193.0, 1905.0, 2092.0, 191.0, 1347.0) 
Voter 45: ID 234; Choice (1356.0, 2183.0, 192.0, 1889.0, 193.0, 1905.0, 2092.0, 191.0, 1347.0) 
Voter 46: ID 88; Choice (1356.0, 2183.0, 192.0, 1889.0, 193.0, 1905.0, 2092.0, 191.0, 1347.0) 
Voter 47: ID 25; Choice (1356.0, 2183.0, 192.0, 1889.0, 193.0, 1905.0, 2092.0, 191.0, 1347.0) 
Voter 48: ID 309; Choice (1356.0, 2183.0, 192.0, 1889.0, 193.0, 1905.0, 2092.0, 191.0, 1347.0) 
Voter 49: ID 680; Choice (1356.0, 2183.0, 192.0, 1889.0, 193.0, 1905.0, 2092.0, 191.0, 1347.0) 
Voter 50: ID 571; Choice (1356.0, 2183.0, 192.0, 1889.0, 193.0, 1905.0, 2092.0, 191.0, 1347.0) 
---------------------------------------------------------------------------
After Iteration 7 :
Voter 1: ID 448; Choice (1356.0, 2183.0, 192.0, 1889.0, 193.0, 1905.0, 2092.0, 191.0, 1347.0) 
Voter 2: ID 29; Choice (1356.0, 2183.0, 192.0, 1889.0, 193.0, 1905.0, 2092.0, 191.0, 1347.0) 
Voter 3: ID 400; Choice (2141.0, 1356.0, 2183.0, 192.0, 1889.0, 193.0, 1347.0, 2121.0, 191.0) 
Voter 4: ID 119; Choice (1356.0, 2183.0, 192.0, 1889.0, 193.0, 1905.0, 2092.0, 191.0, 1347.0) 
Voter 5: ID 288; Choice (1356.0, 2183.0, 192.0, 1889.0, 193.0, 1905.0, 2092.0, 191.0, 1347.0) 
Voter 6: ID 384; Choice (1356.0, 2183.0, 192.0, 1889.0, 193.0, 1905.0, 2092.0, 191.0, 1347.0) 
Voter 7: ID 631; Choice (2141.0, 1356.0, 2183.0, 1889.0, 193.0, 1347.0, 2092.0, 2121.0) 
Voter 8: ID 348; Choice (1356.0, 2183.0, 433.0, 192.0, 1889.0, 193.0, 1347.0, 1905.0, 2092.0) 
Voter 9: ID 100; Choice (2141.0, 1356.0, 2183.0, 192.0, 1889.0, 193.0, 1347.0, 2121.0, 191.0) 
Voter 10: ID 369; Choice (1356.0, 2183.0, 192.0, 1889.0, 193.0, 1905.0, 2092.0, 191.0, 1347.0) 
Voter 11: ID 181; Choice (2141.0, 1356.0, 2183.0, 192.0, 1889.0, 193.0, 1347.0, 2121.0, 191.0) 
Voter 12: ID 132; Choice (1356.0, 2183.0, 192.0, 1889.0, 193.0, 1905.0, 2092.0, 191.0, 1347.0) 
Voter 13: ID 264; Choice (1356.0, 2183.0, 192.0, 1889.0, 193.0, 1905.0, 2092.0, 191.0) 
Voter 14: ID 225; Choice (2141.0, 1356.0, 2183.0, 192.0, 1889.0, 193.0, 1347.0, 2121.0, 191.0) 
Voter 15: ID 270; Choice (2141.0, 1356.0, 2183.0, 192.0, 1889.0, 193.0, 1347.0, 2121.0, 191.0) 
Voter 16: ID 252; Choice (2141.0, 1356.0, 2183.0, 192.0, 1889.0, 193.0, 1347.0, 2121.0, 191.0) 
Voter 17: ID 341; Choice (2141.0, 1356.0, 2183.0, 192.0, 1889.0, 193.0, 1347.0, 2121.0, 191.0) 
Voter 18: ID 447; Choice (1356.0, 2183.0, 192.0, 1889.0, 193.0, 1905.0, 2092.0, 191.0, 1347.0) 
Voter 19: ID 496; Choice (1356.0, 2183.0, 192.0, 1889.0, 193.0, 1905.0, 2092.0, 191.0, 1347.0) 
Voter 20: ID 446; Choice (1356.0, 2183.0, 192.0, 1889.0, 193.0, 1905.0, 2092.0, 191.0, 1347.0) 
Voter 21: ID 620; Choice (1356.0, 2183.0, 192.0, 1889.0, 193.0, 1905.0, 2092.0, 191.0, 1347.0) 
Voter 22: ID 449; Choice (1356.0, 2183.0, 192.0, 1889.0, 193.0, 1905.0, 2092.0, 191.0, 1347.0) 
Voter 23: ID 53; Choice (1356.0, 2183.0, 192.0, 1889.0, 193.0, 1905.0, 2092.0, 191.0, 1347.0) 
Voter 24: ID 178; Choice (2141.0, 1356.0, 2183.0, 192.0, 1889.0, 193.0, 1347.0, 2121.0, 191.0) 
Voter 25: ID 678; Choice (1356.0, 2183.0, 192.0, 1889.0, 193.0, 1905.0, 2092.0, 191.0, 1347.0) 
Voter 26: ID 335; Choice (1356.0, 2183.0, 192.0, 1889.0, 193.0, 1905.0, 2092.0, 191.0, 1347.0) 
Voter 27: ID 720; Choice (1356.0, 2183.0, 192.0, 1889.0, 193.0, 1905.0, 2092.0, 191.0, 1347.0) 
Voter 28: ID 376; Choice (1356.0, 2183.0, 192.0, 1889.0, 193.0, 1905.0, 2092.0, 191.0, 1347.0) 
Voter 29: ID 382; Choice (1356.0, 2183.0, 192.0, 1889.0, 193.0, 1905.0, 2092.0, 191.0, 1347.0) 
Voter 30: ID 9; Choice (1356.0, 2183.0, 433.0, 1889.0, 193.0, 1347.0, 1905.0, 2092.0, 2121.0) 
Voter 31: ID 346; Choice (1356.0, 2183.0, 192.0, 1889.0, 193.0, 1905.0, 2092.0, 191.0, 1347.0) 
Voter 32: ID 379; Choice (1356.0, 2183.0, 192.0, 1889.0, 193.0, 1347.0, 1905.0, 2092.0, 2121.0) 
Voter 33: ID 306; Choice (1356.0, 2183.0, 192.0, 1889.0, 193.0, 1905.0, 2092.0, 191.0, 1347.0) 
Voter 34: ID 218; Choice (2141.0, 1356.0, 2183.0, 192.0, 1889.0, 193.0, 1347.0, 2121.0, 191.0) 
Voter 35: ID 125; Choice (1356.0, 2183.0, 192.0, 1889.0, 193.0, 1905.0, 2092.0, 191.0, 1347.0) 
Voter 36: ID 734; Choice (2183.0, 433.0, 1889.0, 193.0, 1905.0, 2092.0, 2121.0, 191.0) 
Voter 37: ID 628; Choice (1356.0, 2183.0, 192.0, 1889.0, 193.0, 1905.0, 2092.0, 191.0, 1347.0) 
Voter 38: ID 160; Choice (2141.0, 1356.0, 2183.0, 192.0, 1889.0, 193.0, 1347.0, 2121.0, 191.0) 
Voter 39: ID 604; Choice (2141.0, 1356.0, 2183.0, 192.0, 1889.0, 193.0, 1347.0, 2121.0, 191.0) 
Voter 40: ID 185; Choice (1356.0, 2183.0, 192.0, 1889.0, 193.0, 1905.0, 2092.0, 191.0, 1347.0) 
Voter 41: ID 632; Choice (1356.0, 2183.0, 192.0, 1889.0, 193.0, 1905.0, 2092.0, 191.0, 1347.0) 
Voter 42: ID 68; Choice (1356.0, 2183.0, 192.0, 1889.0, 193.0, 1905.0, 2092.0, 191.0, 1347.0) 
Voter 43: ID 285; Choice (1356.0, 2183.0, 192.0, 1889.0, 193.0, 1905.0, 2092.0, 191.0, 1347.0) 
Voter 44: ID 121; Choice (1356.0, 2183.0, 192.0, 1889.0, 193.0, 1905.0, 2092.0, 2121.0, 191.0) 
Voter 45: ID 234; Choice (1356.0, 2183.0, 192.0, 1889.0, 193.0, 1905.0, 2092.0, 191.0, 1347.0) 
Voter 46: ID 88; Choice (1356.0, 2183.0, 192.0, 1889.0, 193.0, 1905.0, 2092.0, 191.0, 1347.0) 
Voter 47: ID 25; Choice (1356.0, 2183.0, 192.0, 1889.0, 193.0, 1905.0, 2092.0, 191.0, 1347.0) 
Voter 48: ID 309; Choice (2141.0, 1356.0, 2183.0, 192.0, 1889.0, 193.0, 1347.0, 2121.0, 191.0) 
Voter 49: ID 680; Choice (2141.0, 1356.0, 2183.0, 192.0, 1889.0, 193.0, 1347.0, 2121.0, 191.0) 
Voter 50: ID 571; Choice (1356.0, 2183.0, 192.0, 1889.0, 193.0, 1905.0, 2092.0, 191.0, 1347.0) 
---------------------------------------------------------------------------
After Iteration 8 :
Voter 1: ID 448; Choice (1356.0, 2183.0, 192.0, 1889.0, 193.0, 1905.0, 2092.0, 191.0, 1347.0) 
Voter 2: ID 29; Choice (2141.0, 1356.0, 2183.0, 192.0, 1889.0, 1347.0, 2092.0, 191.0) 
Voter 3: ID 400; Choice (1356.0, 2183.0, 192.0, 1889.0, 193.0, 1905.0, 2092.0, 191.0, 1347.0) 
Voter 4: ID 119; Choice (1356.0, 2183.0, 192.0, 1889.0, 193.0, 1905.0, 2092.0, 191.0, 1347.0) 
Voter 5: ID 288; Choice (1356.0, 2183.0, 192.0, 1889.0, 193.0, 1905.0, 2092.0, 191.0, 1347.0) 
Voter 6: ID 384; Choice (1356.0, 2183.0, 192.0, 1889.0, 193.0, 1905.0, 2092.0, 191.0, 1347.0) 
Voter 7: ID 631; Choice (1356.0, 2183.0, 192.0, 1889.0, 193.0, 1905.0, 2092.0, 191.0, 1347.0) 
Voter 8: ID 348; Choice (1356.0, 2183.0, 192.0, 1889.0, 193.0, 1905.0, 2092.0, 191.0, 1347.0) 
Voter 9: ID 100; Choice (1356.0, 2183.0, 192.0, 1889.0, 193.0, 1905.0, 2092.0, 191.0, 1347.0) 
Voter 10: ID 369; Choice (1356.0, 2183.0, 192.0, 1889.0, 193.0, 1905.0, 2092.0, 191.0, 1347.0) 
Voter 11: ID 181; Choice (1356.0, 2183.0, 192.0, 1889.0, 193.0, 1905.0, 2092.0, 191.0, 1347.0) 
Voter 12: ID 132; Choice (1356.0, 2183.0, 192.0, 1889.0, 193.0, 1905.0, 2092.0, 191.0, 1347.0) 
Voter 13: ID 264; Choice (1356.0, 2183.0, 192.0, 1889.0, 193.0, 1905.0, 2092.0, 191.0, 1347.0) 
Voter 14: ID 225; Choice (1356.0, 2183.0, 192.0, 1889.0, 193.0, 1905.0, 2092.0, 191.0, 1347.0) 
Voter 15: ID 270; Choice (1356.0, 2183.0, 192.0, 1889.0, 193.0, 1905.0, 2092.0, 191.0, 1347.0) 
Voter 16: ID 252; Choice (1356.0, 2183.0, 192.0, 1889.0, 193.0, 1905.0, 2092.0, 191.0, 1347.0) 
Voter 17: ID 341; Choice (1356.0, 2183.0, 192.0, 1889.0, 193.0, 1905.0, 2092.0, 191.0, 1347.0) 
Voter 18: ID 447; Choice (1356.0, 2183.0, 192.0, 1889.0, 193.0, 1905.0, 2092.0, 191.0, 1347.0) 
Voter 19: ID 496; Choice (1356.0, 2183.0, 433.0, 192.0, 1889.0, 193.0, 1347.0, 2092.0, 2121.0) 
Voter 20: ID 446; Choice (1356.0, 2183.0, 192.0, 1889.0, 193.0, 1905.0, 2092.0, 191.0, 1347.0) 
Voter 21: ID 620; Choice (1356.0, 2183.0, 192.0, 1889.0, 193.0, 1905.0, 2092.0, 191.0, 1347.0) 
Voter 22: ID 449; Choice (1356.0, 2183.0, 192.0, 1889.0, 193.0, 1905.0, 2092.0, 191.0, 1347.0) 
Voter 23: ID 53; Choice (1356.0, 2183.0, 192.0, 1889.0, 193.0, 1905.0, 2092.0, 191.0, 1347.0) 
Voter 24: ID 178; Choice (1356.0, 2183.0, 192.0, 1889.0, 193.0, 1905.0, 2092.0, 191.0, 1347.0) 
Voter 25: ID 678; Choice (1356.0, 2183.0, 192.0, 1889.0, 193.0, 1905.0, 2092.0, 191.0, 1347.0) 
Voter 26: ID 335; Choice (1356.0, 2183.0, 192.0, 1889.0, 193.0, 1905.0, 2092.0, 191.0, 1347.0) 
Voter 27: ID 720; Choice (1356.0, 2183.0, 192.0, 1889.0, 193.0, 1905.0, 2092.0, 191.0, 1347.0) 
Voter 28: ID 376; Choice (1356.0, 2183.0, 192.0, 1889.0, 193.0, 1905.0, 2092.0, 191.0, 1347.0) 
Voter 29: ID 382; Choice (1356.0, 2183.0, 192.0, 1889.0, 193.0, 1905.0, 2092.0, 191.0, 1347.0) 
Voter 30: ID 9; Choice (1356.0, 2183.0, 192.0, 1889.0, 193.0, 1905.0, 2092.0, 191.0, 1347.0) 
Voter 31: ID 346; Choice (1356.0, 2183.0, 192.0, 1889.0, 193.0, 1905.0, 2092.0, 191.0, 1347.0) 
Voter 32: ID 379; Choice (1356.0, 2183.0, 192.0, 1889.0, 193.0, 1905.0, 2092.0, 191.0, 1347.0) 
Voter 33: ID 306; Choice (1356.0, 2183.0, 192.0, 1889.0, 193.0, 1905.0, 2092.0, 191.0, 1347.0) 
Voter 34: ID 218; Choice (2141.0, 1356.0, 2183.0, 192.0, 1889.0, 193.0, 1347.0, 2121.0, 191.0) 
Voter 35: ID 125; Choice (1356.0, 2183.0, 192.0, 1889.0, 193.0, 1905.0, 2092.0, 191.0, 1347.0) 
Voter 36: ID 734; Choice (1356.0, 2183.0, 192.0, 1889.0, 193.0, 1905.0, 2092.0, 191.0, 1347.0) 
Voter 37: ID 628; Choice (1356.0, 2183.0, 192.0, 1889.0, 193.0, 1905.0, 2092.0, 191.0, 1347.0) 
Voter 38: ID 160; Choice (1356.0, 2183.0, 192.0, 1889.0, 193.0, 1905.0, 2092.0, 191.0, 1347.0) 
Voter 39: ID 604; Choice (1356.0, 2183.0, 192.0, 1889.0, 193.0, 1905.0, 2092.0, 191.0, 1347.0) 
Voter 40: ID 185; Choice (1356.0, 2183.0, 192.0, 1889.0, 193.0, 1905.0, 2092.0, 191.0, 1347.0) 
Voter 41: ID 632; Choice (1356.0, 2183.0, 192.0, 1889.0, 193.0, 1905.0, 2092.0, 191.0, 1347.0) 
Voter 42: ID 68; Choice (1356.0, 2183.0, 192.0, 1889.0, 193.0, 1905.0, 2092.0, 191.0, 1347.0) 
Voter 43: ID 285; Choice (1356.0, 2183.0, 192.0, 1889.0, 193.0, 1905.0, 2092.0, 191.0, 1347.0) 
Voter 44: ID 121; Choice (1356.0, 2183.0, 192.0, 1889.0, 193.0, 1905.0, 2092.0, 191.0, 1347.0) 
Voter 45: ID 234; Choice (1356.0, 2183.0, 192.0, 1889.0, 193.0, 1905.0, 2092.0, 191.0, 1347.0) 
Voter 46: ID 88; Choice (1356.0, 2183.0, 192.0, 1889.0, 193.0, 1905.0, 2092.0, 191.0, 1347.0) 
Voter 47: ID 25; Choice (1356.0, 2183.0, 192.0, 1889.0, 193.0, 1905.0, 2092.0, 191.0, 1347.0) 
Voter 48: ID 309; Choice (1356.0, 2183.0, 192.0, 1889.0, 193.0, 1905.0, 2092.0, 191.0, 1347.0) 
Voter 49: ID 680; Choice (1356.0, 2183.0, 192.0, 1889.0, 193.0, 1905.0, 2092.0, 191.0, 1347.0) 
Voter 50: ID 571; Choice (1356.0, 2183.0, 192.0, 1889.0, 193.0, 1905.0, 2092.0, 191.0, 1347.0) 
---------------------------------------------------------------------------
After Iteration 9 :
Voter 1: ID 448; Choice (1356.0, 2183.0, 192.0, 1889.0, 193.0, 1905.0, 2092.0, 191.0, 1347.0) 
Voter 2: ID 29; Choice (1356.0, 2183.0, 192.0, 1889.0, 193.0, 1905.0, 2092.0, 191.0, 1347.0) 
Voter 3: ID 400; Choice (1356.0, 2183.0, 192.0, 1889.0, 193.0, 1905.0, 2092.0, 191.0, 1347.0) 
Voter 4: ID 119; Choice (1356.0, 2183.0, 192.0, 1889.0, 193.0, 1905.0, 2092.0, 191.0, 1347.0) 
Voter 5: ID 288; Choice (1356.0, 2183.0, 192.0, 1889.0, 193.0, 1905.0, 2092.0, 191.0, 1347.0) 
Voter 6: ID 384; Choice (1356.0, 2183.0, 192.0, 1889.0, 193.0, 1905.0, 2092.0, 191.0, 1347.0) 
Voter 7: ID 631; Choice (1356.0, 2183.0, 192.0, 1889.0, 193.0, 1905.0, 2092.0, 191.0, 1347.0) 
Voter 8: ID 348; Choice (1356.0, 2183.0, 433.0, 192.0, 1889.0, 193.0, 1347.0, 1905.0, 2092.0) 
Voter 9: ID 100; Choice (1356.0, 2183.0, 192.0, 1889.0, 193.0, 1905.0, 2092.0, 191.0, 1347.0) 
Voter 10: ID 369; Choice (1356.0, 2183.0, 192.0, 1889.0, 193.0, 1905.0, 2092.0, 191.0, 1347.0) 
Voter 11: ID 181; Choice (1356.0, 2183.0, 192.0, 1889.0, 193.0, 1905.0, 2092.0, 191.0, 1347.0) 
Voter 12: ID 132; Choice (1356.0, 2183.0, 192.0, 1889.0, 193.0, 1905.0, 2092.0, 191.0, 1347.0) 
Voter 13: ID 264; Choice (1356.0, 2183.0, 192.0, 1889.0, 193.0, 1905.0, 2092.0, 191.0, 1347.0) 
Voter 14: ID 225; Choice (1356.0, 2183.0, 192.0, 1889.0, 193.0, 1905.0, 2092.0, 191.0, 1347.0) 
Voter 15: ID 270; Choice (1356.0, 2183.0, 192.0, 1889.0, 193.0, 1905.0, 2092.0, 191.0, 1347.0) 
Voter 16: ID 252; Choice (1356.0, 2183.0, 192.0, 1889.0, 193.0, 1905.0, 2092.0, 191.0, 1347.0) 
Voter 17: ID 341; Choice (1356.0, 2183.0, 192.0, 1889.0, 193.0, 1905.0, 2092.0, 191.0, 1347.0) 
Voter 18: ID 447; Choice (1356.0, 2183.0, 192.0, 1889.0, 193.0, 1905.0, 2092.0, 191.0, 1347.0) 
Voter 19: ID 496; Choice (1356.0, 2183.0, 192.0, 1889.0, 193.0, 1905.0, 2092.0, 191.0, 1347.0) 
Voter 20: ID 446; Choice (1356.0, 2183.0, 192.0, 1889.0, 193.0, 1905.0, 2092.0, 191.0, 1347.0) 
Voter 21: ID 620; Choice (1356.0, 2183.0, 192.0, 1889.0, 193.0, 1905.0, 2092.0, 191.0, 1347.0) 
Voter 22: ID 449; Choice (1356.0, 2183.0, 192.0, 1889.0, 193.0, 1905.0, 2092.0, 191.0, 1347.0) 
Voter 23: ID 53; Choice (1356.0, 2183.0, 192.0, 1889.0, 193.0, 1905.0, 2092.0, 191.0, 1347.0) 
Voter 24: ID 178; Choice (1356.0, 2183.0, 192.0, 1889.0, 193.0, 1905.0, 2092.0, 191.0, 1347.0) 
Voter 25: ID 678; Choice (1356.0, 2183.0, 192.0, 1889.0, 193.0, 1905.0, 2092.0, 191.0, 1347.0) 
Voter 26: ID 335; Choice (1356.0, 2183.0, 192.0, 1889.0, 193.0, 1905.0, 2092.0, 191.0, 1347.0) 
Voter 27: ID 720; Choice (1356.0, 2183.0, 192.0, 1889.0, 193.0, 1905.0, 2092.0, 191.0, 1347.0) 
Voter 28: ID 376; Choice (1356.0, 2183.0, 192.0, 1889.0, 193.0, 1905.0, 2092.0, 191.0, 1347.0) 
Voter 29: ID 382; Choice (1356.0, 2183.0, 192.0, 1889.0, 193.0, 1905.0, 2092.0, 191.0, 1347.0) 
Voter 30: ID 9; Choice (1356.0, 2183.0, 192.0, 1889.0, 193.0, 1905.0, 2092.0, 191.0, 1347.0) 
Voter 31: ID 346; Choice (1356.0, 2183.0, 192.0, 1889.0, 193.0, 1905.0, 2092.0, 191.0, 1347.0) 
Voter 32: ID 379; Choice (1356.0, 2183.0, 192.0, 1889.0, 193.0, 1905.0, 2092.0, 191.0, 1347.0) 
Voter 33: ID 306; Choice (1356.0, 2183.0, 192.0, 1889.0, 193.0, 1905.0, 2092.0, 191.0, 1347.0) 
Voter 34: ID 218; Choice (2141.0, 1356.0, 2183.0, 192.0, 1889.0, 193.0, 1347.0, 2121.0, 191.0) 
Voter 35: ID 125; Choice (1356.0, 2183.0, 192.0, 1889.0, 193.0, 1905.0, 2092.0, 191.0, 1347.0) 
Voter 36: ID 734; Choice (1356.0, 2183.0, 192.0, 1889.0, 193.0, 1905.0, 2092.0, 191.0, 1347.0) 
Voter 37: ID 628; Choice (1356.0, 2183.0, 192.0, 1889.0, 193.0, 1905.0, 2092.0, 191.0, 1347.0) 
Voter 38: ID 160; Choice (1356.0, 2183.0, 192.0, 1889.0, 193.0, 1905.0, 2092.0, 191.0, 1347.0) 
Voter 39: ID 604; Choice (1356.0, 2183.0, 192.0, 1889.0, 193.0, 1905.0, 2092.0, 191.0, 1347.0) 
Voter 40: ID 185; Choice (1356.0, 2183.0, 192.0, 1889.0, 193.0, 1905.0, 2092.0, 191.0, 1347.0) 
Voter 41: ID 632; Choice (1356.0, 2183.0, 192.0, 1889.0, 193.0, 1905.0, 2092.0, 191.0, 1347.0) 
Voter 42: ID 68; Choice (1356.0, 2183.0, 192.0, 1889.0, 193.0, 1905.0, 2092.0, 191.0, 1347.0) 
Voter 43: ID 285; Choice (1356.0, 2183.0, 192.0, 1889.0, 193.0, 1905.0, 2092.0, 191.0, 1347.0) 
Voter 44: ID 121; Choice (1356.0, 2183.0, 192.0, 1889.0, 193.0, 1905.0, 2092.0, 191.0, 1347.0) 
Voter 45: ID 234; Choice (1356.0, 2183.0, 192.0, 1889.0, 193.0, 1905.0, 2092.0, 191.0, 1347.0) 
Voter 46: ID 88; Choice (1356.0, 2183.0, 192.0, 1889.0, 193.0, 1905.0, 2092.0, 191.0, 1347.0) 
Voter 47: ID 25; Choice (1356.0, 2183.0, 192.0, 1889.0, 193.0, 1905.0, 2092.0, 191.0, 1347.0) 
Voter 48: ID 309; Choice (1356.0, 2183.0, 192.0, 1889.0, 193.0, 1905.0, 2092.0, 191.0, 1347.0) 
Voter 49: ID 680; Choice (1356.0, 2183.0, 192.0, 1889.0, 193.0, 1905.0, 2092.0, 191.0, 1347.0) 
Voter 50: ID 571; Choice (1356.0, 2183.0, 192.0, 1889.0, 193.0, 1905.0, 2092.0, 191.0, 1347.0) 
---------------------------------------------------------------------------
After Iteration 10 :
Voter 1: ID 448; Choice (1356.0, 2183.0, 192.0, 1889.0, 193.0, 1905.0, 2092.0, 191.0, 1347.0) 
Voter 2: ID 29; Choice (1356.0, 2183.0, 192.0, 1889.0, 193.0, 1905.0, 2092.0, 191.0, 1347.0) 
Voter 3: ID 400; Choice (1356.0, 2183.0, 192.0, 1889.0, 193.0, 1905.0, 2092.0, 191.0, 1347.0) 
Voter 4: ID 119; Choice (1356.0, 2183.0, 192.0, 1889.0, 193.0, 1905.0, 2092.0, 191.0, 1347.0) 
Voter 5: ID 288; Choice (1356.0, 2183.0, 192.0, 1889.0, 193.0, 1905.0, 2092.0, 191.0, 1347.0) 
Voter 6: ID 384; Choice (1356.0, 2183.0, 192.0, 1889.0, 193.0, 1905.0, 2092.0, 191.0, 1347.0) 
Voter 7: ID 631; Choice (1356.0, 2183.0, 192.0, 1889.0, 193.0, 1905.0, 2092.0, 191.0, 1347.0) 
Voter 8: ID 348; Choice (1356.0, 2183.0, 192.0, 1889.0, 193.0, 1905.0, 2092.0, 191.0, 1347.0) 
Voter 9: ID 100; Choice (2141.0, 1356.0, 2183.0, 192.0, 1889.0, 1347.0, 2092.0, 2121.0) 
Voter 10: ID 369; Choice (1356.0, 2183.0, 192.0, 1889.0, 193.0, 1905.0, 2092.0, 191.0, 1347.0) 
Voter 11: ID 181; Choice (1356.0, 2183.0, 192.0, 1889.0, 193.0, 1905.0, 2092.0, 191.0, 1347.0) 
Voter 12: ID 132; Choice (1356.0, 2183.0, 192.0, 1889.0, 193.0, 1905.0, 2092.0, 191.0, 1347.0) 
Voter 13: ID 264; Choice (1356.0, 2183.0, 192.0, 1889.0, 193.0, 1905.0, 2092.0, 191.0, 1347.0) 
Voter 14: ID 225; Choice (1356.0, 2183.0, 192.0, 1889.0, 193.0, 1905.0, 2092.0, 191.0, 1347.0) 
Voter 15: ID 270; Choice (1356.0, 2183.0, 192.0, 1889.0, 193.0, 1905.0, 2092.0, 191.0, 1347.0) 
Voter 16: ID 252; Choice (1356.0, 2183.0, 192.0, 1889.0, 193.0, 1905.0, 2092.0, 191.0, 1347.0) 
Voter 17: ID 341; Choice (1356.0, 2183.0, 192.0, 1889.0, 193.0, 1905.0, 2092.0, 191.0, 1347.0) 
Voter 18: ID 447; Choice (1356.0, 2183.0, 192.0, 1889.0, 193.0, 1905.0, 2092.0, 191.0, 1347.0) 
Voter 19: ID 496; Choice (1356.0, 2183.0, 192.0, 1889.0, 193.0, 1905.0, 2092.0, 191.0, 1347.0) 
Voter 20: ID 446; Choice (1356.0, 2183.0, 192.0, 1889.0, 193.0, 1905.0, 2092.0, 191.0, 1347.0) 
Voter 21: ID 620; Choice (1356.0, 2183.0, 192.0, 1889.0, 193.0, 1905.0, 2092.0, 191.0, 1347.0) 
Voter 22: ID 449; Choice (1356.0, 2183.0, 192.0, 1889.0, 193.0, 1905.0, 2092.0, 191.0, 1347.0) 
Voter 23: ID 53; Choice (1356.0, 2183.0, 192.0, 1889.0, 193.0, 1905.0, 2092.0, 191.0, 1347.0) 
Voter 24: ID 178; Choice (1356.0, 2183.0, 192.0, 1889.0, 193.0, 1905.0, 2092.0, 191.0, 1347.0) 
Voter 25: ID 678; Choice (1356.0, 2183.0, 192.0, 1889.0, 193.0, 1905.0, 2092.0, 191.0, 1347.0) 
Voter 26: ID 335; Choice (1356.0, 2183.0, 192.0, 1889.0, 193.0, 1905.0, 2092.0, 191.0, 1347.0) 
Voter 27: ID 720; Choice (1356.0, 2183.0, 192.0, 1889.0, 193.0, 1905.0, 2092.0, 191.0, 1347.0) 
Voter 28: ID 376; Choice (1356.0, 2183.0, 192.0, 1889.0, 193.0, 1905.0, 2092.0, 191.0, 1347.0) 
Voter 29: ID 382; Choice (1356.0, 2183.0, 192.0, 1889.0, 193.0, 1905.0, 2092.0, 191.0, 1347.0) 
Voter 30: ID 9; Choice (1356.0, 2183.0, 192.0, 1889.0, 193.0, 1905.0, 2092.0, 191.0, 1347.0) 
Voter 31: ID 346; Choice (1356.0, 2183.0, 192.0, 1889.0, 193.0, 1905.0, 2092.0, 191.0, 1347.0) 
Voter 32: ID 379; Choice (1356.0, 2183.0, 192.0, 1889.0, 193.0, 1905.0, 2092.0, 191.0, 1347.0) 
Voter 33: ID 306; Choice (1356.0, 2183.0, 192.0, 1889.0, 193.0, 1905.0, 2092.0, 191.0, 1347.0) 
Voter 34: ID 218; Choice (1356.0, 2183.0, 192.0, 1889.0, 193.0, 1905.0, 2092.0, 191.0, 1347.0) 
Voter 35: ID 125; Choice (1356.0, 2183.0, 192.0, 1889.0, 193.0, 1905.0, 2092.0, 191.0, 1347.0) 
Voter 36: ID 734; Choice (1356.0, 2183.0, 192.0, 1889.0, 193.0, 1905.0, 2092.0, 191.0, 1347.0) 
Voter 37: ID 628; Choice (1356.0, 2183.0, 192.0, 1889.0, 193.0, 1905.0, 2092.0, 191.0, 1347.0) 
Voter 38: ID 160; Choice (1356.0, 2183.0, 192.0, 1889.0, 193.0, 1905.0, 2092.0, 191.0, 1347.0) 
Voter 39: ID 604; Choice (1356.0, 2183.0, 192.0, 1889.0, 193.0, 1905.0, 2092.0, 191.0, 1347.0) 
Voter 40: ID 185; Choice (1356.0, 2183.0, 192.0, 1889.0, 193.0, 1905.0, 2092.0, 191.0, 1347.0) 
Voter 41: ID 632; Choice (1356.0, 2183.0, 192.0, 1889.0, 193.0, 1905.0, 2092.0, 191.0, 1347.0) 
Voter 42: ID 68; Choice (1356.0, 2183.0, 192.0, 1889.0, 193.0, 1905.0, 2092.0, 191.0, 1347.0) 
Voter 43: ID 285; Choice (1356.0, 2183.0, 192.0, 1889.0, 193.0, 1905.0, 2092.0, 191.0, 1347.0) 
Voter 44: ID 121; Choice (1356.0, 2183.0, 192.0, 1889.0, 193.0, 1905.0, 2092.0, 191.0, 1347.0) 
Voter 45: ID 234; Choice (1356.0, 2183.0, 192.0, 1889.0, 193.0, 1905.0, 2092.0, 191.0, 1347.0) 
Voter 46: ID 88; Choice (1356.0, 2183.0, 192.0, 1889.0, 193.0, 1905.0, 2092.0, 191.0, 1347.0) 
Voter 47: ID 25; Choice (1356.0, 2183.0, 192.0, 1889.0, 193.0, 1905.0, 2092.0, 191.0, 1347.0) 
Voter 48: ID 309; Choice (1356.0, 2183.0, 192.0, 1889.0, 193.0, 1905.0, 2092.0, 191.0, 1347.0) 
Voter 49: ID 680; Choice (1356.0, 2183.0, 192.0, 1889.0, 193.0, 1905.0, 2092.0, 191.0, 1347.0) 
Voter 50: ID 571; Choice (1356.0, 2183.0, 192.0, 1889.0, 193.0, 1905.0, 2092.0, 191.0, 1347.0) 
---------------------------------------------------------------------------
After Iteration 11 :
Voter 1: ID 448; Choice (1356.0, 2183.0, 192.0, 1889.0, 193.0, 1905.0, 2092.0, 191.0, 1347.0) 
Voter 2: ID 29; Choice (1356.0, 2183.0, 192.0, 1889.0, 193.0, 1905.0, 2092.0, 191.0, 1347.0) 
Voter 3: ID 400; Choice (1356.0, 2183.0, 192.0, 1889.0, 193.0, 1905.0, 2092.0, 191.0, 1347.0) 
Voter 4: ID 119; Choice (1356.0, 2183.0, 192.0, 1889.0, 193.0, 1905.0, 2092.0, 191.0, 1347.0) 
Voter 5: ID 288; Choice (1356.0, 2183.0, 192.0, 1889.0, 193.0, 1905.0, 2092.0, 191.0, 1347.0) 
Voter 6: ID 384; Choice (1356.0, 2183.0, 192.0, 1889.0, 193.0, 1905.0, 2092.0, 191.0, 1347.0) 
Voter 7: ID 631; Choice (1356.0, 2183.0, 192.0, 1889.0, 193.0, 1905.0, 2092.0, 191.0, 1347.0) 
Voter 8: ID 348; Choice (1356.0, 2183.0, 192.0, 1889.0, 193.0, 1905.0, 2092.0, 191.0, 1347.0) 
Voter 9: ID 100; Choice (1356.0, 2183.0, 192.0, 1889.0, 193.0, 1905.0, 2092.0, 191.0, 1347.0) 
Voter 10: ID 369; Choice (1356.0, 2183.0, 192.0, 1889.0, 193.0, 1905.0, 2092.0, 191.0, 1347.0) 
Voter 11: ID 181; Choice (1356.0, 2183.0, 192.0, 1889.0, 193.0, 1905.0, 2092.0, 191.0, 1347.0) 
Voter 12: ID 132; Choice (1356.0, 2183.0, 192.0, 1889.0, 193.0, 1905.0, 2092.0, 191.0, 1347.0) 
Voter 13: ID 264; Choice (1356.0, 2183.0, 192.0, 1889.0, 193.0, 1905.0, 2092.0, 191.0, 1347.0) 
Voter 14: ID 225; Choice (1356.0, 2183.0, 192.0, 1889.0, 193.0, 1905.0, 2092.0, 191.0, 1347.0) 
Voter 15: ID 270; Choice (1356.0, 2183.0, 192.0, 1889.0, 193.0, 1905.0, 2092.0, 191.0, 1347.0) 
Voter 16: ID 252; Choice (1356.0, 2183.0, 192.0, 1889.0, 193.0, 1905.0, 2092.0, 191.0, 1347.0) 
Voter 17: ID 341; Choice (1356.0, 2183.0, 192.0, 1889.0, 193.0, 1905.0, 2092.0, 191.0, 1347.0) 
Voter 18: ID 447; Choice (1356.0, 2183.0, 192.0, 1889.0, 193.0, 1905.0, 2092.0, 191.0, 1347.0) 
Voter 19: ID 496; Choice (1356.0, 2183.0, 192.0, 1889.0, 193.0, 1905.0, 2092.0, 191.0, 1347.0) 
Voter 20: ID 446; Choice (1356.0, 2183.0, 192.0, 1889.0, 193.0, 1905.0, 2092.0, 191.0, 1347.0) 
Voter 21: ID 620; Choice (1356.0, 2183.0, 192.0, 1889.0, 193.0, 1905.0, 2092.0, 191.0, 1347.0) 
Voter 22: ID 449; Choice (1356.0, 2183.0, 192.0, 1889.0, 193.0, 1905.0, 2092.0, 191.0, 1347.0) 
Voter 23: ID 53; Choice (1356.0, 2183.0, 192.0, 1889.0, 193.0, 1905.0, 2092.0, 191.0, 1347.0) 
Voter 24: ID 178; Choice (1356.0, 2183.0, 192.0, 1889.0, 193.0, 1905.0, 2092.0, 191.0, 1347.0) 
Voter 25: ID 678; Choice (1356.0, 2183.0, 192.0, 1889.0, 193.0, 1905.0, 2092.0, 191.0, 1347.0) 
Voter 26: ID 335; Choice (1356.0, 2183.0, 192.0, 1889.0, 193.0, 1905.0, 2092.0, 191.0, 1347.0) 
Voter 27: ID 720; Choice (1356.0, 2183.0, 192.0, 1889.0, 193.0, 1905.0, 2092.0, 191.0, 1347.0) 
Voter 28: ID 376; Choice (1356.0, 2183.0, 192.0, 1889.0, 193.0, 1905.0, 2092.0, 191.0, 1347.0) 
Voter 29: ID 382; Choice (1356.0, 2183.0, 192.0, 1889.0, 193.0, 1905.0, 2092.0, 191.0, 1347.0) 
Voter 30: ID 9; Choice (1356.0, 2183.0, 192.0, 1889.0, 193.0, 1905.0, 2092.0, 191.0, 1347.0) 
Voter 31: ID 346; Choice (1211.0, 1356.0, 2183.0, 1889.0, 193.0, 1347.0, 1905.0, 191.0) 
Voter 32: ID 379; Choice (1356.0, 2183.0, 192.0, 1889.0, 193.0, 1905.0, 2092.0, 191.0, 1347.0) 
Voter 33: ID 306; Choice (1356.0, 2183.0, 192.0, 1889.0, 193.0, 1905.0, 2092.0, 191.0, 1347.0) 
Voter 34: ID 218; Choice (1356.0, 2183.0, 192.0, 1889.0, 193.0, 1905.0, 2092.0, 191.0, 1347.0) 
Voter 35: ID 125; Choice (1356.0, 2183.0, 192.0, 1889.0, 193.0, 1905.0, 2092.0, 191.0, 1347.0) 
Voter 36: ID 734; Choice (1356.0, 2183.0, 192.0, 1889.0, 193.0, 1905.0, 2092.0, 191.0, 1347.0) 
Voter 37: ID 628; Choice (1356.0, 2183.0, 192.0, 1889.0, 193.0, 1905.0, 2092.0, 191.0, 1347.0) 
Voter 38: ID 160; Choice (1356.0, 2183.0, 192.0, 1889.0, 193.0, 1905.0, 2092.0, 191.0, 1347.0) 
Voter 39: ID 604; Choice (1356.0, 2183.0, 192.0, 1889.0, 193.0, 1905.0, 2092.0, 191.0, 1347.0) 
Voter 40: ID 185; Choice (1356.0, 2183.0, 192.0, 1889.0, 193.0, 1905.0, 2092.0, 191.0, 1347.0) 
Voter 41: ID 632; Choice (1356.0, 2183.0, 192.0, 1889.0, 193.0, 1905.0, 2092.0, 191.0, 1347.0) 
Voter 42: ID 68; Choice (1356.0, 2183.0, 192.0, 1889.0, 193.0, 1905.0, 2092.0, 191.0, 1347.0) 
Voter 43: ID 285; Choice (1356.0, 2183.0, 192.0, 1889.0, 193.0, 1905.0, 2092.0, 191.0, 1347.0) 
Voter 44: ID 121; Choice (1356.0, 2183.0, 192.0, 1889.0, 193.0, 1905.0, 2092.0, 191.0, 1347.0) 
Voter 45: ID 234; Choice (1356.0, 2183.0, 192.0, 1889.0, 193.0, 1905.0, 2092.0, 191.0, 1347.0) 
Voter 46: ID 88; Choice (1356.0, 2183.0, 192.0, 1889.0, 193.0, 1905.0, 2092.0, 191.0, 1347.0) 
Voter 47: ID 25; Choice (1356.0, 2183.0, 192.0, 1889.0, 193.0, 1905.0, 2092.0, 191.0, 1347.0) 
Voter 48: ID 309; Choice (1356.0, 2183.0, 192.0, 1889.0, 193.0, 1905.0, 2092.0, 191.0, 1347.0) 
Voter 49: ID 680; Choice (1356.0, 2183.0, 192.0, 1889.0, 193.0, 1905.0, 2092.0, 191.0, 1347.0) 
Voter 50: ID 571; Choice (1356.0, 2183.0, 192.0, 1889.0, 193.0, 1905.0, 2092.0, 191.0, 1347.0) 
---------------------------------------------------------------------------
After Iteration 12 :
Voter 1: ID 448; Choice (1356.0, 2183.0, 192.0, 1889.0, 193.0, 1905.0, 2092.0, 191.0, 1347.0) 
Voter 2: ID 29; Choice (1356.0, 2183.0, 192.0, 1889.0, 193.0, 1905.0, 2092.0, 191.0, 1347.0) 
Voter 3: ID 400; Choice (1356.0, 2183.0, 192.0, 1889.0, 193.0, 1905.0, 2092.0, 191.0, 1347.0) 
Voter 4: ID 119; Choice (1356.0, 2183.0, 192.0, 1889.0, 193.0, 1905.0, 2092.0, 191.0, 1347.0) 
Voter 5: ID 288; Choice (1356.0, 2183.0, 192.0, 1889.0, 193.0, 1905.0, 2092.0, 191.0, 1347.0) 
Voter 6: ID 384; Choice (1356.0, 2183.0, 192.0, 1889.0, 193.0, 1905.0, 2092.0, 191.0, 1347.0) 
Voter 7: ID 631; Choice (1356.0, 2183.0, 192.0, 1889.0, 193.0, 1905.0, 2092.0, 191.0, 1347.0) 
Voter 8: ID 348; Choice (1356.0, 2183.0, 192.0, 1889.0, 193.0, 1905.0, 2092.0, 191.0, 1347.0) 
Voter 9: ID 100; Choice (2141.0, 1356.0, 2183.0, 1889.0, 193.0, 1347.0, 2092.0, 2121.0) 
Voter 10: ID 369; Choice (1356.0, 2183.0, 192.0, 1889.0, 193.0, 1905.0, 2092.0, 191.0, 1347.0) 
Voter 11: ID 181; Choice (1356.0, 2183.0, 192.0, 1889.0, 193.0, 1905.0, 2092.0, 191.0, 1347.0) 
Voter 12: ID 132; Choice (1356.0, 2183.0, 192.0, 1889.0, 193.0, 1905.0, 2092.0, 191.0, 1347.0) 
Voter 13: ID 264; Choice (1356.0, 2183.0, 192.0, 1889.0, 193.0, 1905.0, 2092.0, 191.0, 1347.0) 
Voter 14: ID 225; Choice (1356.0, 2183.0, 192.0, 1889.0, 193.0, 1905.0, 2092.0, 191.0, 1347.0) 
Voter 15: ID 270; Choice (1356.0, 2183.0, 192.0, 1889.0, 193.0, 1905.0, 2092.0, 191.0, 1347.0) 
Voter 16: ID 252; Choice (1356.0, 2183.0, 192.0, 1889.0, 193.0, 1905.0, 2092.0, 191.0, 1347.0) 
Voter 17: ID 341; Choice (1356.0, 2183.0, 192.0, 1889.0, 193.0, 1905.0, 2092.0, 191.0, 1347.0) 
Voter 18: ID 447; Choice (1356.0, 2183.0, 192.0, 1889.0, 193.0, 1905.0, 2092.0, 191.0, 1347.0) 
Voter 19: ID 496; Choice (1356.0, 2183.0, 192.0, 1889.0, 193.0, 1905.0, 2092.0, 191.0, 1347.0) 
Voter 20: ID 446; Choice (1356.0, 2183.0, 192.0, 1889.0, 193.0, 1905.0, 2092.0, 191.0, 1347.0) 
Voter 21: ID 620; Choice (1356.0, 2183.0, 192.0, 1889.0, 193.0, 1905.0, 2092.0, 191.0, 1347.0) 
Voter 22: ID 449; Choice (1356.0, 2183.0, 192.0, 1889.0, 193.0, 1905.0, 2092.0, 191.0, 1347.0) 
Voter 23: ID 53; Choice (1356.0, 2183.0, 192.0, 1889.0, 193.0, 1905.0, 2092.0, 191.0, 1347.0) 
Voter 24: ID 178; Choice (1356.0, 2183.0, 192.0, 1889.0, 193.0, 1905.0, 2092.0, 191.0, 1347.0) 
Voter 25: ID 678; Choice (1356.0, 2183.0, 192.0, 1889.0, 193.0, 1905.0, 2092.0, 191.0, 1347.0) 
Voter 26: ID 335; Choice (1356.0, 2183.0, 192.0, 1889.0, 193.0, 1905.0, 2092.0, 191.0, 1347.0) 
Voter 27: ID 720; Choice (1356.0, 2183.0, 192.0, 1889.0, 193.0, 1905.0, 2092.0, 191.0, 1347.0) 
Voter 28: ID 376; Choice (1356.0, 2183.0, 192.0, 1889.0, 193.0, 1905.0, 2092.0, 191.0, 1347.0) 
Voter 29: ID 382; Choice (1356.0, 2183.0, 192.0, 1889.0, 193.0, 1905.0, 2092.0, 191.0, 1347.0) 
Voter 30: ID 9; Choice (1356.0, 2183.0, 192.0, 1889.0, 193.0, 1905.0, 2092.0, 191.0, 1347.0) 
Voter 31: ID 346; Choice (1356.0, 2183.0, 192.0, 1889.0, 193.0, 1905.0, 2092.0, 191.0, 1347.0) 
Voter 32: ID 379; Choice (1356.0, 2183.0, 192.0, 1889.0, 193.0, 1905.0, 2092.0, 191.0, 1347.0) 
Voter 33: ID 306; Choice (1356.0, 2183.0, 192.0, 1889.0, 193.0, 1905.0, 2092.0, 191.0, 1347.0) 
Voter 34: ID 218; Choice (1356.0, 2183.0, 192.0, 1889.0, 193.0, 1905.0, 2092.0, 191.0, 1347.0) 
Voter 35: ID 125; Choice (1356.0, 2183.0, 192.0, 1889.0, 193.0, 1905.0, 2092.0, 191.0, 1347.0) 
Voter 36: ID 734; Choice (1356.0, 2183.0, 192.0, 1889.0, 193.0, 1905.0, 2092.0, 191.0, 1347.0) 
Voter 37: ID 628; Choice (1356.0, 2183.0, 192.0, 1889.0, 193.0, 1905.0, 2092.0, 191.0, 1347.0) 
Voter 38: ID 160; Choice (1356.0, 2183.0, 192.0, 1889.0, 193.0, 1905.0, 2092.0, 191.0, 1347.0) 
Voter 39: ID 604; Choice (1356.0, 2183.0, 192.0, 1889.0, 193.0, 1905.0, 2092.0, 191.0, 1347.0) 
Voter 40: ID 185; Choice (1356.0, 2183.0, 192.0, 1889.0, 193.0, 1905.0, 2092.0, 191.0, 1347.0) 
Voter 41: ID 632; Choice (1356.0, 2183.0, 192.0, 1889.0, 193.0, 1905.0, 2092.0, 191.0, 1347.0) 
Voter 42: ID 68; Choice (1356.0, 2183.0, 192.0, 1889.0, 193.0, 1905.0, 2092.0, 191.0, 1347.0) 
Voter 43: ID 285; Choice (1356.0, 2183.0, 192.0, 1889.0, 193.0, 1905.0, 2092.0, 191.0, 1347.0) 
Voter 44: ID 121; Choice (1356.0, 2183.0, 192.0, 1889.0, 193.0, 1905.0, 2092.0, 191.0, 1347.0) 
Voter 45: ID 234; Choice (1356.0, 2183.0, 192.0, 1889.0, 193.0, 1905.0, 2092.0, 191.0, 1347.0) 
Voter 46: ID 88; Choice (1356.0, 2183.0, 192.0, 1889.0, 193.0, 1905.0, 2092.0, 191.0, 1347.0) 
Voter 47: ID 25; Choice (1356.0, 2183.0, 192.0, 1889.0, 193.0, 1905.0, 2092.0, 191.0, 1347.0) 
Voter 48: ID 309; Choice (1356.0, 2183.0, 192.0, 1889.0, 193.0, 1905.0, 2092.0, 191.0, 1347.0) 
Voter 49: ID 680; Choice (1356.0, 2183.0, 192.0, 1889.0, 193.0, 1905.0, 2092.0, 191.0, 1347.0) 
Voter 50: ID 571; Choice (1356.0, 2183.0, 192.0, 1889.0, 193.0, 1905.0, 2092.0, 191.0, 1347.0) 
---------------------------------------------------------------------------
After Iteration 13 :
Voter 1: ID 448; Choice (1356.0, 2183.0, 192.0, 1889.0, 193.0, 1905.0, 2092.0, 191.0, 1347.0) 
Voter 2: ID 29; Choice (1356.0, 2183.0, 192.0, 1889.0, 193.0, 1905.0, 2092.0, 191.0, 1347.0) 
Voter 3: ID 400; Choice (1356.0, 2183.0, 192.0, 1889.0, 193.0, 1905.0, 2092.0, 191.0, 1347.0) 
Voter 4: ID 119; Choice (1356.0, 2183.0, 192.0, 1889.0, 193.0, 1905.0, 2092.0, 191.0, 1347.0) 
Voter 5: ID 288; Choice (1356.0, 2183.0, 192.0, 1889.0, 193.0, 1905.0, 2092.0, 191.0, 1347.0) 
Voter 6: ID 384; Choice (1356.0, 2183.0, 192.0, 1889.0, 193.0, 1905.0, 2092.0, 191.0, 1347.0) 
Voter 7: ID 631; Choice (1356.0, 2183.0, 192.0, 1889.0, 193.0, 1905.0, 2092.0, 191.0, 1347.0) 
Voter 8: ID 348; Choice (1356.0, 2183.0, 192.0, 1889.0, 193.0, 1905.0, 2092.0, 191.0, 1347.0) 
Voter 9: ID 100; Choice (1356.0, 2183.0, 192.0, 1889.0, 193.0, 1905.0, 2092.0, 191.0, 1347.0) 
Voter 10: ID 369; Choice (1356.0, 2183.0, 192.0, 1889.0, 193.0, 1905.0, 2092.0, 191.0, 1347.0) 
Voter 11: ID 181; Choice (1356.0, 2183.0, 192.0, 1889.0, 193.0, 1905.0, 2092.0, 191.0, 1347.0) 
Voter 12: ID 132; Choice (1356.0, 2183.0, 192.0, 1889.0, 193.0, 1905.0, 2092.0, 191.0, 1347.0) 
Voter 13: ID 264; Choice (1356.0, 2183.0, 192.0, 1889.0, 193.0, 1905.0, 2092.0, 191.0, 1347.0) 
Voter 14: ID 225; Choice (1356.0, 2183.0, 192.0, 1889.0, 193.0, 1905.0, 2092.0, 191.0, 1347.0) 
Voter 15: ID 270; Choice (1356.0, 2183.0, 192.0, 1889.0, 193.0, 1905.0, 2092.0, 191.0, 1347.0) 
Voter 16: ID 252; Choice (1356.0, 2183.0, 192.0, 1889.0, 193.0, 1905.0, 2092.0, 191.0, 1347.0) 
Voter 17: ID 341; Choice (1356.0, 2183.0, 192.0, 1889.0, 193.0, 1905.0, 2092.0, 191.0, 1347.0) 
Voter 18: ID 447; Choice (2141.0, 2183.0, 433.0, 192.0, 1889.0, 193.0, 1347.0, 191.0) 
Voter 19: ID 496; Choice (1356.0, 2183.0, 192.0, 1889.0, 193.0, 1905.0, 2092.0, 191.0, 1347.0) 
Voter 20: ID 446; Choice (1356.0, 2183.0, 192.0, 1889.0, 193.0, 1905.0, 2092.0, 191.0, 1347.0) 
Voter 21: ID 620; Choice (1356.0, 2183.0, 192.0, 1889.0, 193.0, 1905.0, 2092.0, 191.0, 1347.0) 
Voter 22: ID 449; Choice (1356.0, 2183.0, 192.0, 1889.0, 193.0, 1905.0, 2092.0, 191.0, 1347.0) 
Voter 23: ID 53; Choice (1356.0, 2183.0, 192.0, 1889.0, 193.0, 1905.0, 2092.0, 191.0, 1347.0) 
Voter 24: ID 178; Choice (1356.0, 2183.0, 192.0, 1889.0, 193.0, 1905.0, 2092.0, 191.0, 1347.0) 
Voter 25: ID 678; Choice (1356.0, 2183.0, 192.0, 1889.0, 193.0, 1905.0, 2092.0, 191.0, 1347.0) 
Voter 26: ID 335; Choice (1356.0, 2183.0, 192.0, 1889.0, 193.0, 1905.0, 2092.0, 191.0, 1347.0) 
Voter 27: ID 720; Choice (1356.0, 2183.0, 192.0, 1889.0, 193.0, 1905.0, 2092.0, 191.0, 1347.0) 
Voter 28: ID 376; Choice (1356.0, 2183.0, 192.0, 1889.0, 193.0, 1905.0, 2092.0, 191.0, 1347.0) 
Voter 29: ID 382; Choice (1356.0, 2183.0, 192.0, 1889.0, 193.0, 1905.0, 2092.0, 191.0, 1347.0) 
Voter 30: ID 9; Choice (1356.0, 2183.0, 192.0, 1889.0, 193.0, 1905.0, 2092.0, 191.0, 1347.0) 
Voter 31: ID 346; Choice (1356.0, 2183.0, 192.0, 1889.0, 193.0, 1905.0, 2092.0, 191.0, 1347.0) 
Voter 32: ID 379; Choice (1356.0, 2183.0, 192.0, 1889.0, 193.0, 1905.0, 2092.0, 191.0, 1347.0) 
Voter 33: ID 306; Choice (1356.0, 2183.0, 192.0, 1889.0, 193.0, 1905.0, 2092.0, 191.0, 1347.0) 
Voter 34: ID 218; Choice (1356.0, 2183.0, 192.0, 1889.0, 193.0, 1905.0, 2092.0, 191.0, 1347.0) 
Voter 35: ID 125; Choice (1356.0, 2183.0, 192.0, 1889.0, 193.0, 1905.0, 2092.0, 191.0, 1347.0) 
Voter 36: ID 734; Choice (1356.0, 2183.0, 192.0, 1889.0, 193.0, 1905.0, 2092.0, 191.0, 1347.0) 
Voter 37: ID 628; Choice (1356.0, 2183.0, 192.0, 1889.0, 193.0, 1905.0, 2092.0, 191.0, 1347.0) 
Voter 38: ID 160; Choice (1356.0, 2183.0, 192.0, 1889.0, 193.0, 1905.0, 2092.0, 191.0, 1347.0) 
Voter 39: ID 604; Choice (1356.0, 2183.0, 192.0, 1889.0, 193.0, 1905.0, 2092.0, 191.0, 1347.0) 
Voter 40: ID 185; Choice (1356.0, 2183.0, 192.0, 1889.0, 193.0, 1905.0, 2092.0, 191.0, 1347.0) 
Voter 41: ID 632; Choice (1356.0, 2183.0, 192.0, 1889.0, 193.0, 1905.0, 2092.0, 191.0, 1347.0) 
Voter 42: ID 68; Choice (1356.0, 2183.0, 192.0, 1889.0, 193.0, 1905.0, 2092.0, 191.0, 1347.0) 
Voter 43: ID 285; Choice (1356.0, 2183.0, 192.0, 1889.0, 193.0, 1905.0, 2092.0, 191.0, 1347.0) 
Voter 44: ID 121; Choice (1356.0, 2183.0, 192.0, 1889.0, 193.0, 1905.0, 2092.0, 191.0, 1347.0) 
Voter 45: ID 234; Choice (1356.0, 2183.0, 192.0, 1889.0, 193.0, 1905.0, 2092.0, 191.0, 1347.0) 
Voter 46: ID 88; Choice (1356.0, 2183.0, 192.0, 1889.0, 193.0, 1905.0, 2092.0, 191.0, 1347.0) 
Voter 47: ID 25; Choice (1356.0, 2183.0, 192.0, 1889.0, 193.0, 1905.0, 2092.0, 191.0, 1347.0) 
Voter 48: ID 309; Choice (1356.0, 2183.0, 192.0, 1889.0, 193.0, 1905.0, 2092.0, 191.0, 1347.0) 
Voter 49: ID 680; Choice (1356.0, 2183.0, 192.0, 1889.0, 193.0, 1905.0, 2092.0, 191.0, 1347.0) 
Voter 50: ID 571; Choice (1356.0, 2183.0, 192.0, 1889.0, 193.0, 1905.0, 2092.0, 191.0, 1347.0) 
---------------------------------------------------------------------------
After Iteration 14 :
Voter 1: ID 448; Choice (1356.0, 2183.0, 192.0, 1889.0, 193.0, 1905.0, 2092.0, 191.0, 1347.0) 
Voter 2: ID 29; Choice (1356.0, 2183.0, 192.0, 1889.0, 193.0, 1905.0, 2092.0, 191.0, 1347.0) 
Voter 3: ID 400; Choice (1356.0, 2183.0, 192.0, 1889.0, 193.0, 1905.0, 2092.0, 191.0, 1347.0) 
Voter 4: ID 119; Choice (1356.0, 2183.0, 192.0, 1889.0, 193.0, 1905.0, 2092.0, 191.0, 1347.0) 
Voter 5: ID 288; Choice (1356.0, 2183.0, 192.0, 1889.0, 193.0, 1905.0, 2092.0, 191.0, 1347.0) 
Voter 6: ID 384; Choice (1356.0, 2183.0, 192.0, 1889.0, 193.0, 1905.0, 2092.0, 191.0, 1347.0) 
Voter 7: ID 631; Choice (1356.0, 2183.0, 192.0, 1889.0, 193.0, 1905.0, 2092.0, 191.0, 1347.0) 
Voter 8: ID 348; Choice (1356.0, 2183.0, 192.0, 1889.0, 193.0, 1905.0, 2092.0, 191.0, 1347.0) 
Voter 9: ID 100; Choice (1356.0, 2183.0, 192.0, 1889.0, 193.0, 1905.0, 2092.0, 191.0, 1347.0) 
Voter 10: ID 369; Choice (1356.0, 2183.0, 192.0, 1889.0, 193.0, 1905.0, 2092.0, 191.0, 1347.0) 
Voter 11: ID 181; Choice (1356.0, 2183.0, 192.0, 1889.0, 193.0, 1905.0, 2092.0, 191.0, 1347.0) 
Voter 12: ID 132; Choice (1356.0, 2183.0, 192.0, 1889.0, 193.0, 1905.0, 2092.0, 191.0, 1347.0) 
Voter 13: ID 264; Choice (1356.0, 2183.0, 192.0, 1889.0, 193.0, 1905.0, 2092.0, 191.0, 1347.0) 
Voter 14: ID 225; Choice (1356.0, 2183.0, 192.0, 1889.0, 193.0, 1905.0, 2092.0, 191.0, 1347.0) 
Voter 15: ID 270; Choice (1356.0, 2183.0, 192.0, 1889.0, 193.0, 1905.0, 2092.0, 191.0, 1347.0) 
Voter 16: ID 252; Choice (1356.0, 2183.0, 192.0, 1889.0, 193.0, 1905.0, 2092.0, 191.0, 1347.0) 
Voter 17: ID 341; Choice (1356.0, 2183.0, 192.0, 1889.0, 193.0, 1905.0, 2092.0, 191.0, 1347.0) 
Voter 18: ID 447; Choice (1356.0, 2183.0, 192.0, 1889.0, 193.0, 1905.0, 2092.0, 191.0, 1347.0) 
Voter 19: ID 496; Choice (1356.0, 2183.0, 192.0, 1889.0, 193.0, 1905.0, 2092.0, 191.0, 1347.0) 
Voter 20: ID 446; Choice (1356.0, 2183.0, 192.0, 1889.0, 193.0, 1905.0, 2092.0, 191.0, 1347.0) 
Voter 21: ID 620; Choice (1356.0, 2183.0, 192.0, 1889.0, 193.0, 1905.0, 2092.0, 191.0, 1347.0) 
Voter 22: ID 449; Choice (1356.0, 2183.0, 192.0, 1889.0, 193.0, 1905.0, 2092.0, 191.0, 1347.0) 
Voter 23: ID 53; Choice (1356.0, 2183.0, 192.0, 1889.0, 193.0, 1905.0, 2092.0, 191.0, 1347.0) 
Voter 24: ID 178; Choice (1356.0, 2183.0, 192.0, 1889.0, 193.0, 1905.0, 2092.0, 191.0, 1347.0) 
Voter 25: ID 678; Choice (1356.0, 2183.0, 192.0, 1889.0, 193.0, 1905.0, 2092.0, 191.0, 1347.0) 
Voter 26: ID 335; Choice (1356.0, 2183.0, 192.0, 1889.0, 193.0, 1905.0, 2092.0, 191.0, 1347.0) 
Voter 27: ID 720; Choice (1356.0, 2183.0, 192.0, 1889.0, 193.0, 1905.0, 2092.0, 191.0, 1347.0) 
Voter 28: ID 376; Choice (1356.0, 2183.0, 192.0, 1889.0, 193.0, 1905.0, 2092.0, 191.0, 1347.0) 
Voter 29: ID 382; Choice (1356.0, 2183.0, 192.0, 1889.0, 193.0, 1905.0, 2092.0, 191.0, 1347.0) 
Voter 30: ID 9; Choice (1356.0, 2183.0, 192.0, 1889.0, 193.0, 1905.0, 2092.0, 191.0, 1347.0) 
Voter 31: ID 346; Choice (1356.0, 2183.0, 192.0, 1889.0, 193.0, 1905.0, 2092.0, 191.0, 1347.0) 
Voter 32: ID 379; Choice (1356.0, 2183.0, 192.0, 1889.0, 193.0, 1905.0, 2092.0, 191.0, 1347.0) 
Voter 33: ID 306; Choice (1356.0, 2183.0, 192.0, 1889.0, 193.0, 1905.0, 2092.0, 191.0, 1347.0) 
Voter 34: ID 218; Choice (1356.0, 2183.0, 192.0, 1889.0, 193.0, 1905.0, 2092.0, 191.0, 1347.0) 
Voter 35: ID 125; Choice (1356.0, 2183.0, 192.0, 1889.0, 193.0, 1905.0, 2092.0, 191.0, 1347.0) 
Voter 36: ID 734; Choice (1356.0, 2183.0, 192.0, 1889.0, 193.0, 1905.0, 2092.0, 191.0, 1347.0) 
Voter 37: ID 628; Choice (1356.0, 2183.0, 192.0, 1889.0, 193.0, 1905.0, 2092.0, 191.0, 1347.0) 
Voter 38: ID 160; Choice (1356.0, 2183.0, 192.0, 1889.0, 193.0, 1905.0, 2092.0, 191.0, 1347.0) 
Voter 39: ID 604; Choice (1356.0, 2183.0, 192.0, 1889.0, 193.0, 1905.0, 2092.0, 191.0, 1347.0) 
Voter 40: ID 185; Choice (1356.0, 2183.0, 192.0, 1889.0, 193.0, 1905.0, 2092.0, 191.0, 1347.0) 
Voter 41: ID 632; Choice (1356.0, 2183.0, 192.0, 1889.0, 193.0, 1905.0, 2092.0, 191.0, 1347.0) 
Voter 42: ID 68; Choice (1356.0, 2183.0, 192.0, 1889.0, 193.0, 1905.0, 2092.0, 191.0, 1347.0) 
Voter 43: ID 285; Choice (1356.0, 2183.0, 192.0, 1889.0, 193.0, 1905.0, 2092.0, 191.0, 1347.0) 
Voter 44: ID 121; Choice (1356.0, 2183.0, 192.0, 1889.0, 193.0, 1905.0, 2092.0, 191.0, 1347.0) 
Voter 45: ID 234; Choice (1356.0, 2183.0, 192.0, 1889.0, 193.0, 1905.0, 2092.0, 191.0, 1347.0) 
Voter 46: ID 88; Choice (1356.0, 2183.0, 192.0, 1889.0, 193.0, 1905.0, 2092.0, 191.0, 1347.0) 
Voter 47: ID 25; Choice (1356.0, 2183.0, 192.0, 1889.0, 193.0, 1905.0, 2092.0, 191.0, 1347.0) 
Voter 48: ID 309; Choice (1356.0, 2183.0, 192.0, 1889.0, 193.0, 1905.0, 2092.0, 191.0, 1347.0) 
Voter 49: ID 680; Choice (1356.0, 2183.0, 192.0, 1889.0, 193.0, 1905.0, 2092.0, 191.0, 1347.0) 
Voter 50: ID 571; Choice (1356.0, 2183.0, 192.0, 1889.0, 193.0, 1905.0, 2092.0, 191.0, 1347.0) 
---------------------------------------------------------------------------
Concensus reached after 14 iterations.
Max degree: 20 Number of valid combinations: 75 Using random find.
There are 1 opinions after all iterations.
(1356.0, 2183.0, 192.0, 1889.0, 193.0, 1905.0, 2092.0, 191.0, 1347.0) count: 50
