    project id    reward
0       1211.0 -0.444988
1       2141.0 -0.057202
2       1356.0  0.331482
3       2183.0  0.343395
4        433.0 -0.263659
5        192.0  0.232709
6       1889.0  0.302624
7        193.0  0.251523
8       1347.0  0.192139
9       1905.0  0.121838
10      2092.0  0.245409
11      2121.0 -0.136063
12       191.0  0.215283
Valid Combinations are:
(1356.0, 2183.0, 192.0, 1889.0, 193.0, 1905.0, 2092.0, 191.0, 1347.0)
(1356.0, 2183.0, 192.0, 1889.0, 193.0, 1905.0, 2092.0, 191.0)
(1211.0, 2141.0, 1356.0, 2183.0, 192.0, 193.0)
(2141.0, 2183.0, 1889.0, 193.0, 1347.0, 1905.0, 2092.0, 191.0)
(2141.0, 192.0, 1889.0, 193.0, 1347.0, 1905.0, 2092.0, 191.0)
(1356.0, 2183.0, 433.0, 192.0, 1889.0, 1347.0, 1905.0, 2092.0)
(1356.0, 2183.0, 433.0, 192.0, 1889.0, 1347.0, 1905.0, 2121.0)
(2183.0, 433.0, 192.0, 1889.0, 193.0, 1905.0, 2092.0, 2121.0)
(2141.0, 1356.0, 2183.0, 433.0, 1889.0, 193.0, 1905.0)
(2141.0, 1356.0, 2183.0, 193.0, 1905.0, 2092.0, 191.0)
(2141.0, 1356.0, 433.0, 1889.0, 193.0, 2092.0, 2121.0)
(2141.0, 433.0, 192.0, 1347.0, 1905.0, 2092.0, 2121.0)
(2141.0, 1889.0, 193.0, 1347.0, 2092.0, 2121.0, 191.0)
(1356.0, 2183.0, 192.0, 1889.0, 193.0, 2121.0, 191.0)
(1356.0, 2183.0, 192.0, 193.0, 1905.0, 2121.0, 191.0)
(2183.0, 433.0, 193.0, 1905.0, 2092.0, 2121.0, 191.0)
(1211.0, 2141.0, 2183.0, 192.0, 1905.0, 2092.0)
(1211.0, 2141.0, 192.0, 193.0, 1905.0, 191.0)
(1211.0, 1356.0, 2183.0, 1889.0, 1347.0, 2092.0)
(1211.0, 1356.0, 192.0, 193.0, 1347.0, 1905.0)
(2141.0, 1356.0, 2183.0, 1889.0, 193.0, 1347.0)
(2141.0, 1356.0, 433.0, 192.0, 1347.0, 1905.0)
(2141.0, 1356.0, 192.0, 1347.0, 1905.0, 191.0)
(2141.0, 2183.0, 1889.0, 1905.0, 2092.0, 2121.0)
(2141.0, 2183.0, 193.0, 1347.0, 1905.0, 2121.0)
(1356.0, 433.0, 192.0, 1905.0, 2092.0, 2121.0)
(1356.0, 433.0, 1347.0, 2092.0, 2121.0, 191.0)
(433.0, 192.0, 1889.0, 193.0, 1347.0, 2092.0)
(433.0, 192.0, 1889.0, 1347.0, 1905.0, 191.0)
(433.0, 1889.0, 193.0, 1347.0, 1905.0, 2121.0)
Initial Choices:
---------------------------------------------------------------------------
Voter 1: ID 645; Choice (2141.0, 1356.0, 2183.0, 193.0, 1905.0, 2092.0, 191.0) 
Voter 2: ID 501; Choice (2141.0, 1356.0, 433.0, 192.0, 1347.0, 1905.0) 
Voter 3: ID 222; Choice (2141.0, 1356.0, 2183.0, 1889.0, 193.0, 1347.0) 
Voter 4: ID 382; Choice (1211.0, 1356.0, 192.0, 193.0, 1347.0, 1905.0) 
Voter 5: ID 427; Choice (2141.0, 2183.0, 193.0, 1347.0, 1905.0, 2121.0) 
Voter 6: ID 58; Choice (2141.0, 2183.0, 1889.0, 1905.0, 2092.0, 2121.0) 
Voter 7: ID 344; Choice (2141.0, 1356.0, 2183.0, 1889.0, 193.0, 1347.0) 
Voter 8: ID 309; Choice (1356.0, 433.0, 192.0, 1905.0, 2092.0, 2121.0) 
Voter 9: ID 333; Choice (433.0, 192.0, 1889.0, 193.0, 1347.0, 2092.0) 
Voter 10: ID 138; Choice (2141.0, 2183.0, 193.0, 1347.0, 1905.0, 2121.0) 
Voter 11: ID 543; Choice (2141.0, 1356.0, 433.0, 192.0, 1347.0, 1905.0) 
Voter 12: ID 626; Choice (1356.0, 433.0, 192.0, 1905.0, 2092.0, 2121.0) 
Voter 13: ID 438; Choice (2183.0, 433.0, 192.0, 1889.0, 193.0, 1905.0, 2092.0, 2121.0) 
Voter 14: ID 255; Choice (1211.0, 1356.0, 2183.0, 1889.0, 1347.0, 2092.0) 
Voter 15: ID 527; Choice (1356.0, 2183.0, 433.0, 192.0, 1889.0, 1347.0, 1905.0, 2092.0) 
Voter 16: ID 613; Choice (2183.0, 433.0, 193.0, 1905.0, 2092.0, 2121.0, 191.0) 
Voter 17: ID 477; Choice (2141.0, 1889.0, 193.0, 1347.0, 2092.0, 2121.0, 191.0) 
Voter 18: ID 385; Choice (2141.0, 2183.0, 1889.0, 193.0, 1347.0, 1905.0, 2092.0, 191.0) 
Voter 19: ID 259; Choice (1356.0, 2183.0, 192.0, 1889.0, 193.0, 1905.0, 2092.0, 191.0) 
Voter 20: ID 348; Choice (1356.0, 2183.0, 192.0, 1889.0, 193.0, 1905.0, 2092.0, 191.0, 1347.0) 
Voter 21: ID 269; Choice (1211.0, 2141.0, 1356.0, 2183.0, 192.0, 193.0) 
Voter 22: ID 601; Choice (2141.0, 192.0, 1889.0, 193.0, 1347.0, 1905.0, 2092.0, 191.0) 
Voter 23: ID 91; Choice (2141.0, 2183.0, 1889.0, 193.0, 1347.0, 1905.0, 2092.0, 191.0) 
Voter 24: ID 619; Choice (2141.0, 1889.0, 193.0, 1347.0, 2092.0, 2121.0, 191.0) 
Voter 25: ID 689; Choice (1211.0, 2141.0, 2183.0, 192.0, 1905.0, 2092.0) 
Voter 26: ID 48; Choice (2141.0, 2183.0, 1889.0, 193.0, 1347.0, 1905.0, 2092.0, 191.0) 
Voter 27: ID 5; Choice (1356.0, 433.0, 1347.0, 2092.0, 2121.0, 191.0) 
Voter 28: ID 740; Choice (1356.0, 2183.0, 433.0, 192.0, 1889.0, 1347.0, 1905.0, 2092.0) 
Voter 29: ID 411; Choice (1356.0, 433.0, 192.0, 1905.0, 2092.0, 2121.0) 
Voter 30: ID 700; Choice (433.0, 192.0, 1889.0, 193.0, 1347.0, 2092.0) 
Voter 31: ID 135; Choice (2141.0, 1356.0, 2183.0, 433.0, 1889.0, 193.0, 1905.0) 
Voter 32: ID 699; Choice (2141.0, 1356.0, 433.0, 1889.0, 193.0, 2092.0, 2121.0) 
Voter 33: ID 189; Choice (1211.0, 2141.0, 1356.0, 2183.0, 192.0, 193.0) 
Voter 34: ID 214; Choice (2141.0, 192.0, 1889.0, 193.0, 1347.0, 1905.0, 2092.0, 191.0) 
Voter 35: ID 734; Choice (2141.0, 2183.0, 1889.0, 193.0, 1347.0, 1905.0, 2092.0, 191.0) 
Voter 36: ID 101; Choice (2141.0, 433.0, 192.0, 1347.0, 1905.0, 2092.0, 2121.0) 
Voter 37: ID 730; Choice (2141.0, 1356.0, 2183.0, 433.0, 1889.0, 193.0, 1905.0) 
Voter 38: ID 76; Choice (2141.0, 1356.0, 2183.0, 433.0, 1889.0, 193.0, 1905.0) 
Voter 39: ID 713; Choice (2183.0, 433.0, 193.0, 1905.0, 2092.0, 2121.0, 191.0) 
Voter 40: ID 120; Choice (1356.0, 433.0, 1347.0, 2092.0, 2121.0, 191.0) 
Voter 41: ID 11; Choice (1356.0, 433.0, 192.0, 1905.0, 2092.0, 2121.0) 
Voter 42: ID 733; Choice (433.0, 192.0, 1889.0, 193.0, 1347.0, 2092.0) 
Voter 43: ID 131; Choice (2141.0, 2183.0, 1889.0, 1905.0, 2092.0, 2121.0) 
Voter 44: ID 678; Choice (2141.0, 1356.0, 2183.0, 433.0, 1889.0, 193.0, 1905.0) 
Voter 45: ID 400; Choice (1356.0, 2183.0, 433.0, 192.0, 1889.0, 1347.0, 1905.0, 2121.0) 
Voter 46: ID 503; Choice (1356.0, 2183.0, 433.0, 192.0, 1889.0, 1347.0, 1905.0, 2092.0) 
Voter 47: ID 358; Choice (433.0, 1889.0, 193.0, 1347.0, 1905.0, 2121.0) 
Voter 48: ID 419; Choice (1356.0, 2183.0, 192.0, 1889.0, 193.0, 2121.0, 191.0) 
Voter 49: ID 243; Choice (1356.0, 2183.0, 192.0, 1889.0, 193.0, 1905.0, 2092.0, 191.0, 1347.0) 
Voter 50: ID 278; Choice (433.0, 192.0, 1889.0, 1347.0, 1905.0, 191.0) 
---------------------------------------------------------------------------
After Iteration 1 :
Voter 1: ID 645; Choice (1211.0, 2141.0, 192.0, 193.0, 1905.0, 191.0) 
Voter 2: ID 501; Choice (2141.0, 1356.0, 192.0, 1347.0, 1905.0, 191.0) 
Voter 3: ID 222; Choice (2141.0, 1889.0, 193.0, 1347.0, 2092.0, 2121.0, 191.0) 
Voter 4: ID 382; Choice (2141.0, 2183.0, 193.0, 1347.0, 1905.0, 2121.0) 
Voter 5: ID 427; Choice (2141.0, 2183.0, 1889.0, 1905.0, 2092.0, 2121.0) 
Voter 6: ID 58; Choice (1356.0, 2183.0, 192.0, 1889.0, 193.0, 1905.0, 2092.0, 191.0) 
Voter 7: ID 344; Choice (1356.0, 433.0, 192.0, 1905.0, 2092.0, 2121.0) 
Voter 8: ID 309; Choice (2141.0, 1356.0, 2183.0, 433.0, 1889.0, 193.0, 1905.0) 
Voter 9: ID 333; Choice (1211.0, 1356.0, 2183.0, 1889.0, 1347.0, 2092.0) 
Voter 10: ID 138; Choice (2141.0, 1356.0, 2183.0, 193.0, 1905.0, 2092.0, 191.0) 
Voter 11: ID 543; Choice (2141.0, 2183.0, 1889.0, 1905.0, 2092.0, 2121.0) 
Voter 12: ID 626; Choice (1356.0, 433.0, 192.0, 1905.0, 2092.0, 2121.0) 
Voter 13: ID 438; Choice (2141.0, 192.0, 1889.0, 193.0, 1347.0, 1905.0, 2092.0, 191.0) 
Voter 14: ID 255; Choice (1356.0, 433.0, 1347.0, 2092.0, 2121.0, 191.0) 
Voter 15: ID 527; Choice (1211.0, 2141.0, 1356.0, 2183.0, 192.0, 193.0) 
Voter 16: ID 613; Choice (1211.0, 2141.0, 1356.0, 2183.0, 192.0, 193.0) 
Voter 17: ID 477; Choice (2141.0, 1356.0, 433.0, 1889.0, 193.0, 2092.0, 2121.0) 
Voter 18: ID 385; Choice (2141.0, 2183.0, 1889.0, 1905.0, 2092.0, 2121.0) 
Voter 19: ID 259; Choice (1356.0, 433.0, 1347.0, 2092.0, 2121.0, 191.0) 
Voter 20: ID 348; Choice (433.0, 192.0, 1889.0, 193.0, 1347.0, 2092.0) 
Voter 21: ID 269; Choice (2141.0, 2183.0, 1889.0, 193.0, 1347.0, 1905.0, 2092.0, 191.0) 
Voter 22: ID 601; Choice (1211.0, 2141.0, 192.0, 193.0, 1905.0, 191.0) 
Voter 23: ID 91; Choice (433.0, 192.0, 1889.0, 1347.0, 1905.0, 191.0) 
Voter 24: ID 619; Choice (2141.0, 192.0, 1889.0, 193.0, 1347.0, 1905.0, 2092.0, 191.0) 
Voter 25: ID 689; Choice (2141.0, 192.0, 1889.0, 193.0, 1347.0, 1905.0, 2092.0, 191.0) 
Voter 26: ID 48; Choice (1356.0, 433.0, 1347.0, 2092.0, 2121.0, 191.0) 
Voter 27: ID 5; Choice (1356.0, 2183.0, 192.0, 1889.0, 193.0, 2121.0, 191.0) 
Voter 28: ID 740; Choice (1356.0, 433.0, 192.0, 1905.0, 2092.0, 2121.0) 
Voter 29: ID 411; Choice (2141.0, 1356.0, 433.0, 192.0, 1347.0, 1905.0) 
Voter 30: ID 700; Choice (1356.0, 433.0, 1347.0, 2092.0, 2121.0, 191.0) 
Voter 31: ID 135; Choice (433.0, 192.0, 1889.0, 1347.0, 1905.0, 191.0) 
Voter 32: ID 699; Choice (1356.0, 2183.0, 192.0, 1889.0, 193.0, 2121.0, 191.0) 
Voter 33: ID 189; Choice (1356.0, 433.0, 192.0, 1905.0, 2092.0, 2121.0) 
Voter 34: ID 214; Choice (433.0, 192.0, 1889.0, 193.0, 1347.0, 2092.0) 
Voter 35: ID 734; Choice (1211.0, 2141.0, 192.0, 193.0, 1905.0, 191.0) 
Voter 36: ID 101; Choice (1356.0, 2183.0, 192.0, 193.0, 1905.0, 2121.0, 191.0) 
Voter 37: ID 730; Choice (2141.0, 1356.0, 2183.0, 433.0, 1889.0, 193.0, 1905.0) 
Voter 38: ID 76; Choice (433.0, 192.0, 1889.0, 193.0, 1347.0, 2092.0) 
Voter 39: ID 713; Choice (1356.0, 2183.0, 192.0, 1889.0, 193.0, 1905.0, 2092.0, 191.0, 1347.0) 
Voter 40: ID 120; Choice (2183.0, 433.0, 192.0, 1889.0, 193.0, 1905.0, 2092.0, 2121.0) 
Voter 41: ID 11; Choice (1211.0, 2141.0, 2183.0, 192.0, 1905.0, 2092.0) 
Voter 42: ID 733; Choice (2141.0, 1889.0, 193.0, 1347.0, 2092.0, 2121.0, 191.0) 
Voter 43: ID 131; Choice (433.0, 192.0, 1889.0, 1347.0, 1905.0, 191.0) 
Voter 44: ID 678; Choice (1211.0, 1356.0, 2183.0, 1889.0, 1347.0, 2092.0) 
Voter 45: ID 400; Choice (2141.0, 2183.0, 1889.0, 1905.0, 2092.0, 2121.0) 
Voter 46: ID 503; Choice (1356.0, 2183.0, 192.0, 1889.0, 193.0, 2121.0, 191.0) 
Voter 47: ID 358; Choice (2141.0, 433.0, 192.0, 1347.0, 1905.0, 2092.0, 2121.0) 
Voter 48: ID 419; Choice (2141.0, 2183.0, 1889.0, 193.0, 1347.0, 1905.0, 2092.0, 191.0) 
Voter 49: ID 243; Choice (1356.0, 2183.0, 192.0, 1889.0, 193.0, 2121.0, 191.0) 
Voter 50: ID 278; Choice (1211.0, 1356.0, 192.0, 193.0, 1347.0, 1905.0) 
---------------------------------------------------------------------------
---------------------------------------------------------------------------
{(1356.0, 2183.0, 192.0, 1889.0, 193.0, 1905.0, 2092.0, 191.0, 1347.0): 0, (1356.0, 2183.0, 192.0, 1889.0, 193.0, 1905.0, 2092.0, 191.0): 0, (1211.0, 2141.0, 1356.0, 2183.0, 192.0, 193.0): 0.06569192918175147, (2141.0, 2183.0, 1889.0, 193.0, 1347.0, 1905.0, 2092.0, 191.0): 0.1615009229677501, (2141.0, 192.0, 1889.0, 193.0, 1347.0, 1905.0, 2092.0, 191.0): 0.15043231248753572, (1356.0, 2183.0, 433.0, 192.0, 1889.0, 1347.0, 1905.0, 2092.0): 0.1505938699712146, (1356.0, 2183.0, 433.0, 192.0, 1889.0, 1347.0, 1905.0, 2121.0): 0.11244669296584182, (2183.0, 433.0, 192.0, 1889.0, 193.0, 1905.0, 2092.0, 2121.0): 0.10977773461201464, (2141.0, 1356.0, 2183.0, 433.0, 1889.0, 193.0, 1905.0): 0.10300018783714052, (2141.0, 1356.0, 2183.0, 193.0, 1905.0, 2092.0, 191.0): 0, (2141.0, 1356.0, 433.0, 1889.0, 193.0, 2092.0, 2121.0): 0.0674114577046092, (2141.0, 433.0, 192.0, 1347.0, 1905.0, 2092.0, 2121.0): 0, (2141.0, 1889.0, 193.0, 1347.0, 2092.0, 2121.0, 191.0): 0.10137128569153614, (1356.0, 2183.0, 192.0, 1889.0, 193.0, 2121.0, 191.0): 0, (1356.0, 2183.0, 192.0, 193.0, 1905.0, 2121.0, 191.0): 0, (2183.0, 433.0, 193.0, 1905.0, 2092.0, 2121.0, 191.0): 0, (1211.0, 2141.0, 2183.0, 192.0, 1905.0, 2092.0): 0, (1211.0, 2141.0, 192.0, 193.0, 1905.0, 191.0): 0, (1211.0, 1356.0, 2183.0, 1889.0, 1347.0, 2092.0): 0.09700616336346267, (1211.0, 1356.0, 192.0, 193.0, 1347.0, 1905.0): 0.06847043820979241, (2141.0, 1356.0, 2183.0, 1889.0, 193.0, 1347.0): 0.13639613227047573, (2141.0, 1356.0, 433.0, 192.0, 1347.0, 1905.0): 0.0557308440453633, (2141.0, 1356.0, 192.0, 1347.0, 1905.0, 191.0): 0, (2141.0, 2183.0, 1889.0, 1905.0, 2092.0, 2121.0): 0, (2141.0, 2183.0, 193.0, 1347.0, 1905.0, 2121.0): 0.07156311342299558, (1356.0, 433.0, 192.0, 1905.0, 2092.0, 2121.0): 0.053171774373829174, (1356.0, 433.0, 1347.0, 2092.0, 2121.0, 191.0): 0.0584592255839737, (433.0, 192.0, 1889.0, 193.0, 1347.0, 2092.0): 0.096074578933944, (433.0, 192.0, 1889.0, 1347.0, 1905.0, 191.0): 0, (433.0, 1889.0, 193.0, 1347.0, 1905.0, 2121.0): 0.04684034464082696}
After Iteration 2 :
Voter 1: ID 645; Choice (1356.0, 2183.0, 192.0, 1889.0, 193.0, 1905.0, 2092.0, 191.0, 1347.0) 
Voter 2: ID 501; Choice (2141.0, 1356.0, 433.0, 192.0, 1347.0, 1905.0) 
Voter 3: ID 222; Choice (2141.0, 192.0, 1889.0, 193.0, 1347.0, 1905.0, 2092.0, 191.0) 
Voter 4: ID 382; Choice (1356.0, 2183.0, 433.0, 192.0, 1889.0, 1347.0, 1905.0, 2121.0) 
Voter 5: ID 427; Choice (433.0, 192.0, 1889.0, 193.0, 1347.0, 2092.0) 
Voter 6: ID 58; Choice (1356.0, 2183.0, 433.0, 192.0, 1889.0, 1347.0, 1905.0, 2092.0) 
Voter 7: ID 344; Choice (433.0, 192.0, 1889.0, 1347.0, 1905.0, 191.0) 
Voter 8: ID 309; Choice (1211.0, 2141.0, 1356.0, 2183.0, 192.0, 193.0) 
Voter 9: ID 333; Choice (2141.0, 2183.0, 193.0, 1347.0, 1905.0, 2121.0) 
Voter 10: ID 138; Choice (1211.0, 1356.0, 192.0, 193.0, 1347.0, 1905.0) 
Voter 11: ID 543; Choice (1356.0, 2183.0, 192.0, 1889.0, 193.0, 2121.0, 191.0) 
Voter 12: ID 626; Choice (2141.0, 433.0, 192.0, 1347.0, 1905.0, 2092.0, 2121.0) 
Voter 13: ID 438; Choice (2141.0, 1356.0, 192.0, 1347.0, 1905.0, 191.0) 
Voter 14: ID 255; Choice (2141.0, 1889.0, 193.0, 1347.0, 2092.0, 2121.0, 191.0) 
Voter 15: ID 527; Choice (1356.0, 2183.0, 433.0, 192.0, 1889.0, 1347.0, 1905.0, 2121.0) 
Voter 16: ID 613; Choice (2141.0, 2183.0, 1889.0, 193.0, 1347.0, 1905.0, 2092.0, 191.0) 
Voter 17: ID 477; Choice (2141.0, 192.0, 1889.0, 193.0, 1347.0, 1905.0, 2092.0, 191.0) 
Voter 18: ID 385; Choice (1211.0, 2141.0, 1356.0, 2183.0, 192.0, 193.0) 
Voter 19: ID 259; Choice (2183.0, 433.0, 193.0, 1905.0, 2092.0, 2121.0, 191.0) 
Voter 20: ID 348; Choice (2141.0, 1356.0, 433.0, 192.0, 1347.0, 1905.0) 
Voter 21: ID 269; Choice (2141.0, 1356.0, 2183.0, 433.0, 1889.0, 193.0, 1905.0) 
Voter 22: ID 601; Choice (1356.0, 2183.0, 192.0, 1889.0, 193.0, 1905.0, 2092.0, 191.0) 
Voter 23: ID 91; Choice (2183.0, 433.0, 192.0, 1889.0, 193.0, 1905.0, 2092.0, 2121.0) 
Voter 24: ID 619; Choice (2141.0, 192.0, 1889.0, 193.0, 1347.0, 1905.0, 2092.0, 191.0) 
Voter 25: ID 689; Choice (433.0, 192.0, 1889.0, 1347.0, 1905.0, 191.0) 
Voter 26: ID 48; Choice (1211.0, 2141.0, 192.0, 193.0, 1905.0, 191.0) 
Voter 27: ID 5; Choice (1211.0, 2141.0, 192.0, 193.0, 1905.0, 191.0) 
Voter 28: ID 740; Choice (2141.0, 1356.0, 2183.0, 433.0, 1889.0, 193.0, 1905.0) 
Voter 29: ID 411; Choice (1356.0, 2183.0, 192.0, 193.0, 1905.0, 2121.0, 191.0) 
Voter 30: ID 700; Choice (1356.0, 2183.0, 192.0, 1889.0, 193.0, 2121.0, 191.0) 
Voter 31: ID 135; Choice (2141.0, 1356.0, 2183.0, 1889.0, 193.0, 1347.0) 
Voter 32: ID 699; Choice (433.0, 192.0, 1889.0, 193.0, 1347.0, 2092.0) 
Voter 33: ID 189; Choice (1356.0, 2183.0, 192.0, 1889.0, 193.0, 1905.0, 2092.0, 191.0) 
Voter 34: ID 214; Choice (1211.0, 2141.0, 2183.0, 192.0, 1905.0, 2092.0) 
Voter 35: ID 734; Choice (1356.0, 2183.0, 192.0, 1889.0, 193.0, 1905.0, 2092.0, 191.0) 
Voter 36: ID 101; Choice (1356.0, 2183.0, 433.0, 192.0, 1889.0, 1347.0, 1905.0, 2092.0) 
Voter 37: ID 730; Choice (2141.0, 433.0, 192.0, 1347.0, 1905.0, 2092.0, 2121.0) 
Voter 38: ID 76; Choice (1356.0, 2183.0, 433.0, 192.0, 1889.0, 1347.0, 1905.0, 2121.0) 
Voter 39: ID 713; Choice (2141.0, 1356.0, 2183.0, 193.0, 1905.0, 2092.0, 191.0) 
Voter 40: ID 120; Choice (1356.0, 2183.0, 192.0, 193.0, 1905.0, 2121.0, 191.0) 
Voter 41: ID 11; Choice (1211.0, 2141.0, 192.0, 193.0, 1905.0, 191.0) 
Voter 42: ID 733; Choice (2141.0, 2183.0, 1889.0, 1905.0, 2092.0, 2121.0) 
Voter 43: ID 131; Choice (1356.0, 2183.0, 192.0, 193.0, 1905.0, 2121.0, 191.0) 
Voter 44: ID 678; Choice (1211.0, 2141.0, 2183.0, 192.0, 1905.0, 2092.0) 
Voter 45: ID 400; Choice (1211.0, 1356.0, 2183.0, 1889.0, 1347.0, 2092.0) 
Voter 46: ID 503; Choice (2141.0, 1889.0, 193.0, 1347.0, 2092.0, 2121.0, 191.0) 
Voter 47: ID 358; Choice (1211.0, 2141.0, 1356.0, 2183.0, 192.0, 193.0) 
Voter 48: ID 419; Choice (1356.0, 2183.0, 192.0, 1889.0, 193.0, 1905.0, 2092.0, 191.0) 
Voter 49: ID 243; Choice (2183.0, 433.0, 192.0, 1889.0, 193.0, 1905.0, 2092.0, 2121.0) 
Voter 50: ID 278; Choice (2183.0, 433.0, 192.0, 1889.0, 193.0, 1905.0, 2092.0, 2121.0) 
---------------------------------------------------------------------------
After Iteration 3 :
Voter 1: ID 645; Choice (2141.0, 1356.0, 2183.0, 433.0, 1889.0, 193.0, 1905.0) 
Voter 2: ID 501; Choice (2141.0, 433.0, 192.0, 1347.0, 1905.0, 2092.0, 2121.0) 
Voter 3: ID 222; Choice (1356.0, 2183.0, 433.0, 192.0, 1889.0, 1347.0, 1905.0, 2092.0) 
Voter 4: ID 382; Choice (2141.0, 192.0, 1889.0, 193.0, 1347.0, 1905.0, 2092.0, 191.0) 
Voter 5: ID 427; Choice (2141.0, 1356.0, 2183.0, 1889.0, 193.0, 1347.0) 
Voter 6: ID 58; Choice (1211.0, 2141.0, 192.0, 193.0, 1905.0, 191.0) 
Voter 7: ID 344; Choice (2141.0, 433.0, 192.0, 1347.0, 1905.0, 2092.0, 2121.0) 
Voter 8: ID 309; Choice (1356.0, 433.0, 192.0, 1905.0, 2092.0, 2121.0) 
Voter 9: ID 333; Choice (1211.0, 2141.0, 192.0, 193.0, 1905.0, 191.0) 
Voter 10: ID 138; Choice (2141.0, 192.0, 1889.0, 193.0, 1347.0, 1905.0, 2092.0, 191.0) 
Voter 11: ID 543; Choice (433.0, 192.0, 1889.0, 193.0, 1347.0, 2092.0) 
Voter 12: ID 626; Choice (2141.0, 433.0, 192.0, 1347.0, 1905.0, 2092.0, 2121.0) 
Voter 13: ID 438; Choice (1211.0, 2141.0, 1356.0, 2183.0, 192.0, 193.0) 
Voter 14: ID 255; Choice (2141.0, 2183.0, 1889.0, 193.0, 1347.0, 1905.0, 2092.0, 191.0) 
Voter 15: ID 527; Choice (2141.0, 1889.0, 193.0, 1347.0, 2092.0, 2121.0, 191.0) 
Voter 16: ID 613; Choice (2183.0, 433.0, 192.0, 1889.0, 193.0, 1905.0, 2092.0, 2121.0) 
Voter 17: ID 477; Choice (2141.0, 2183.0, 1889.0, 1905.0, 2092.0, 2121.0) 
Voter 18: ID 385; Choice (1356.0, 2183.0, 192.0, 1889.0, 193.0, 2121.0, 191.0) 
Voter 19: ID 259; Choice (2183.0, 433.0, 193.0, 1905.0, 2092.0, 2121.0, 191.0) 
Voter 20: ID 348; Choice (1356.0, 2183.0, 192.0, 1889.0, 193.0, 1905.0, 2092.0, 191.0) 
Voter 21: ID 269; Choice (433.0, 192.0, 1889.0, 193.0, 1347.0, 2092.0) 
Voter 22: ID 601; Choice (1356.0, 433.0, 1347.0, 2092.0, 2121.0, 191.0) 
Voter 23: ID 91; Choice (2141.0, 1889.0, 193.0, 1347.0, 2092.0, 2121.0, 191.0) 
Voter 24: ID 619; Choice (2141.0, 1889.0, 193.0, 1347.0, 2092.0, 2121.0, 191.0) 
Voter 25: ID 689; Choice (1211.0, 1356.0, 192.0, 193.0, 1347.0, 1905.0) 
Voter 26: ID 48; Choice (1356.0, 2183.0, 192.0, 193.0, 1905.0, 2121.0, 191.0) 
Voter 27: ID 5; Choice (1356.0, 433.0, 1347.0, 2092.0, 2121.0, 191.0) 
Voter 28: ID 740; Choice (2183.0, 433.0, 193.0, 1905.0, 2092.0, 2121.0, 191.0) 
Voter 29: ID 411; Choice (2183.0, 433.0, 192.0, 1889.0, 193.0, 1905.0, 2092.0, 2121.0) 
Voter 30: ID 700; Choice (1211.0, 2141.0, 192.0, 193.0, 1905.0, 191.0) 
Voter 31: ID 135; Choice (1356.0, 2183.0, 192.0, 1889.0, 193.0, 1905.0, 2092.0, 191.0, 1347.0) 
Voter 32: ID 699; Choice (2141.0, 2183.0, 1889.0, 193.0, 1347.0, 1905.0, 2092.0, 191.0) 
Voter 33: ID 189; Choice (1211.0, 1356.0, 2183.0, 1889.0, 1347.0, 2092.0) 
Voter 34: ID 214; Choice (2141.0, 192.0, 1889.0, 193.0, 1347.0, 1905.0, 2092.0, 191.0) 
Voter 35: ID 734; Choice (433.0, 192.0, 1889.0, 193.0, 1347.0, 2092.0) 
Voter 36: ID 101; Choice (2141.0, 1356.0, 2183.0, 1889.0, 193.0, 1347.0) 
Voter 37: ID 730; Choice (2141.0, 1889.0, 193.0, 1347.0, 2092.0, 2121.0, 191.0) 
Voter 38: ID 76; Choice (1356.0, 433.0, 192.0, 1905.0, 2092.0, 2121.0) 
Voter 39: ID 713; Choice (1356.0, 2183.0, 192.0, 1889.0, 193.0, 2121.0, 191.0) 
Voter 40: ID 120; Choice (2141.0, 1356.0, 433.0, 192.0, 1347.0, 1905.0) 
Voter 41: ID 11; Choice (2141.0, 2183.0, 1889.0, 193.0, 1347.0, 1905.0, 2092.0, 191.0) 
Voter 42: ID 733; Choice (1356.0, 433.0, 192.0, 1905.0, 2092.0, 2121.0) 
Voter 43: ID 131; Choice (2141.0, 1356.0, 2183.0, 193.0, 1905.0, 2092.0, 191.0) 
Voter 44: ID 678; Choice (433.0, 192.0, 1889.0, 1347.0, 1905.0, 191.0) 
Voter 45: ID 400; Choice (2141.0, 433.0, 192.0, 1347.0, 1905.0, 2092.0, 2121.0) 
Voter 46: ID 503; Choice (1211.0, 2141.0, 2183.0, 192.0, 1905.0, 2092.0) 
Voter 47: ID 358; Choice (1211.0, 1356.0, 2183.0, 1889.0, 1347.0, 2092.0) 
Voter 48: ID 419; Choice (2141.0, 1356.0, 2183.0, 433.0, 1889.0, 193.0, 1905.0) 
Voter 49: ID 243; Choice (2183.0, 433.0, 193.0, 1905.0, 2092.0, 2121.0, 191.0) 
Voter 50: ID 278; Choice (2183.0, 433.0, 193.0, 1905.0, 2092.0, 2121.0, 191.0) 
---------------------------------------------------------------------------
After Iteration 4 :
Voter 1: ID 645; Choice (1356.0, 2183.0, 192.0, 1889.0, 193.0, 1905.0, 2092.0, 191.0, 1347.0) 
Voter 2: ID 501; Choice (1356.0, 2183.0, 192.0, 1889.0, 193.0, 1905.0, 2092.0, 191.0) 
Voter 3: ID 222; Choice (2141.0, 192.0, 1889.0, 193.0, 1347.0, 1905.0, 2092.0, 191.0) 
Voter 4: ID 382; Choice (1356.0, 2183.0, 192.0, 1889.0, 193.0, 1905.0, 2092.0, 191.0, 1347.0) 
Voter 5: ID 427; Choice (1356.0, 2183.0, 192.0, 1889.0, 193.0, 1905.0, 2092.0, 191.0, 1347.0) 
Voter 6: ID 58; Choice (1356.0, 2183.0, 192.0, 1889.0, 193.0, 1905.0, 2092.0, 191.0, 1347.0) 
Voter 7: ID 344; Choice (1356.0, 2183.0, 192.0, 1889.0, 193.0, 1905.0, 2092.0, 191.0, 1347.0) 
Voter 8: ID 309; Choice (1356.0, 2183.0, 192.0, 1889.0, 193.0, 1905.0, 2092.0, 191.0, 1347.0) 
Voter 9: ID 333; Choice (1356.0, 2183.0, 192.0, 1889.0, 193.0, 1905.0, 2092.0, 191.0, 1347.0) 
Voter 10: ID 138; Choice (2141.0, 1356.0, 2183.0, 193.0, 1905.0, 2092.0, 191.0) 
Voter 11: ID 543; Choice (1356.0, 2183.0, 192.0, 1889.0, 193.0, 2121.0, 191.0) 
Voter 12: ID 626; Choice (1356.0, 2183.0, 192.0, 1889.0, 193.0, 1905.0, 2092.0, 191.0, 1347.0) 
Voter 13: ID 438; Choice (1356.0, 2183.0, 192.0, 1889.0, 193.0, 1905.0, 2092.0, 191.0, 1347.0) 
Voter 14: ID 255; Choice (1356.0, 2183.0, 192.0, 1889.0, 193.0, 1905.0, 2092.0, 191.0, 1347.0) 
Voter 15: ID 527; Choice (1356.0, 2183.0, 192.0, 1889.0, 193.0, 1905.0, 2092.0, 191.0, 1347.0) 
Voter 16: ID 613; Choice (1356.0, 2183.0, 192.0, 1889.0, 193.0, 1905.0, 2092.0, 191.0, 1347.0) 
Voter 17: ID 477; Choice (1356.0, 2183.0, 192.0, 1889.0, 193.0, 1905.0, 2092.0, 191.0, 1347.0) 
Voter 18: ID 385; Choice (1356.0, 2183.0, 192.0, 1889.0, 193.0, 1905.0, 2092.0, 191.0, 1347.0) 
Voter 19: ID 259; Choice (1356.0, 2183.0, 192.0, 1889.0, 193.0, 1905.0, 2092.0, 191.0, 1347.0) 
Voter 20: ID 348; Choice (1356.0, 2183.0, 192.0, 1889.0, 193.0, 1905.0, 2092.0, 191.0, 1347.0) 
Voter 21: ID 269; Choice (1356.0, 2183.0, 192.0, 1889.0, 193.0, 1905.0, 2092.0, 191.0, 1347.0) 
Voter 22: ID 601; Choice (1356.0, 2183.0, 192.0, 1889.0, 193.0, 1905.0, 2092.0, 191.0) 
Voter 23: ID 91; Choice (1356.0, 2183.0, 192.0, 1889.0, 193.0, 1905.0, 2092.0, 191.0, 1347.0) 
Voter 24: ID 619; Choice (1356.0, 2183.0, 192.0, 1889.0, 193.0, 1905.0, 2092.0, 191.0, 1347.0) 
Voter 25: ID 689; Choice (2141.0, 192.0, 1889.0, 193.0, 1347.0, 1905.0, 2092.0, 191.0) 
Voter 26: ID 48; Choice (1356.0, 2183.0, 192.0, 1889.0, 193.0, 1905.0, 2092.0, 191.0, 1347.0) 
Voter 27: ID 5; Choice (1356.0, 2183.0, 192.0, 1889.0, 193.0, 1905.0, 2092.0, 191.0, 1347.0) 
Voter 28: ID 740; Choice (1356.0, 2183.0, 192.0, 1889.0, 193.0, 1905.0, 2092.0, 191.0, 1347.0) 
Voter 29: ID 411; Choice (1356.0, 2183.0, 192.0, 1889.0, 193.0, 1905.0, 2092.0, 191.0, 1347.0) 
Voter 30: ID 700; Choice (1356.0, 2183.0, 192.0, 1889.0, 193.0, 2121.0, 191.0) 
Voter 31: ID 135; Choice (1356.0, 2183.0, 192.0, 1889.0, 193.0, 1905.0, 2092.0, 191.0, 1347.0) 
Voter 32: ID 699; Choice (1356.0, 2183.0, 192.0, 1889.0, 193.0, 1905.0, 2092.0, 191.0, 1347.0) 
Voter 33: ID 189; Choice (1356.0, 2183.0, 192.0, 1889.0, 193.0, 1905.0, 2092.0, 191.0, 1347.0) 
Voter 34: ID 214; Choice (1356.0, 2183.0, 192.0, 1889.0, 193.0, 1905.0, 2092.0, 191.0, 1347.0) 
Voter 35: ID 734; Choice (1356.0, 2183.0, 192.0, 1889.0, 193.0, 1905.0, 2092.0, 191.0, 1347.0) 
Voter 36: ID 101; Choice (1356.0, 2183.0, 192.0, 1889.0, 193.0, 1905.0, 2092.0, 191.0, 1347.0) 
Voter 37: ID 730; Choice (1356.0, 2183.0, 192.0, 1889.0, 193.0, 1905.0, 2092.0, 191.0, 1347.0) 
Voter 38: ID 76; Choice (2141.0, 192.0, 1889.0, 193.0, 1347.0, 1905.0, 2092.0, 191.0) 
Voter 39: ID 713; Choice (1356.0, 2183.0, 192.0, 1889.0, 193.0, 1905.0, 2092.0, 191.0, 1347.0) 
Voter 40: ID 120; Choice (1356.0, 2183.0, 192.0, 1889.0, 193.0, 1905.0, 2092.0, 191.0, 1347.0) 
Voter 41: ID 11; Choice (1356.0, 2183.0, 192.0, 1889.0, 193.0, 1905.0, 2092.0, 191.0, 1347.0) 
Voter 42: ID 733; Choice (1356.0, 2183.0, 192.0, 1889.0, 193.0, 1905.0, 2092.0, 191.0, 1347.0) 
Voter 43: ID 131; Choice (1356.0, 2183.0, 192.0, 1889.0, 193.0, 1905.0, 2092.0, 191.0, 1347.0) 
Voter 44: ID 678; Choice (1356.0, 2183.0, 192.0, 1889.0, 193.0, 1905.0, 2092.0, 191.0, 1347.0) 
Voter 45: ID 400; Choice (1356.0, 2183.0, 192.0, 1889.0, 193.0, 1905.0, 2092.0, 191.0, 1347.0) 
Voter 46: ID 503; Choice (1356.0, 2183.0, 192.0, 1889.0, 193.0, 1905.0, 2092.0, 191.0, 1347.0) 
Voter 47: ID 358; Choice (1356.0, 2183.0, 192.0, 1889.0, 193.0, 1905.0, 2092.0, 191.0, 1347.0) 
Voter 48: ID 419; Choice (1356.0, 2183.0, 192.0, 1889.0, 193.0, 1905.0, 2092.0, 191.0, 1347.0) 
Voter 49: ID 243; Choice (1356.0, 2183.0, 192.0, 1889.0, 193.0, 1905.0, 2092.0, 191.0, 1347.0) 
Voter 50: ID 278; Choice (1356.0, 2183.0, 192.0, 1889.0, 193.0, 1905.0, 2092.0, 191.0, 1347.0) 
---------------------------------------------------------------------------
After Iteration 5 :
Voter 1: ID 645; Choice (2141.0, 2183.0, 1889.0, 193.0, 1347.0, 1905.0, 2092.0, 191.0) 
Voter 2: ID 501; Choice (2141.0, 2183.0, 1889.0, 193.0, 1347.0, 1905.0, 2092.0, 191.0) 
Voter 3: ID 222; Choice (2141.0, 2183.0, 1889.0, 193.0, 1347.0, 1905.0, 2092.0, 191.0) 
Voter 4: ID 382; Choice (1356.0, 2183.0, 192.0, 1889.0, 193.0, 1905.0, 2092.0, 191.0, 1347.0) 
Voter 5: ID 427; Choice (1356.0, 2183.0, 192.0, 1889.0, 193.0, 1905.0, 2092.0, 191.0, 1347.0) 
Voter 6: ID 58; Choice (1356.0, 2183.0, 192.0, 1889.0, 193.0, 1905.0, 2092.0, 191.0, 1347.0) 
Voter 7: ID 344; Choice (1356.0, 2183.0, 192.0, 1889.0, 193.0, 1905.0, 2092.0, 191.0, 1347.0) 
Voter 8: ID 309; Choice (2141.0, 2183.0, 1889.0, 193.0, 1347.0, 1905.0, 2092.0, 191.0) 
Voter 9: ID 333; Choice (1356.0, 2183.0, 192.0, 1889.0, 193.0, 1905.0, 2092.0, 191.0, 1347.0) 
Voter 10: ID 138; Choice (2141.0, 1356.0, 2183.0, 193.0, 1905.0, 2092.0, 191.0) 
Voter 11: ID 543; Choice (1356.0, 2183.0, 192.0, 1889.0, 193.0, 1905.0, 2092.0, 191.0, 1347.0) 
Voter 12: ID 626; Choice (1356.0, 2183.0, 192.0, 1889.0, 193.0, 1905.0, 2092.0, 191.0, 1347.0) 
Voter 13: ID 438; Choice (1356.0, 2183.0, 192.0, 1889.0, 193.0, 1905.0, 2092.0, 191.0, 1347.0) 
Voter 14: ID 255; Choice (1356.0, 2183.0, 192.0, 1889.0, 193.0, 1905.0, 2092.0, 191.0, 1347.0) 
Voter 15: ID 527; Choice (1356.0, 2183.0, 192.0, 1889.0, 193.0, 1905.0, 2092.0, 191.0, 1347.0) 
Voter 16: ID 613; Choice (1356.0, 2183.0, 192.0, 1889.0, 193.0, 1905.0, 2092.0, 191.0, 1347.0) 
Voter 17: ID 477; Choice (1356.0, 2183.0, 192.0, 1889.0, 193.0, 1905.0, 2092.0, 191.0, 1347.0) 
Voter 18: ID 385; Choice (1356.0, 2183.0, 192.0, 1889.0, 193.0, 1905.0, 2092.0, 191.0, 1347.0) 
Voter 19: ID 259; Choice (1356.0, 2183.0, 192.0, 1889.0, 193.0, 1905.0, 2092.0, 191.0, 1347.0) 
Voter 20: ID 348; Choice (1356.0, 2183.0, 192.0, 1889.0, 193.0, 1905.0, 2092.0, 191.0) 
Voter 21: ID 269; Choice (1356.0, 2183.0, 192.0, 1889.0, 193.0, 1905.0, 2092.0, 191.0, 1347.0) 
Voter 22: ID 601; Choice (1356.0, 2183.0, 192.0, 1889.0, 193.0, 1905.0, 2092.0, 191.0) 
Voter 23: ID 91; Choice (1356.0, 2183.0, 192.0, 1889.0, 193.0, 1905.0, 2092.0, 191.0, 1347.0) 
Voter 24: ID 619; Choice (1356.0, 2183.0, 192.0, 1889.0, 193.0, 1905.0, 2092.0, 191.0, 1347.0) 
Voter 25: ID 689; Choice (1356.0, 2183.0, 192.0, 1889.0, 193.0, 1905.0, 2092.0, 191.0, 1347.0) 
Voter 26: ID 48; Choice (1356.0, 2183.0, 192.0, 193.0, 1905.0, 2121.0, 191.0) 
Voter 27: ID 5; Choice (1356.0, 2183.0, 192.0, 1889.0, 193.0, 1905.0, 2092.0, 191.0, 1347.0) 
Voter 28: ID 740; Choice (1356.0, 2183.0, 192.0, 1889.0, 193.0, 1905.0, 2092.0, 191.0, 1347.0) 
Voter 29: ID 411; Choice (2141.0, 2183.0, 1889.0, 193.0, 1347.0, 1905.0, 2092.0, 191.0) 
Voter 30: ID 700; Choice (1356.0, 2183.0, 192.0, 1889.0, 193.0, 1905.0, 2092.0, 191.0, 1347.0) 
Voter 31: ID 135; Choice (1356.0, 2183.0, 192.0, 1889.0, 193.0, 1905.0, 2092.0, 191.0, 1347.0) 
Voter 32: ID 699; Choice (2141.0, 2183.0, 1889.0, 193.0, 1347.0, 1905.0, 2092.0, 191.0) 
Voter 33: ID 189; Choice (1356.0, 2183.0, 192.0, 1889.0, 193.0, 1905.0, 2092.0, 191.0, 1347.0) 
Voter 34: ID 214; Choice (1356.0, 2183.0, 192.0, 1889.0, 193.0, 1905.0, 2092.0, 191.0, 1347.0) 
Voter 35: ID 734; Choice (1356.0, 2183.0, 192.0, 1889.0, 193.0, 1905.0, 2092.0, 191.0, 1347.0) 
Voter 36: ID 101; Choice (1356.0, 2183.0, 192.0, 1889.0, 193.0, 1905.0, 2092.0, 191.0, 1347.0) 
Voter 37: ID 730; Choice (2141.0, 2183.0, 1889.0, 193.0, 1347.0, 1905.0, 2092.0, 191.0) 
Voter 38: ID 76; Choice (1356.0, 2183.0, 192.0, 1889.0, 193.0, 1905.0, 2092.0, 191.0, 1347.0) 
Voter 39: ID 713; Choice (2141.0, 2183.0, 1889.0, 193.0, 1347.0, 1905.0, 2092.0, 191.0) 
Voter 40: ID 120; Choice (1356.0, 2183.0, 192.0, 1889.0, 193.0, 1905.0, 2092.0, 191.0, 1347.0) 
Voter 41: ID 11; Choice (1356.0, 2183.0, 192.0, 1889.0, 193.0, 1905.0, 2092.0, 191.0, 1347.0) 
Voter 42: ID 733; Choice (1356.0, 2183.0, 192.0, 1889.0, 193.0, 1905.0, 2092.0, 191.0, 1347.0) 
Voter 43: ID 131; Choice (2141.0, 1356.0, 2183.0, 193.0, 1905.0, 2092.0, 191.0) 
Voter 44: ID 678; Choice (2141.0, 2183.0, 1889.0, 193.0, 1347.0, 1905.0, 2092.0, 191.0) 
Voter 45: ID 400; Choice (1356.0, 2183.0, 192.0, 1889.0, 193.0, 1905.0, 2092.0, 191.0, 1347.0) 
Voter 46: ID 503; Choice (1356.0, 2183.0, 192.0, 1889.0, 193.0, 1905.0, 2092.0, 191.0, 1347.0) 
Voter 47: ID 358; Choice (2141.0, 2183.0, 1889.0, 193.0, 1347.0, 1905.0, 2092.0, 191.0) 
Voter 48: ID 419; Choice (2141.0, 192.0, 1889.0, 193.0, 1347.0, 1905.0, 2092.0, 191.0) 
Voter 49: ID 243; Choice (1356.0, 2183.0, 192.0, 1889.0, 193.0, 1905.0, 2092.0, 191.0, 1347.0) 
Voter 50: ID 278; Choice (2141.0, 2183.0, 1889.0, 193.0, 1347.0, 1905.0, 2092.0, 191.0) 
---------------------------------------------------------------------------
After Iteration 6 :
Voter 1: ID 645; Choice (1356.0, 2183.0, 192.0, 1889.0, 193.0, 1905.0, 2092.0, 191.0, 1347.0) 
Voter 2: ID 501; Choice (1356.0, 2183.0, 192.0, 1889.0, 193.0, 1905.0, 2092.0, 191.0, 1347.0) 
Voter 3: ID 222; Choice (2141.0, 2183.0, 1889.0, 193.0, 1347.0, 1905.0, 2092.0, 191.0) 
Voter 4: ID 382; Choice (1356.0, 2183.0, 192.0, 1889.0, 193.0, 1905.0, 2092.0, 191.0, 1347.0) 
Voter 5: ID 427; Choice (1356.0, 2183.0, 192.0, 1889.0, 193.0, 1905.0, 2092.0, 191.0, 1347.0) 
Voter 6: ID 58; Choice (1356.0, 2183.0, 192.0, 1889.0, 193.0, 1905.0, 2092.0, 191.0, 1347.0) 
Voter 7: ID 344; Choice (1356.0, 2183.0, 192.0, 1889.0, 193.0, 1905.0, 2092.0, 191.0, 1347.0) 
Voter 8: ID 309; Choice (1356.0, 2183.0, 192.0, 1889.0, 193.0, 1905.0, 2092.0, 191.0, 1347.0) 
Voter 9: ID 333; Choice (1356.0, 2183.0, 192.0, 1889.0, 193.0, 1905.0, 2092.0, 191.0, 1347.0) 
Voter 10: ID 138; Choice (1356.0, 2183.0, 192.0, 1889.0, 193.0, 1905.0, 2092.0, 191.0, 1347.0) 
Voter 11: ID 543; Choice (1356.0, 2183.0, 192.0, 1889.0, 193.0, 1905.0, 2092.0, 191.0, 1347.0) 
Voter 12: ID 626; Choice (1356.0, 2183.0, 192.0, 1889.0, 193.0, 1905.0, 2092.0, 191.0, 1347.0) 
Voter 13: ID 438; Choice (1356.0, 2183.0, 192.0, 1889.0, 193.0, 1905.0, 2092.0, 191.0, 1347.0) 
Voter 14: ID 255; Choice (1356.0, 2183.0, 192.0, 1889.0, 193.0, 1905.0, 2092.0, 191.0, 1347.0) 
Voter 15: ID 527; Choice (1356.0, 2183.0, 192.0, 1889.0, 193.0, 1905.0, 2092.0, 191.0, 1347.0) 
Voter 16: ID 613; Choice (1356.0, 2183.0, 192.0, 1889.0, 193.0, 1905.0, 2092.0, 191.0, 1347.0) 
Voter 17: ID 477; Choice (1356.0, 2183.0, 192.0, 1889.0, 193.0, 1905.0, 2092.0, 191.0, 1347.0) 
Voter 18: ID 385; Choice (1356.0, 2183.0, 192.0, 1889.0, 193.0, 1905.0, 2092.0, 191.0, 1347.0) 
Voter 19: ID 259; Choice (1356.0, 2183.0, 192.0, 1889.0, 193.0, 1905.0, 2092.0, 191.0, 1347.0) 
Voter 20: ID 348; Choice (1356.0, 2183.0, 192.0, 1889.0, 193.0, 1905.0, 2092.0, 191.0, 1347.0) 
Voter 21: ID 269; Choice (1356.0, 2183.0, 192.0, 1889.0, 193.0, 1905.0, 2092.0, 191.0, 1347.0) 
Voter 22: ID 601; Choice (1356.0, 2183.0, 192.0, 1889.0, 193.0, 1905.0, 2092.0, 191.0, 1347.0) 
Voter 23: ID 91; Choice (1356.0, 2183.0, 192.0, 1889.0, 193.0, 1905.0, 2092.0, 191.0, 1347.0) 
Voter 24: ID 619; Choice (1356.0, 2183.0, 192.0, 1889.0, 193.0, 1905.0, 2092.0, 191.0, 1347.0) 
Voter 25: ID 689; Choice (1356.0, 2183.0, 192.0, 1889.0, 193.0, 1905.0, 2092.0, 191.0, 1347.0) 
Voter 26: ID 48; Choice (1356.0, 2183.0, 192.0, 1889.0, 193.0, 1905.0, 2092.0, 191.0, 1347.0) 
Voter 27: ID 5; Choice (1356.0, 2183.0, 192.0, 1889.0, 193.0, 1905.0, 2092.0, 191.0, 1347.0) 
Voter 28: ID 740; Choice (1356.0, 2183.0, 192.0, 1889.0, 193.0, 1905.0, 2092.0, 191.0, 1347.0) 
Voter 29: ID 411; Choice (2183.0, 433.0, 192.0, 1889.0, 193.0, 1905.0, 2092.0, 2121.0) 
Voter 30: ID 700; Choice (1356.0, 2183.0, 192.0, 1889.0, 193.0, 1905.0, 2092.0, 191.0, 1347.0) 
Voter 31: ID 135; Choice (1211.0, 2141.0, 2183.0, 192.0, 1905.0, 2092.0) 
Voter 32: ID 699; Choice (1356.0, 2183.0, 192.0, 1889.0, 193.0, 1905.0, 2092.0, 191.0, 1347.0) 
Voter 33: ID 189; Choice (1356.0, 2183.0, 192.0, 1889.0, 193.0, 1905.0, 2092.0, 191.0, 1347.0) 
Voter 34: ID 214; Choice (1356.0, 2183.0, 192.0, 1889.0, 193.0, 1905.0, 2092.0, 191.0, 1347.0) 
Voter 35: ID 734; Choice (1356.0, 2183.0, 192.0, 1889.0, 193.0, 1905.0, 2092.0, 191.0, 1347.0) 
Voter 36: ID 101; Choice (1356.0, 2183.0, 192.0, 1889.0, 193.0, 1905.0, 2092.0, 191.0, 1347.0) 
Voter 37: ID 730; Choice (1356.0, 2183.0, 192.0, 1889.0, 193.0, 1905.0, 2092.0, 191.0, 1347.0) 
Voter 38: ID 76; Choice (1356.0, 2183.0, 192.0, 1889.0, 193.0, 1905.0, 2092.0, 191.0, 1347.0) 
Voter 39: ID 713; Choice (1356.0, 2183.0, 192.0, 1889.0, 193.0, 1905.0, 2092.0, 191.0, 1347.0) 
Voter 40: ID 120; Choice (1356.0, 2183.0, 192.0, 1889.0, 193.0, 1905.0, 2092.0, 191.0, 1347.0) 
Voter 41: ID 11; Choice (1356.0, 2183.0, 192.0, 1889.0, 193.0, 1905.0, 2092.0, 191.0, 1347.0) 
Voter 42: ID 733; Choice (1356.0, 2183.0, 192.0, 1889.0, 193.0, 1905.0, 2092.0, 191.0, 1347.0) 
Voter 43: ID 131; Choice (1356.0, 2183.0, 192.0, 1889.0, 193.0, 1905.0, 2092.0, 191.0, 1347.0) 
Voter 44: ID 678; Choice (1356.0, 2183.0, 192.0, 1889.0, 193.0, 1905.0, 2092.0, 191.0, 1347.0) 
Voter 45: ID 400; Choice (1356.0, 2183.0, 192.0, 1889.0, 193.0, 1905.0, 2092.0, 191.0, 1347.0) 
Voter 46: ID 503; Choice (1356.0, 2183.0, 192.0, 1889.0, 193.0, 1905.0, 2092.0, 191.0, 1347.0) 
Voter 47: ID 358; Choice (1356.0, 2183.0, 192.0, 1889.0, 193.0, 1905.0, 2092.0, 191.0, 1347.0) 
Voter 48: ID 419; Choice (1356.0, 2183.0, 192.0, 1889.0, 193.0, 1905.0, 2092.0, 191.0, 1347.0) 
Voter 49: ID 243; Choice (1356.0, 2183.0, 192.0, 1889.0, 193.0, 1905.0, 2092.0, 191.0, 1347.0) 
Voter 50: ID 278; Choice (1356.0, 2183.0, 192.0, 1889.0, 193.0, 1905.0, 2092.0, 191.0, 1347.0) 
---------------------------------------------------------------------------
After Iteration 7 :
Voter 1: ID 645; Choice (1356.0, 2183.0, 192.0, 1889.0, 193.0, 1905.0, 2092.0, 191.0, 1347.0) 
Voter 2: ID 501; Choice (1356.0, 2183.0, 192.0, 1889.0, 193.0, 1905.0, 2092.0, 191.0, 1347.0) 
Voter 3: ID 222; Choice (2141.0, 1356.0, 2183.0, 193.0, 1905.0, 2092.0, 191.0) 
Voter 4: ID 382; Choice (1356.0, 2183.0, 192.0, 1889.0, 193.0, 1905.0, 2092.0, 191.0, 1347.0) 
Voter 5: ID 427; Choice (1356.0, 2183.0, 192.0, 1889.0, 193.0, 1905.0, 2092.0, 191.0, 1347.0) 
Voter 6: ID 58; Choice (1356.0, 2183.0, 192.0, 1889.0, 193.0, 1905.0, 2092.0, 191.0, 1347.0) 
Voter 7: ID 344; Choice (1356.0, 2183.0, 192.0, 1889.0, 193.0, 1905.0, 2092.0, 191.0, 1347.0) 
Voter 8: ID 309; Choice (2141.0, 1356.0, 2183.0, 193.0, 1905.0, 2092.0, 191.0) 
Voter 9: ID 333; Choice (1356.0, 2183.0, 192.0, 1889.0, 193.0, 1905.0, 2092.0, 191.0, 1347.0) 
Voter 10: ID 138; Choice (2141.0, 1356.0, 2183.0, 193.0, 1905.0, 2092.0, 191.0) 
Voter 11: ID 543; Choice (1356.0, 2183.0, 192.0, 1889.0, 193.0, 1905.0, 2092.0, 191.0, 1347.0) 
Voter 12: ID 626; Choice (1356.0, 2183.0, 192.0, 1889.0, 193.0, 1905.0, 2092.0, 191.0, 1347.0) 
Voter 13: ID 438; Choice (1356.0, 2183.0, 192.0, 1889.0, 193.0, 1905.0, 2092.0, 191.0, 1347.0) 
Voter 14: ID 255; Choice (1356.0, 2183.0, 192.0, 1889.0, 193.0, 1905.0, 2092.0, 191.0, 1347.0) 
Voter 15: ID 527; Choice (1356.0, 2183.0, 192.0, 1889.0, 193.0, 1905.0, 2092.0, 191.0, 1347.0) 
Voter 16: ID 613; Choice (1356.0, 2183.0, 192.0, 1889.0, 193.0, 1905.0, 2092.0, 191.0, 1347.0) 
Voter 17: ID 477; Choice (1356.0, 2183.0, 192.0, 1889.0, 193.0, 1905.0, 2092.0, 191.0, 1347.0) 
Voter 18: ID 385; Choice (1356.0, 2183.0, 192.0, 1889.0, 193.0, 1905.0, 2092.0, 191.0, 1347.0) 
Voter 19: ID 259; Choice (1356.0, 2183.0, 192.0, 1889.0, 193.0, 1905.0, 2092.0, 191.0, 1347.0) 
Voter 20: ID 348; Choice (1356.0, 2183.0, 192.0, 1889.0, 193.0, 1905.0, 2092.0, 191.0, 1347.0) 
Voter 21: ID 269; Choice (1356.0, 2183.0, 192.0, 1889.0, 193.0, 1905.0, 2092.0, 191.0, 1347.0) 
Voter 22: ID 601; Choice (2141.0, 1356.0, 2183.0, 193.0, 1905.0, 2092.0, 191.0) 
Voter 23: ID 91; Choice (1356.0, 2183.0, 192.0, 1889.0, 193.0, 1905.0, 2092.0, 191.0, 1347.0) 
Voter 24: ID 619; Choice (1356.0, 2183.0, 192.0, 1889.0, 193.0, 1905.0, 2092.0, 191.0, 1347.0) 
Voter 25: ID 689; Choice (1356.0, 2183.0, 192.0, 1889.0, 193.0, 1905.0, 2092.0, 191.0, 1347.0) 
Voter 26: ID 48; Choice (2141.0, 1356.0, 2183.0, 193.0, 1905.0, 2092.0, 191.0) 
Voter 27: ID 5; Choice (1356.0, 2183.0, 192.0, 1889.0, 193.0, 1905.0, 2092.0, 191.0, 1347.0) 
Voter 28: ID 740; Choice (1356.0, 2183.0, 192.0, 1889.0, 193.0, 1905.0, 2092.0, 191.0, 1347.0) 
Voter 29: ID 411; Choice (2141.0, 2183.0, 1889.0, 193.0, 1347.0, 1905.0, 2092.0, 191.0) 
Voter 30: ID 700; Choice (2141.0, 1356.0, 433.0, 1889.0, 193.0, 2092.0, 2121.0) 
Voter 31: ID 135; Choice (1356.0, 2183.0, 192.0, 1889.0, 193.0, 1905.0, 2092.0, 191.0, 1347.0) 
Voter 32: ID 699; Choice (2141.0, 2183.0, 1889.0, 193.0, 1347.0, 1905.0, 2092.0, 191.0) 
Voter 33: ID 189; Choice (1356.0, 2183.0, 192.0, 1889.0, 193.0, 1905.0, 2092.0, 191.0, 1347.0) 
Voter 34: ID 214; Choice (1356.0, 2183.0, 192.0, 1889.0, 193.0, 1905.0, 2092.0, 191.0, 1347.0) 
Voter 35: ID 734; Choice (1356.0, 2183.0, 192.0, 1889.0, 193.0, 1905.0, 2092.0, 191.0, 1347.0) 
Voter 36: ID 101; Choice (1356.0, 2183.0, 192.0, 1889.0, 193.0, 1905.0, 2092.0, 191.0, 1347.0) 
Voter 37: ID 730; Choice (1356.0, 2183.0, 192.0, 1889.0, 193.0, 1905.0, 2092.0, 191.0, 1347.0) 
Voter 38: ID 76; Choice (1356.0, 2183.0, 192.0, 1889.0, 193.0, 1905.0, 2092.0, 191.0, 1347.0) 
Voter 39: ID 713; Choice (1356.0, 2183.0, 192.0, 1889.0, 193.0, 1905.0, 2092.0, 191.0, 1347.0) 
Voter 40: ID 120; Choice (1356.0, 2183.0, 192.0, 1889.0, 193.0, 1905.0, 2092.0, 191.0, 1347.0) 
Voter 41: ID 11; Choice (1356.0, 2183.0, 192.0, 1889.0, 193.0, 1905.0, 2092.0, 191.0, 1347.0) 
Voter 42: ID 733; Choice (1356.0, 2183.0, 192.0, 1889.0, 193.0, 1905.0, 2092.0, 191.0, 1347.0) 
Voter 43: ID 131; Choice (1356.0, 2183.0, 192.0, 1889.0, 193.0, 1905.0, 2092.0, 191.0, 1347.0) 
Voter 44: ID 678; Choice (1356.0, 2183.0, 192.0, 1889.0, 193.0, 1905.0, 2092.0, 191.0, 1347.0) 
Voter 45: ID 400; Choice (1356.0, 2183.0, 192.0, 1889.0, 193.0, 1905.0, 2092.0, 191.0, 1347.0) 
Voter 46: ID 503; Choice (1356.0, 2183.0, 192.0, 1889.0, 193.0, 1905.0, 2092.0, 191.0, 1347.0) 
Voter 47: ID 358; Choice (2141.0, 2183.0, 1889.0, 193.0, 1347.0, 1905.0, 2092.0, 191.0) 
Voter 48: ID 419; Choice (1356.0, 2183.0, 192.0, 1889.0, 193.0, 1905.0, 2092.0, 191.0, 1347.0) 
Voter 49: ID 243; Choice (1356.0, 2183.0, 192.0, 1889.0, 193.0, 1905.0, 2092.0, 191.0, 1347.0) 
Voter 50: ID 278; Choice (1356.0, 2183.0, 192.0, 1889.0, 193.0, 1905.0, 2092.0, 191.0, 1347.0) 
---------------------------------------------------------------------------
After Iteration 8 :
Voter 1: ID 645; Choice (1356.0, 2183.0, 192.0, 1889.0, 193.0, 1905.0, 2092.0, 191.0, 1347.0) 
Voter 2: ID 501; Choice (1356.0, 2183.0, 192.0, 1889.0, 193.0, 1905.0, 2092.0, 191.0, 1347.0) 
Voter 3: ID 222; Choice (1356.0, 2183.0, 192.0, 1889.0, 193.0, 1905.0, 2092.0, 191.0, 1347.0) 
Voter 4: ID 382; Choice (1356.0, 2183.0, 192.0, 1889.0, 193.0, 1905.0, 2092.0, 191.0, 1347.0) 
Voter 5: ID 427; Choice (1356.0, 2183.0, 192.0, 1889.0, 193.0, 1905.0, 2092.0, 191.0, 1347.0) 
Voter 6: ID 58; Choice (1356.0, 2183.0, 192.0, 1889.0, 193.0, 1905.0, 2092.0, 191.0, 1347.0) 
Voter 7: ID 344; Choice (1356.0, 2183.0, 192.0, 1889.0, 193.0, 1905.0, 2092.0, 191.0, 1347.0) 
Voter 8: ID 309; Choice (1356.0, 2183.0, 192.0, 1889.0, 193.0, 1905.0, 2092.0, 191.0, 1347.0) 
Voter 9: ID 333; Choice (1356.0, 2183.0, 192.0, 1889.0, 193.0, 1905.0, 2092.0, 191.0, 1347.0) 
Voter 10: ID 138; Choice (1356.0, 2183.0, 192.0, 1889.0, 193.0, 1905.0, 2092.0, 191.0, 1347.0) 
Voter 11: ID 543; Choice (1356.0, 2183.0, 192.0, 1889.0, 193.0, 1905.0, 2092.0, 191.0, 1347.0) 
Voter 12: ID 626; Choice (1356.0, 2183.0, 192.0, 1889.0, 193.0, 1905.0, 2092.0, 191.0, 1347.0) 
Voter 13: ID 438; Choice (1356.0, 2183.0, 192.0, 1889.0, 193.0, 1905.0, 2092.0, 191.0, 1347.0) 
Voter 14: ID 255; Choice (1356.0, 2183.0, 192.0, 1889.0, 193.0, 1905.0, 2092.0, 191.0, 1347.0) 
Voter 15: ID 527; Choice (1356.0, 2183.0, 192.0, 1889.0, 193.0, 1905.0, 2092.0, 191.0, 1347.0) 
Voter 16: ID 613; Choice (1356.0, 2183.0, 192.0, 1889.0, 193.0, 1905.0, 2092.0, 191.0, 1347.0) 
Voter 17: ID 477; Choice (1356.0, 2183.0, 192.0, 1889.0, 193.0, 1905.0, 2092.0, 191.0, 1347.0) 
Voter 18: ID 385; Choice (1356.0, 2183.0, 192.0, 1889.0, 193.0, 1905.0, 2092.0, 191.0, 1347.0) 
Voter 19: ID 259; Choice (1356.0, 2183.0, 192.0, 1889.0, 193.0, 1905.0, 2092.0, 191.0, 1347.0) 
Voter 20: ID 348; Choice (1356.0, 2183.0, 192.0, 1889.0, 193.0, 1905.0, 2092.0, 191.0, 1347.0) 
Voter 21: ID 269; Choice (1356.0, 2183.0, 192.0, 1889.0, 193.0, 1905.0, 2092.0, 191.0, 1347.0) 
Voter 22: ID 601; Choice (1356.0, 2183.0, 192.0, 1889.0, 193.0, 1905.0, 2092.0, 191.0, 1347.0) 
Voter 23: ID 91; Choice (1356.0, 2183.0, 192.0, 1889.0, 193.0, 1905.0, 2092.0, 191.0, 1347.0) 
Voter 24: ID 619; Choice (1356.0, 2183.0, 192.0, 1889.0, 193.0, 1905.0, 2092.0, 191.0, 1347.0) 
Voter 25: ID 689; Choice (1356.0, 2183.0, 192.0, 1889.0, 193.0, 1905.0, 2092.0, 191.0, 1347.0) 
Voter 26: ID 48; Choice (1356.0, 2183.0, 192.0, 1889.0, 193.0, 1905.0, 2092.0, 191.0, 1347.0) 
Voter 27: ID 5; Choice (1356.0, 2183.0, 192.0, 1889.0, 193.0, 1905.0, 2092.0, 191.0, 1347.0) 
Voter 28: ID 740; Choice (1356.0, 2183.0, 192.0, 1889.0, 193.0, 1905.0, 2092.0, 191.0, 1347.0) 
Voter 29: ID 411; Choice (1356.0, 2183.0, 192.0, 1889.0, 193.0, 1905.0, 2092.0, 191.0, 1347.0) 
Voter 30: ID 700; Choice (1356.0, 2183.0, 192.0, 1889.0, 193.0, 1905.0, 2092.0, 191.0, 1347.0) 
Voter 31: ID 135; Choice (1356.0, 2183.0, 192.0, 1889.0, 193.0, 1905.0, 2092.0, 191.0, 1347.0) 
Voter 32: ID 699; Choice (1356.0, 2183.0, 192.0, 1889.0, 193.0, 1905.0, 2092.0, 191.0, 1347.0) 
Voter 33: ID 189; Choice (1356.0, 2183.0, 192.0, 1889.0, 193.0, 1905.0, 2092.0, 191.0, 1347.0) 
Voter 34: ID 214; Choice (1356.0, 2183.0, 192.0, 1889.0, 193.0, 1905.0, 2092.0, 191.0, 1347.0) 
Voter 35: ID 734; Choice (1356.0, 2183.0, 192.0, 1889.0, 193.0, 1905.0, 2092.0, 191.0, 1347.0) 
Voter 36: ID 101; Choice (1356.0, 2183.0, 192.0, 1889.0, 193.0, 1905.0, 2092.0, 191.0, 1347.0) 
Voter 37: ID 730; Choice (1356.0, 2183.0, 192.0, 1889.0, 193.0, 1905.0, 2092.0, 191.0, 1347.0) 
Voter 38: ID 76; Choice (1356.0, 2183.0, 192.0, 1889.0, 193.0, 1905.0, 2092.0, 191.0, 1347.0) 
Voter 39: ID 713; Choice (1356.0, 2183.0, 192.0, 1889.0, 193.0, 1905.0, 2092.0, 191.0, 1347.0) 
Voter 40: ID 120; Choice (1356.0, 2183.0, 192.0, 1889.0, 193.0, 1905.0, 2092.0, 191.0, 1347.0) 
Voter 41: ID 11; Choice (1356.0, 2183.0, 192.0, 1889.0, 193.0, 1905.0, 2092.0, 191.0, 1347.0) 
Voter 42: ID 733; Choice (1356.0, 2183.0, 192.0, 1889.0, 193.0, 1905.0, 2092.0, 191.0, 1347.0) 
Voter 43: ID 131; Choice (1356.0, 2183.0, 192.0, 1889.0, 193.0, 1905.0, 2092.0, 191.0, 1347.0) 
Voter 44: ID 678; Choice (1356.0, 2183.0, 192.0, 1889.0, 193.0, 1905.0, 2092.0, 191.0, 1347.0) 
Voter 45: ID 400; Choice (1356.0, 2183.0, 192.0, 1889.0, 193.0, 1905.0, 2092.0, 191.0, 1347.0) 
Voter 46: ID 503; Choice (1356.0, 2183.0, 192.0, 1889.0, 193.0, 1905.0, 2092.0, 191.0, 1347.0) 
Voter 47: ID 358; Choice (1356.0, 2183.0, 192.0, 1889.0, 193.0, 1905.0, 2092.0, 191.0, 1347.0) 
Voter 48: ID 419; Choice (1356.0, 2183.0, 192.0, 1889.0, 193.0, 1905.0, 2092.0, 191.0, 1347.0) 
Voter 49: ID 243; Choice (1356.0, 2183.0, 192.0, 1889.0, 193.0, 1905.0, 2092.0, 191.0, 1347.0) 
Voter 50: ID 278; Choice (1356.0, 2183.0, 192.0, 1889.0, 193.0, 1905.0, 2092.0, 191.0, 1347.0) 
---------------------------------------------------------------------------
Concensus reached after 8 iterations.
Max degree: 22 Number of valid combinations: 30 Using random find.
There are 1 opinions after all iterations.
(1356.0, 2183.0, 192.0, 1889.0, 193.0, 1905.0, 2092.0, 191.0, 1347.0) count: 50
