    project id    reward
0       1211.0 -0.444988
1       2141.0 -0.057202
2       1356.0  0.331482
3       2183.0  0.343395
4        433.0 -0.263659
5        192.0  0.232709
6       1889.0  0.302624
7        193.0  0.251523
8       1347.0  0.192139
9       1905.0  0.121838
10      2092.0  0.245409
11      2121.0 -0.136063
12       191.0  0.215283
Valid Combinations are:
(1356.0, 2183.0, 192.0, 1889.0, 193.0, 1905.0, 2092.0, 191.0, 1347.0)
(1356.0, 2183.0, 192.0, 1889.0, 193.0, 1905.0, 2092.0, 191.0)
(1211.0, 2141.0, 1356.0, 2183.0, 192.0, 193.0)
(1356.0, 2183.0, 433.0, 192.0, 1889.0, 1347.0, 2092.0, 2121.0, 191.0)
(1356.0, 2183.0, 433.0, 1889.0, 193.0, 1347.0, 1905.0, 2121.0, 191.0)
(2141.0, 1356.0, 2183.0, 192.0, 1889.0, 193.0, 1347.0, 1905.0)
(2141.0, 1356.0, 2183.0, 192.0, 193.0, 1347.0, 1905.0, 2092.0)
(2141.0, 2183.0, 433.0, 192.0, 193.0, 2092.0, 2121.0, 191.0)
(2141.0, 2183.0, 433.0, 193.0, 1347.0, 1905.0, 2092.0, 2121.0)
(2141.0, 433.0, 1889.0, 193.0, 1347.0, 1905.0, 2121.0, 191.0)
(1211.0, 2183.0, 192.0, 193.0, 2092.0, 2121.0, 191.0)
(2141.0, 1356.0, 2183.0, 433.0, 192.0, 1905.0, 2121.0)
(2141.0, 1356.0, 2183.0, 433.0, 193.0, 1347.0, 1905.0)
(2141.0, 1356.0, 2183.0, 192.0, 1347.0, 1905.0, 2121.0)
(2141.0, 1356.0, 433.0, 193.0, 1905.0, 2092.0, 2121.0)
(2141.0, 1356.0, 1889.0, 1347.0, 1905.0, 2121.0, 191.0)
(2141.0, 2183.0, 433.0, 192.0, 1889.0, 1347.0, 191.0)
(2141.0, 2183.0, 433.0, 193.0, 1347.0, 2121.0, 191.0)
(2141.0, 433.0, 192.0, 193.0, 1347.0, 2121.0, 191.0)
(2141.0, 192.0, 1889.0, 193.0, 1905.0, 2121.0, 191.0)
(1356.0, 2183.0, 433.0, 192.0, 193.0, 2092.0, 191.0)
(1356.0, 433.0, 192.0, 193.0, 1347.0, 1905.0, 2092.0)
(2183.0, 433.0, 192.0, 1889.0, 193.0, 1905.0, 191.0)
(2183.0, 192.0, 1889.0, 1905.0, 2092.0, 2121.0, 191.0)
(433.0, 192.0, 193.0, 1347.0, 2092.0, 2121.0, 191.0)
(1211.0, 1356.0, 192.0, 1889.0, 2092.0, 191.0)
(1211.0, 1356.0, 1889.0, 193.0, 2092.0, 191.0)
(1211.0, 2183.0, 1889.0, 193.0, 1347.0, 191.0)
(1211.0, 2183.0, 1889.0, 193.0, 2121.0, 191.0)
(1211.0, 193.0, 1347.0, 1905.0, 2092.0, 191.0)
(2141.0, 1356.0, 192.0, 1889.0, 1905.0, 2121.0)
(2141.0, 1356.0, 192.0, 1905.0, 2092.0, 191.0)
(2141.0, 1356.0, 193.0, 1347.0, 2092.0, 191.0)
(2141.0, 2183.0, 433.0, 192.0, 1905.0, 191.0)
(2141.0, 2183.0, 192.0, 1347.0, 2092.0, 2121.0)
Initial Choices:
---------------------------------------------------------------------------
Voter 1: ID 558; Choice (1356.0, 433.0, 192.0, 193.0, 1347.0, 1905.0, 2092.0) 
Voter 2: ID 432; Choice (433.0, 192.0, 193.0, 1347.0, 2092.0, 2121.0, 191.0) 
Voter 3: ID 114; Choice (2141.0, 1356.0, 2183.0, 433.0, 192.0, 1905.0, 2121.0) 
Voter 4: ID 5; Choice (1356.0, 2183.0, 192.0, 1889.0, 193.0, 1905.0, 2092.0, 191.0, 1347.0) 
Voter 5: ID 369; Choice (1211.0, 2183.0, 1889.0, 193.0, 1347.0, 191.0) 
Voter 6: ID 151; Choice (2141.0, 2183.0, 433.0, 192.0, 1905.0, 191.0) 
Voter 7: ID 737; Choice (433.0, 192.0, 193.0, 1347.0, 2092.0, 2121.0, 191.0) 
Voter 8: ID 365; Choice (2141.0, 1356.0, 1889.0, 1347.0, 1905.0, 2121.0, 191.0) 
Voter 9: ID 688; Choice (1356.0, 433.0, 192.0, 193.0, 1347.0, 1905.0, 2092.0) 
Voter 10: ID 280; Choice (2141.0, 2183.0, 433.0, 192.0, 1889.0, 1347.0, 191.0) 
Voter 11: ID 188; Choice (1211.0, 2141.0, 1356.0, 2183.0, 192.0, 193.0) 
Voter 12: ID 734; Choice (2141.0, 1356.0, 2183.0, 433.0, 192.0, 1905.0, 2121.0) 
Voter 13: ID 416; Choice (2141.0, 1356.0, 2183.0, 192.0, 1889.0, 193.0, 1347.0, 1905.0) 
Voter 14: ID 503; Choice (1356.0, 2183.0, 433.0, 1889.0, 193.0, 1347.0, 1905.0, 2121.0, 191.0) 
Voter 15: ID 673; Choice (2141.0, 1356.0, 2183.0, 433.0, 192.0, 1905.0, 2121.0) 
Voter 16: ID 569; Choice (1211.0, 2183.0, 192.0, 193.0, 2092.0, 2121.0, 191.0) 
Voter 17: ID 103; Choice (1356.0, 2183.0, 192.0, 1889.0, 193.0, 1905.0, 2092.0, 191.0, 1347.0) 
Voter 18: ID 656; Choice (2141.0, 1356.0, 2183.0, 192.0, 1347.0, 1905.0, 2121.0) 
Voter 19: ID 209; Choice (2141.0, 1356.0, 1889.0, 1347.0, 1905.0, 2121.0, 191.0) 
Voter 20: ID 459; Choice (2141.0, 2183.0, 192.0, 1347.0, 2092.0, 2121.0) 
Voter 21: ID 69; Choice (2141.0, 1356.0, 2183.0, 433.0, 193.0, 1347.0, 1905.0) 
Voter 22: ID 281; Choice (1356.0, 2183.0, 433.0, 192.0, 1889.0, 1347.0, 2092.0, 2121.0, 191.0) 
Voter 23: ID 540; Choice (1356.0, 2183.0, 192.0, 1889.0, 193.0, 1905.0, 2092.0, 191.0, 1347.0) 
Voter 24: ID 72; Choice (1356.0, 2183.0, 433.0, 1889.0, 193.0, 1347.0, 1905.0, 2121.0, 191.0) 
Voter 25: ID 291; Choice (2141.0, 2183.0, 433.0, 192.0, 1889.0, 1347.0, 191.0) 
Voter 26: ID 288; Choice (1211.0, 193.0, 1347.0, 1905.0, 2092.0, 191.0) 
Voter 27: ID 625; Choice (1211.0, 2183.0, 192.0, 193.0, 2092.0, 2121.0, 191.0) 
Voter 28: ID 695; Choice (2141.0, 2183.0, 433.0, 192.0, 1889.0, 1347.0, 191.0) 
Voter 29: ID 580; Choice (2141.0, 2183.0, 433.0, 192.0, 1905.0, 191.0) 
Voter 30: ID 382; Choice (2141.0, 1356.0, 192.0, 1905.0, 2092.0, 191.0) 
Voter 31: ID 259; Choice (1356.0, 433.0, 192.0, 193.0, 1347.0, 1905.0, 2092.0) 
Voter 32: ID 453; Choice (1211.0, 2141.0, 1356.0, 2183.0, 192.0, 193.0) 
Voter 33: ID 2; Choice (2141.0, 1356.0, 2183.0, 433.0, 193.0, 1347.0, 1905.0) 
Voter 34: ID 493; Choice (1211.0, 2183.0, 192.0, 193.0, 2092.0, 2121.0, 191.0) 
Voter 35: ID 163; Choice (2141.0, 1356.0, 1889.0, 1347.0, 1905.0, 2121.0, 191.0) 
Voter 36: ID 452; Choice (1356.0, 2183.0, 433.0, 192.0, 193.0, 2092.0, 191.0) 
Voter 37: ID 220; Choice (433.0, 192.0, 193.0, 1347.0, 2092.0, 2121.0, 191.0) 
Voter 38: ID 337; Choice (2141.0, 1356.0, 2183.0, 433.0, 192.0, 1905.0, 2121.0) 
Voter 39: ID 507; Choice (1356.0, 433.0, 192.0, 193.0, 1347.0, 1905.0, 2092.0) 
Voter 40: ID 544; Choice (1211.0, 2183.0, 1889.0, 193.0, 1347.0, 191.0) 
Voter 41: ID 400; Choice (1356.0, 2183.0, 433.0, 192.0, 193.0, 2092.0, 191.0) 
Voter 42: ID 37; Choice (2141.0, 1356.0, 2183.0, 433.0, 193.0, 1347.0, 1905.0) 
Voter 43: ID 552; Choice (1356.0, 433.0, 192.0, 193.0, 1347.0, 1905.0, 2092.0) 
Voter 44: ID 115; Choice (2141.0, 1356.0, 192.0, 1905.0, 2092.0, 191.0) 
Voter 45: ID 631; Choice (1356.0, 2183.0, 433.0, 1889.0, 193.0, 1347.0, 1905.0, 2121.0, 191.0) 
Voter 46: ID 443; Choice (2141.0, 433.0, 192.0, 193.0, 1347.0, 2121.0, 191.0) 
Voter 47: ID 168; Choice (2141.0, 2183.0, 433.0, 192.0, 193.0, 2092.0, 2121.0, 191.0) 
Voter 48: ID 142; Choice (1356.0, 2183.0, 433.0, 1889.0, 193.0, 1347.0, 1905.0, 2121.0, 191.0) 
Voter 49: ID 684; Choice (2141.0, 2183.0, 192.0, 1347.0, 2092.0, 2121.0) 
Voter 50: ID 506; Choice (1356.0, 2183.0, 433.0, 1889.0, 193.0, 1347.0, 1905.0, 2121.0, 191.0) 
---------------------------------------------------------------------------
After Iteration 1 :
Voter 1: ID 558; Choice (1356.0, 2183.0, 433.0, 192.0, 193.0, 2092.0, 191.0) 
Voter 2: ID 432; Choice (1211.0, 2183.0, 1889.0, 193.0, 1347.0, 191.0) 
Voter 3: ID 114; Choice (2141.0, 2183.0, 433.0, 192.0, 1905.0, 191.0) 
Voter 4: ID 5; Choice (1211.0, 2183.0, 1889.0, 193.0, 2121.0, 191.0) 
Voter 5: ID 369; Choice (2141.0, 433.0, 1889.0, 193.0, 1347.0, 1905.0, 2121.0, 191.0) 
Voter 6: ID 151; Choice (2183.0, 192.0, 1889.0, 1905.0, 2092.0, 2121.0, 191.0) 
Voter 7: ID 737; Choice (2141.0, 1356.0, 192.0, 1889.0, 1905.0, 2121.0) 
Voter 8: ID 365; Choice (2141.0, 192.0, 1889.0, 193.0, 1905.0, 2121.0, 191.0) 
Voter 9: ID 688; Choice (2141.0, 2183.0, 433.0, 193.0, 1347.0, 2121.0, 191.0) 
Voter 10: ID 280; Choice (1356.0, 433.0, 192.0, 193.0, 1347.0, 1905.0, 2092.0) 
Voter 11: ID 188; Choice (2141.0, 1356.0, 192.0, 1889.0, 1905.0, 2121.0) 
Voter 12: ID 734; Choice (1211.0, 2183.0, 1889.0, 193.0, 1347.0, 191.0) 
Voter 13: ID 416; Choice (2141.0, 1356.0, 1889.0, 1347.0, 1905.0, 2121.0, 191.0) 
Voter 14: ID 503; Choice (2141.0, 1356.0, 1889.0, 1347.0, 1905.0, 2121.0, 191.0) 
Voter 15: ID 673; Choice (2141.0, 1356.0, 433.0, 193.0, 1905.0, 2092.0, 2121.0) 
Voter 16: ID 569; Choice (2141.0, 433.0, 1889.0, 193.0, 1347.0, 1905.0, 2121.0, 191.0) 
Voter 17: ID 103; Choice (1211.0, 1356.0, 192.0, 1889.0, 2092.0, 191.0) 
Voter 18: ID 656; Choice (1211.0, 193.0, 1347.0, 1905.0, 2092.0, 191.0) 
Voter 19: ID 209; Choice (2183.0, 433.0, 192.0, 1889.0, 193.0, 1905.0, 191.0) 
Voter 20: ID 459; Choice (1356.0, 2183.0, 192.0, 1889.0, 193.0, 1905.0, 2092.0, 191.0) 
Voter 21: ID 69; Choice (2141.0, 1356.0, 2183.0, 192.0, 1889.0, 193.0, 1347.0, 1905.0) 
Voter 22: ID 281; Choice (1356.0, 2183.0, 433.0, 192.0, 193.0, 2092.0, 191.0) 
Voter 23: ID 540; Choice (2141.0, 1356.0, 2183.0, 433.0, 192.0, 1905.0, 2121.0) 
Voter 24: ID 72; Choice (2141.0, 1356.0, 1889.0, 1347.0, 1905.0, 2121.0, 191.0) 
Voter 25: ID 291; Choice (2141.0, 1356.0, 192.0, 1905.0, 2092.0, 191.0) 
Voter 26: ID 288; Choice (2141.0, 1356.0, 433.0, 193.0, 1905.0, 2092.0, 2121.0) 
Voter 27: ID 625; Choice (2183.0, 192.0, 1889.0, 1905.0, 2092.0, 2121.0, 191.0) 
Voter 28: ID 695; Choice (2141.0, 1356.0, 2183.0, 192.0, 193.0, 1347.0, 1905.0, 2092.0) 
Voter 29: ID 580; Choice (1211.0, 1356.0, 192.0, 1889.0, 2092.0, 191.0) 
Voter 30: ID 382; Choice (1211.0, 1356.0, 192.0, 1889.0, 2092.0, 191.0) 
Voter 31: ID 259; Choice (2183.0, 433.0, 192.0, 1889.0, 193.0, 1905.0, 191.0) 
Voter 32: ID 453; Choice (1356.0, 2183.0, 433.0, 192.0, 193.0, 2092.0, 191.0) 
Voter 33: ID 2; Choice (2141.0, 1356.0, 192.0, 1905.0, 2092.0, 191.0) 
Voter 34: ID 493; Choice (2141.0, 1356.0, 1889.0, 1347.0, 1905.0, 2121.0, 191.0) 
Voter 35: ID 163; Choice (2141.0, 1356.0, 1889.0, 1347.0, 1905.0, 2121.0, 191.0) 
Voter 36: ID 452; Choice (1211.0, 2183.0, 192.0, 193.0, 2092.0, 2121.0, 191.0) 
Voter 37: ID 220; Choice (2141.0, 1356.0, 2183.0, 192.0, 1347.0, 1905.0, 2121.0) 
Voter 38: ID 337; Choice (1211.0, 2183.0, 192.0, 193.0, 2092.0, 2121.0, 191.0) 
Voter 39: ID 507; Choice (2141.0, 2183.0, 433.0, 193.0, 1347.0, 1905.0, 2092.0, 2121.0) 
Voter 40: ID 544; Choice (2141.0, 2183.0, 433.0, 192.0, 1905.0, 191.0) 
Voter 41: ID 400; Choice (2141.0, 1356.0, 192.0, 1905.0, 2092.0, 191.0) 
Voter 42: ID 37; Choice (2141.0, 1356.0, 192.0, 1905.0, 2092.0, 191.0) 
Voter 43: ID 552; Choice (2183.0, 433.0, 192.0, 1889.0, 193.0, 1905.0, 191.0) 
Voter 44: ID 115; Choice (1211.0, 2141.0, 1356.0, 2183.0, 192.0, 193.0) 
Voter 45: ID 631; Choice (1211.0, 2183.0, 1889.0, 193.0, 1347.0, 191.0) 
Voter 46: ID 443; Choice (2141.0, 433.0, 192.0, 193.0, 1347.0, 2121.0, 191.0) 
Voter 47: ID 168; Choice (1356.0, 2183.0, 433.0, 192.0, 193.0, 2092.0, 191.0) 
Voter 48: ID 142; Choice (2141.0, 2183.0, 433.0, 193.0, 1347.0, 2121.0, 191.0) 
Voter 49: ID 684; Choice (433.0, 192.0, 193.0, 1347.0, 2092.0, 2121.0, 191.0) 
Voter 50: ID 506; Choice (2141.0, 1356.0, 433.0, 193.0, 1905.0, 2092.0, 2121.0) 
---------------------------------------------------------------------------
---------------------------------------------------------------------------
{(1356.0, 2183.0, 192.0, 1889.0, 193.0, 1905.0, 2092.0, 191.0, 1347.0): 0.22364029753939524, (1356.0, 2183.0, 192.0, 1889.0, 193.0, 1905.0, 2092.0, 191.0): 0, (1211.0, 2141.0, 1356.0, 2183.0, 192.0, 193.0): 0.06569192918175147, (1356.0, 2183.0, 433.0, 192.0, 1889.0, 1347.0, 2092.0, 2121.0, 191.0): 0.14633201655593275, (1356.0, 2183.0, 433.0, 1889.0, 193.0, 1347.0, 1905.0, 2121.0, 191.0): 0.1358563610411409, (2141.0, 1356.0, 2183.0, 192.0, 1889.0, 193.0, 1347.0, 1905.0): 0, (2141.0, 1356.0, 2183.0, 192.0, 193.0, 1347.0, 1905.0, 2092.0): 0, (2141.0, 2183.0, 433.0, 192.0, 193.0, 2092.0, 2121.0, 191.0): 0, (2141.0, 2183.0, 433.0, 193.0, 1347.0, 1905.0, 2092.0, 2121.0): 0, (2141.0, 433.0, 1889.0, 193.0, 1347.0, 1905.0, 2121.0, 191.0): 0, (1211.0, 2183.0, 192.0, 193.0, 2092.0, 2121.0, 191.0): 0.07072683511528961, (2141.0, 1356.0, 2183.0, 433.0, 192.0, 1905.0, 2121.0): 0.05725014990015134, (2141.0, 1356.0, 2183.0, 433.0, 193.0, 1347.0, 1905.0): 0.09195176344221277, (2141.0, 1356.0, 2183.0, 192.0, 1347.0, 1905.0, 2121.0): 0.10282994415676916, (2141.0, 1356.0, 433.0, 193.0, 1905.0, 2092.0, 2121.0): 0, (2141.0, 1356.0, 1889.0, 1347.0, 1905.0, 2121.0, 191.0): 0.09701015199388277, (2141.0, 2183.0, 433.0, 192.0, 1889.0, 1347.0, 191.0): 0, (2141.0, 2183.0, 433.0, 193.0, 1347.0, 2121.0, 191.0): 0, (2141.0, 433.0, 192.0, 193.0, 1347.0, 2121.0, 191.0): 0.04347306700733479, (2141.0, 192.0, 1889.0, 193.0, 1905.0, 2121.0, 191.0): 0, (1356.0, 2183.0, 433.0, 192.0, 193.0, 2092.0, 191.0): 0.13561428718980392, (1356.0, 433.0, 192.0, 193.0, 1347.0, 1905.0, 2092.0): 0.11114429502691753, (2183.0, 433.0, 192.0, 1889.0, 193.0, 1905.0, 191.0): 0, (2183.0, 192.0, 1889.0, 1905.0, 2092.0, 2121.0, 191.0): 0, (433.0, 192.0, 193.0, 1347.0, 2092.0, 2121.0, 191.0): 0.0737342090722539, (1211.0, 1356.0, 192.0, 1889.0, 2092.0, 191.0): 0, (1211.0, 1356.0, 1889.0, 193.0, 2092.0, 191.0): 0, (1211.0, 2183.0, 1889.0, 193.0, 1347.0, 191.0): 0.08599759886672419, (1211.0, 2183.0, 1889.0, 193.0, 2121.0, 191.0): 0, (1211.0, 193.0, 1347.0, 1905.0, 2092.0, 191.0): 0.058120471972757305, (2141.0, 1356.0, 192.0, 1889.0, 1905.0, 2121.0): 0, (2141.0, 1356.0, 192.0, 1905.0, 2092.0, 191.0): 0.10895192796582838, (2141.0, 1356.0, 193.0, 1347.0, 2092.0, 191.0): 0, (2141.0, 2183.0, 433.0, 192.0, 1905.0, 191.0): 0.05923645349215054, (2141.0, 2183.0, 192.0, 1347.0, 2092.0, 2121.0): 0.08203876893778744}
After Iteration 2 :
Voter 1: ID 558; Choice (2141.0, 2183.0, 192.0, 1347.0, 2092.0, 2121.0) 
Voter 2: ID 432; Choice (2141.0, 1356.0, 2183.0, 192.0, 1347.0, 1905.0, 2121.0) 
Voter 3: ID 114; Choice (2141.0, 2183.0, 433.0, 193.0, 1347.0, 2121.0, 191.0) 
Voter 4: ID 5; Choice (2141.0, 433.0, 192.0, 193.0, 1347.0, 2121.0, 191.0) 
Voter 5: ID 369; Choice (2141.0, 2183.0, 433.0, 192.0, 1889.0, 1347.0, 191.0) 
Voter 6: ID 151; Choice (1356.0, 433.0, 192.0, 193.0, 1347.0, 1905.0, 2092.0) 
Voter 7: ID 737; Choice (1356.0, 2183.0, 433.0, 192.0, 193.0, 2092.0, 191.0) 
Voter 8: ID 365; Choice (1211.0, 2141.0, 1356.0, 2183.0, 192.0, 193.0) 
Voter 9: ID 688; Choice (2183.0, 433.0, 192.0, 1889.0, 193.0, 1905.0, 191.0) 
Voter 10: ID 280; Choice (2183.0, 433.0, 192.0, 1889.0, 193.0, 1905.0, 191.0) 
Voter 11: ID 188; Choice (2141.0, 2183.0, 433.0, 193.0, 1347.0, 2121.0, 191.0) 
Voter 12: ID 734; Choice (2141.0, 1356.0, 1889.0, 1347.0, 1905.0, 2121.0, 191.0) 
Voter 13: ID 416; Choice (1211.0, 193.0, 1347.0, 1905.0, 2092.0, 191.0) 
Voter 14: ID 503; Choice (1356.0, 2183.0, 433.0, 192.0, 193.0, 2092.0, 191.0) 
Voter 15: ID 673; Choice (2141.0, 433.0, 1889.0, 193.0, 1347.0, 1905.0, 2121.0, 191.0) 
Voter 16: ID 569; Choice (2141.0, 433.0, 192.0, 193.0, 1347.0, 2121.0, 191.0) 
Voter 17: ID 103; Choice (1211.0, 1356.0, 192.0, 1889.0, 2092.0, 191.0) 
Voter 18: ID 656; Choice (1211.0, 2141.0, 1356.0, 2183.0, 192.0, 193.0) 
Voter 19: ID 209; Choice (2141.0, 1356.0, 2183.0, 433.0, 193.0, 1347.0, 1905.0) 
Voter 20: ID 459; Choice (2141.0, 1356.0, 2183.0, 192.0, 1347.0, 1905.0, 2121.0) 
Voter 21: ID 69; Choice (2141.0, 2183.0, 433.0, 193.0, 1347.0, 1905.0, 2092.0, 2121.0) 
Voter 22: ID 281; Choice (2141.0, 1356.0, 1889.0, 1347.0, 1905.0, 2121.0, 191.0) 
Voter 23: ID 540; Choice (1356.0, 2183.0, 192.0, 1889.0, 193.0, 1905.0, 2092.0, 191.0) 
Voter 24: ID 72; Choice (1356.0, 2183.0, 192.0, 1889.0, 193.0, 1905.0, 2092.0, 191.0) 
Voter 25: ID 291; Choice (2141.0, 1356.0, 2183.0, 192.0, 1347.0, 1905.0, 2121.0) 
Voter 26: ID 288; Choice (1356.0, 2183.0, 433.0, 192.0, 193.0, 2092.0, 191.0) 
Voter 27: ID 625; Choice (2141.0, 1356.0, 433.0, 193.0, 1905.0, 2092.0, 2121.0) 
Voter 28: ID 695; Choice (2141.0, 1356.0, 2183.0, 433.0, 193.0, 1347.0, 1905.0) 
Voter 29: ID 580; Choice (1356.0, 2183.0, 192.0, 1889.0, 193.0, 1905.0, 2092.0, 191.0, 1347.0) 
Voter 30: ID 382; Choice (1211.0, 1356.0, 192.0, 1889.0, 2092.0, 191.0) 
Voter 31: ID 259; Choice (2141.0, 433.0, 1889.0, 193.0, 1347.0, 1905.0, 2121.0, 191.0) 
Voter 32: ID 453; Choice (2183.0, 192.0, 1889.0, 1905.0, 2092.0, 2121.0, 191.0) 
Voter 33: ID 2; Choice (1211.0, 2141.0, 1356.0, 2183.0, 192.0, 193.0) 
Voter 34: ID 493; Choice (2141.0, 1356.0, 2183.0, 192.0, 193.0, 1347.0, 1905.0, 2092.0) 
Voter 35: ID 163; Choice (2141.0, 1356.0, 193.0, 1347.0, 2092.0, 191.0) 
Voter 36: ID 452; Choice (1211.0, 1356.0, 1889.0, 193.0, 2092.0, 191.0) 
Voter 37: ID 220; Choice (2141.0, 433.0, 192.0, 193.0, 1347.0, 2121.0, 191.0) 
Voter 38: ID 337; Choice (1211.0, 2183.0, 192.0, 193.0, 2092.0, 2121.0, 191.0) 
Voter 39: ID 507; Choice (2141.0, 1356.0, 193.0, 1347.0, 2092.0, 191.0) 
Voter 40: ID 544; Choice (1356.0, 433.0, 192.0, 193.0, 1347.0, 1905.0, 2092.0) 
Voter 41: ID 400; Choice (1211.0, 2183.0, 192.0, 193.0, 2092.0, 2121.0, 191.0) 
Voter 42: ID 37; Choice (1356.0, 2183.0, 433.0, 1889.0, 193.0, 1347.0, 1905.0, 2121.0, 191.0) 
Voter 43: ID 552; Choice (1211.0, 2141.0, 1356.0, 2183.0, 192.0, 193.0) 
Voter 44: ID 115; Choice (1211.0, 2141.0, 1356.0, 2183.0, 192.0, 193.0) 
Voter 45: ID 631; Choice (2141.0, 2183.0, 433.0, 192.0, 193.0, 2092.0, 2121.0, 191.0) 
Voter 46: ID 443; Choice (2141.0, 1356.0, 2183.0, 192.0, 1889.0, 193.0, 1347.0, 1905.0) 
Voter 47: ID 168; Choice (1211.0, 2183.0, 1889.0, 193.0, 1347.0, 191.0) 
Voter 48: ID 142; Choice (1211.0, 1356.0, 192.0, 1889.0, 2092.0, 191.0) 
Voter 49: ID 684; Choice (2141.0, 2183.0, 433.0, 193.0, 1347.0, 1905.0, 2092.0, 2121.0) 
Voter 50: ID 506; Choice (2141.0, 1356.0, 192.0, 1905.0, 2092.0, 191.0) 
---------------------------------------------------------------------------
After Iteration 3 :
Voter 1: ID 558; Choice (2141.0, 2183.0, 433.0, 193.0, 1347.0, 2121.0, 191.0) 
Voter 2: ID 432; Choice (2141.0, 1356.0, 2183.0, 433.0, 192.0, 1905.0, 2121.0) 
Voter 3: ID 114; Choice (2141.0, 2183.0, 192.0, 1347.0, 2092.0, 2121.0) 
Voter 4: ID 5; Choice (1211.0, 1356.0, 192.0, 1889.0, 2092.0, 191.0) 
Voter 5: ID 369; Choice (2141.0, 1356.0, 2183.0, 192.0, 193.0, 1347.0, 1905.0, 2092.0) 
Voter 6: ID 151; Choice (2141.0, 433.0, 1889.0, 193.0, 1347.0, 1905.0, 2121.0, 191.0) 
Voter 7: ID 737; Choice (1211.0, 2183.0, 192.0, 193.0, 2092.0, 2121.0, 191.0) 
Voter 8: ID 365; Choice (2141.0, 433.0, 1889.0, 193.0, 1347.0, 1905.0, 2121.0, 191.0) 
Voter 9: ID 688; Choice (1211.0, 2141.0, 1356.0, 2183.0, 192.0, 193.0) 
Voter 10: ID 280; Choice (1356.0, 2183.0, 192.0, 1889.0, 193.0, 1905.0, 2092.0, 191.0) 
Voter 11: ID 188; Choice (2141.0, 1356.0, 192.0, 1905.0, 2092.0, 191.0) 
Voter 12: ID 734; Choice (433.0, 192.0, 193.0, 1347.0, 2092.0, 2121.0, 191.0) 
Voter 13: ID 416; Choice (1356.0, 2183.0, 433.0, 192.0, 1889.0, 1347.0, 2092.0, 2121.0, 191.0) 
Voter 14: ID 503; Choice (2141.0, 2183.0, 433.0, 193.0, 1347.0, 2121.0, 191.0) 
Voter 15: ID 673; Choice (2141.0, 1356.0, 2183.0, 192.0, 1347.0, 1905.0, 2121.0) 
Voter 16: ID 569; Choice (2183.0, 192.0, 1889.0, 1905.0, 2092.0, 2121.0, 191.0) 
Voter 17: ID 103; Choice (2141.0, 2183.0, 433.0, 193.0, 1347.0, 1905.0, 2092.0, 2121.0) 
Voter 18: ID 656; Choice (2141.0, 1356.0, 2183.0, 433.0, 193.0, 1347.0, 1905.0) 
Voter 19: ID 209; Choice (1356.0, 2183.0, 433.0, 192.0, 1889.0, 1347.0, 2092.0, 2121.0, 191.0) 
Voter 20: ID 459; Choice (2183.0, 433.0, 192.0, 1889.0, 193.0, 1905.0, 191.0) 
Voter 21: ID 69; Choice (2141.0, 1356.0, 2183.0, 433.0, 192.0, 1905.0, 2121.0) 
Voter 22: ID 281; Choice (1211.0, 1356.0, 192.0, 1889.0, 2092.0, 191.0) 
Voter 23: ID 540; Choice (2141.0, 1356.0, 2183.0, 433.0, 193.0, 1347.0, 1905.0) 
Voter 24: ID 72; Choice (1211.0, 2183.0, 192.0, 193.0, 2092.0, 2121.0, 191.0) 
Voter 25: ID 291; Choice (2141.0, 1356.0, 2183.0, 433.0, 193.0, 1347.0, 1905.0) 
Voter 26: ID 288; Choice (2141.0, 2183.0, 433.0, 193.0, 1347.0, 1905.0, 2092.0, 2121.0) 
Voter 27: ID 625; Choice (2141.0, 433.0, 1889.0, 193.0, 1347.0, 1905.0, 2121.0, 191.0) 
Voter 28: ID 695; Choice (1356.0, 2183.0, 433.0, 1889.0, 193.0, 1347.0, 1905.0, 2121.0, 191.0) 
Voter 29: ID 580; Choice (2141.0, 1356.0, 192.0, 1905.0, 2092.0, 191.0) 
Voter 30: ID 382; Choice (1211.0, 1356.0, 192.0, 1889.0, 2092.0, 191.0) 
Voter 31: ID 259; Choice (2141.0, 1356.0, 2183.0, 192.0, 193.0, 1347.0, 1905.0, 2092.0) 
Voter 32: ID 453; Choice (2141.0, 2183.0, 433.0, 192.0, 1889.0, 1347.0, 191.0) 
Voter 33: ID 2; Choice (2141.0, 1356.0, 1889.0, 1347.0, 1905.0, 2121.0, 191.0) 
Voter 34: ID 493; Choice (2141.0, 1356.0, 433.0, 193.0, 1905.0, 2092.0, 2121.0) 
Voter 35: ID 163; Choice (2141.0, 2183.0, 192.0, 1347.0, 2092.0, 2121.0) 
Voter 36: ID 452; Choice (2141.0, 1356.0, 2183.0, 433.0, 192.0, 1905.0, 2121.0) 
Voter 37: ID 220; Choice (2141.0, 2183.0, 433.0, 192.0, 193.0, 2092.0, 2121.0, 191.0) 
Voter 38: ID 337; Choice (2141.0, 433.0, 1889.0, 193.0, 1347.0, 1905.0, 2121.0, 191.0) 
Voter 39: ID 507; Choice (1356.0, 2183.0, 433.0, 192.0, 1889.0, 1347.0, 2092.0, 2121.0, 191.0) 
Voter 40: ID 544; Choice (2141.0, 1356.0, 192.0, 1889.0, 1905.0, 2121.0) 
Voter 41: ID 400; Choice (2141.0, 2183.0, 433.0, 193.0, 1347.0, 2121.0, 191.0) 
Voter 42: ID 37; Choice (1356.0, 2183.0, 192.0, 1889.0, 193.0, 1905.0, 2092.0, 191.0) 
Voter 43: ID 552; Choice (2141.0, 1356.0, 2183.0, 433.0, 193.0, 1347.0, 1905.0) 
Voter 44: ID 115; Choice (1211.0, 193.0, 1347.0, 1905.0, 2092.0, 191.0) 
Voter 45: ID 631; Choice (433.0, 192.0, 193.0, 1347.0, 2092.0, 2121.0, 191.0) 
Voter 46: ID 443; Choice (2141.0, 1356.0, 433.0, 193.0, 1905.0, 2092.0, 2121.0) 
Voter 47: ID 168; Choice (1356.0, 2183.0, 433.0, 1889.0, 193.0, 1347.0, 1905.0, 2121.0, 191.0) 
Voter 48: ID 142; Choice (1211.0, 2141.0, 1356.0, 2183.0, 192.0, 193.0) 
Voter 49: ID 684; Choice (2141.0, 2183.0, 433.0, 192.0, 1889.0, 1347.0, 191.0) 
Voter 50: ID 506; Choice (2141.0, 1356.0, 2183.0, 192.0, 1347.0, 1905.0, 2121.0) 
---------------------------------------------------------------------------
After Iteration 4 :
Voter 1: ID 558; Choice (1356.0, 2183.0, 192.0, 1889.0, 193.0, 1905.0, 2092.0, 191.0, 1347.0) 
Voter 2: ID 432; Choice (1356.0, 2183.0, 192.0, 1889.0, 193.0, 1905.0, 2092.0, 191.0, 1347.0) 
Voter 3: ID 114; Choice (1356.0, 2183.0, 192.0, 1889.0, 193.0, 1905.0, 2092.0, 191.0, 1347.0) 
Voter 4: ID 5; Choice (1356.0, 2183.0, 192.0, 1889.0, 193.0, 1905.0, 2092.0, 191.0, 1347.0) 
Voter 5: ID 369; Choice (1356.0, 2183.0, 192.0, 1889.0, 193.0, 1905.0, 2092.0, 191.0, 1347.0) 
Voter 6: ID 151; Choice (1356.0, 2183.0, 192.0, 1889.0, 193.0, 1905.0, 2092.0, 191.0, 1347.0) 
Voter 7: ID 737; Choice (1356.0, 2183.0, 192.0, 1889.0, 193.0, 1905.0, 2092.0, 191.0, 1347.0) 
Voter 8: ID 365; Choice (1356.0, 2183.0, 192.0, 1889.0, 193.0, 1905.0, 2092.0, 191.0, 1347.0) 
Voter 9: ID 688; Choice (2183.0, 433.0, 192.0, 1889.0, 193.0, 1905.0, 191.0) 
Voter 10: ID 280; Choice (1356.0, 2183.0, 192.0, 1889.0, 193.0, 1905.0, 2092.0, 191.0, 1347.0) 
Voter 11: ID 188; Choice (1356.0, 2183.0, 192.0, 1889.0, 193.0, 1905.0, 2092.0, 191.0, 1347.0) 
Voter 12: ID 734; Choice (1356.0, 2183.0, 192.0, 1889.0, 193.0, 1905.0, 2092.0, 191.0, 1347.0) 
Voter 13: ID 416; Choice (1356.0, 2183.0, 192.0, 1889.0, 193.0, 1905.0, 2092.0, 191.0, 1347.0) 
Voter 14: ID 503; Choice (1356.0, 2183.0, 192.0, 1889.0, 193.0, 1905.0, 2092.0, 191.0, 1347.0) 
Voter 15: ID 673; Choice (1356.0, 2183.0, 192.0, 1889.0, 193.0, 1905.0, 2092.0, 191.0, 1347.0) 
Voter 16: ID 569; Choice (1356.0, 2183.0, 192.0, 1889.0, 193.0, 1905.0, 2092.0, 191.0, 1347.0) 
Voter 17: ID 103; Choice (1356.0, 2183.0, 192.0, 1889.0, 193.0, 1905.0, 2092.0, 191.0, 1347.0) 
Voter 18: ID 656; Choice (1356.0, 2183.0, 192.0, 1889.0, 193.0, 1905.0, 2092.0, 191.0, 1347.0) 
Voter 19: ID 209; Choice (1356.0, 2183.0, 192.0, 1889.0, 193.0, 1905.0, 2092.0, 191.0, 1347.0) 
Voter 20: ID 459; Choice (1356.0, 2183.0, 192.0, 1889.0, 193.0, 1905.0, 2092.0, 191.0, 1347.0) 
Voter 21: ID 69; Choice (1356.0, 2183.0, 192.0, 1889.0, 193.0, 1905.0, 2092.0, 191.0, 1347.0) 
Voter 22: ID 281; Choice (1356.0, 2183.0, 192.0, 1889.0, 193.0, 1905.0, 2092.0, 191.0, 1347.0) 
Voter 23: ID 540; Choice (1356.0, 2183.0, 192.0, 1889.0, 193.0, 1905.0, 2092.0, 191.0, 1347.0) 
Voter 24: ID 72; Choice (1356.0, 2183.0, 192.0, 1889.0, 193.0, 1905.0, 2092.0, 191.0, 1347.0) 
Voter 25: ID 291; Choice (1356.0, 2183.0, 192.0, 1889.0, 193.0, 1905.0, 2092.0, 191.0, 1347.0) 
Voter 26: ID 288; Choice (1356.0, 2183.0, 192.0, 1889.0, 193.0, 1905.0, 2092.0, 191.0, 1347.0) 
Voter 27: ID 625; Choice (1356.0, 2183.0, 192.0, 1889.0, 193.0, 1905.0, 2092.0, 191.0, 1347.0) 
Voter 28: ID 695; Choice (1356.0, 2183.0, 192.0, 1889.0, 193.0, 1905.0, 2092.0, 191.0, 1347.0) 
Voter 29: ID 580; Choice (1356.0, 2183.0, 192.0, 1889.0, 193.0, 1905.0, 2092.0, 191.0, 1347.0) 
Voter 30: ID 382; Choice (1356.0, 2183.0, 192.0, 1889.0, 193.0, 1905.0, 2092.0, 191.0, 1347.0) 
Voter 31: ID 259; Choice (1356.0, 2183.0, 192.0, 1889.0, 193.0, 1905.0, 2092.0, 191.0, 1347.0) 
Voter 32: ID 453; Choice (1356.0, 2183.0, 192.0, 1889.0, 193.0, 1905.0, 2092.0, 191.0, 1347.0) 
Voter 33: ID 2; Choice (1356.0, 2183.0, 192.0, 1889.0, 193.0, 1905.0, 2092.0, 191.0, 1347.0) 
Voter 34: ID 493; Choice (1356.0, 2183.0, 192.0, 1889.0, 193.0, 1905.0, 2092.0, 191.0, 1347.0) 
Voter 35: ID 163; Choice (1356.0, 2183.0, 192.0, 1889.0, 193.0, 1905.0, 2092.0, 191.0, 1347.0) 
Voter 36: ID 452; Choice (1356.0, 2183.0, 192.0, 1889.0, 193.0, 1905.0, 2092.0, 191.0, 1347.0) 
Voter 37: ID 220; Choice (1356.0, 2183.0, 192.0, 1889.0, 193.0, 1905.0, 2092.0, 191.0, 1347.0) 
Voter 38: ID 337; Choice (1356.0, 2183.0, 192.0, 1889.0, 193.0, 1905.0, 2092.0, 191.0, 1347.0) 
Voter 39: ID 507; Choice (1356.0, 2183.0, 192.0, 1889.0, 193.0, 1905.0, 2092.0, 191.0, 1347.0) 
Voter 40: ID 544; Choice (1356.0, 2183.0, 192.0, 1889.0, 193.0, 1905.0, 2092.0, 191.0, 1347.0) 
Voter 41: ID 400; Choice (1356.0, 2183.0, 192.0, 1889.0, 193.0, 1905.0, 2092.0, 191.0, 1347.0) 
Voter 42: ID 37; Choice (1356.0, 2183.0, 192.0, 1889.0, 193.0, 1905.0, 2092.0, 191.0, 1347.0) 
Voter 43: ID 552; Choice (1356.0, 2183.0, 192.0, 1889.0, 193.0, 1905.0, 2092.0, 191.0, 1347.0) 
Voter 44: ID 115; Choice (1356.0, 2183.0, 192.0, 1889.0, 193.0, 1905.0, 2092.0, 191.0, 1347.0) 
Voter 45: ID 631; Choice (1356.0, 2183.0, 192.0, 1889.0, 193.0, 1905.0, 2092.0, 191.0, 1347.0) 
Voter 46: ID 443; Choice (2141.0, 1356.0, 2183.0, 192.0, 1889.0, 193.0, 1347.0, 1905.0) 
Voter 47: ID 168; Choice (1356.0, 2183.0, 192.0, 1889.0, 193.0, 1905.0, 2092.0, 191.0, 1347.0) 
Voter 48: ID 142; Choice (1356.0, 2183.0, 192.0, 1889.0, 193.0, 1905.0, 2092.0, 191.0, 1347.0) 
Voter 49: ID 684; Choice (1356.0, 2183.0, 192.0, 1889.0, 193.0, 1905.0, 2092.0, 191.0, 1347.0) 
Voter 50: ID 506; Choice (1356.0, 2183.0, 192.0, 1889.0, 193.0, 1905.0, 2092.0, 191.0, 1347.0) 
---------------------------------------------------------------------------
After Iteration 5 :
Voter 1: ID 558; Choice (1356.0, 2183.0, 192.0, 1889.0, 193.0, 1905.0, 2092.0, 191.0, 1347.0) 
Voter 2: ID 432; Choice (1356.0, 2183.0, 192.0, 1889.0, 193.0, 1905.0, 2092.0, 191.0, 1347.0) 
Voter 3: ID 114; Choice (1356.0, 2183.0, 192.0, 1889.0, 193.0, 1905.0, 2092.0, 191.0, 1347.0) 
Voter 4: ID 5; Choice (1356.0, 2183.0, 192.0, 1889.0, 193.0, 1905.0, 2092.0, 191.0, 1347.0) 
Voter 5: ID 369; Choice (1356.0, 2183.0, 192.0, 1889.0, 193.0, 1905.0, 2092.0, 191.0, 1347.0) 
Voter 6: ID 151; Choice (1356.0, 2183.0, 192.0, 1889.0, 193.0, 1905.0, 2092.0, 191.0, 1347.0) 
Voter 7: ID 737; Choice (1356.0, 2183.0, 192.0, 1889.0, 193.0, 1905.0, 2092.0, 191.0, 1347.0) 
Voter 8: ID 365; Choice (1356.0, 2183.0, 192.0, 1889.0, 193.0, 1905.0, 2092.0, 191.0, 1347.0) 
Voter 9: ID 688; Choice (2183.0, 433.0, 192.0, 1889.0, 193.0, 1905.0, 191.0) 
Voter 10: ID 280; Choice (1356.0, 2183.0, 192.0, 1889.0, 193.0, 1905.0, 2092.0, 191.0, 1347.0) 
Voter 11: ID 188; Choice (1356.0, 2183.0, 192.0, 1889.0, 193.0, 1905.0, 2092.0, 191.0, 1347.0) 
Voter 12: ID 734; Choice (1356.0, 2183.0, 192.0, 1889.0, 193.0, 1905.0, 2092.0, 191.0, 1347.0) 
Voter 13: ID 416; Choice (1356.0, 2183.0, 192.0, 1889.0, 193.0, 1905.0, 2092.0, 191.0, 1347.0) 
Voter 14: ID 503; Choice (1356.0, 2183.0, 192.0, 1889.0, 193.0, 1905.0, 2092.0, 191.0, 1347.0) 
Voter 15: ID 673; Choice (1356.0, 2183.0, 192.0, 1889.0, 193.0, 1905.0, 2092.0, 191.0, 1347.0) 
Voter 16: ID 569; Choice (1356.0, 2183.0, 192.0, 1889.0, 193.0, 1905.0, 2092.0, 191.0, 1347.0) 
Voter 17: ID 103; Choice (1356.0, 2183.0, 192.0, 1889.0, 193.0, 1905.0, 2092.0, 191.0, 1347.0) 
Voter 18: ID 656; Choice (1356.0, 2183.0, 192.0, 1889.0, 193.0, 1905.0, 2092.0, 191.0, 1347.0) 
Voter 19: ID 209; Choice (1356.0, 2183.0, 192.0, 1889.0, 193.0, 1905.0, 2092.0, 191.0, 1347.0) 
Voter 20: ID 459; Choice (1356.0, 2183.0, 192.0, 1889.0, 193.0, 1905.0, 2092.0, 191.0, 1347.0) 
Voter 21: ID 69; Choice (1356.0, 2183.0, 192.0, 1889.0, 193.0, 1905.0, 2092.0, 191.0, 1347.0) 
Voter 22: ID 281; Choice (1356.0, 2183.0, 192.0, 1889.0, 193.0, 1905.0, 2092.0, 191.0, 1347.0) 
Voter 23: ID 540; Choice (1356.0, 2183.0, 192.0, 1889.0, 193.0, 1905.0, 2092.0, 191.0, 1347.0) 
Voter 24: ID 72; Choice (1356.0, 2183.0, 192.0, 1889.0, 193.0, 1905.0, 2092.0, 191.0, 1347.0) 
Voter 25: ID 291; Choice (2141.0, 2183.0, 433.0, 193.0, 1347.0, 1905.0, 2092.0, 2121.0) 
Voter 26: ID 288; Choice (1356.0, 2183.0, 192.0, 1889.0, 193.0, 1905.0, 2092.0, 191.0, 1347.0) 
Voter 27: ID 625; Choice (1356.0, 2183.0, 192.0, 1889.0, 193.0, 1905.0, 2092.0, 191.0, 1347.0) 
Voter 28: ID 695; Choice (1356.0, 2183.0, 192.0, 1889.0, 193.0, 1905.0, 2092.0, 191.0, 1347.0) 
Voter 29: ID 580; Choice (1356.0, 2183.0, 192.0, 1889.0, 193.0, 1905.0, 2092.0, 191.0, 1347.0) 
Voter 30: ID 382; Choice (1211.0, 1356.0, 192.0, 1889.0, 2092.0, 191.0) 
Voter 31: ID 259; Choice (1356.0, 2183.0, 192.0, 1889.0, 193.0, 1905.0, 2092.0, 191.0, 1347.0) 
Voter 32: ID 453; Choice (1356.0, 2183.0, 192.0, 1889.0, 193.0, 1905.0, 2092.0, 191.0, 1347.0) 
Voter 33: ID 2; Choice (1356.0, 2183.0, 192.0, 1889.0, 193.0, 1905.0, 2092.0, 191.0, 1347.0) 
Voter 34: ID 493; Choice (1356.0, 2183.0, 192.0, 1889.0, 193.0, 1905.0, 2092.0, 191.0, 1347.0) 
Voter 35: ID 163; Choice (1356.0, 2183.0, 192.0, 1889.0, 193.0, 1905.0, 2092.0, 191.0, 1347.0) 
Voter 36: ID 452; Choice (1356.0, 2183.0, 192.0, 1889.0, 193.0, 1905.0, 2092.0, 191.0, 1347.0) 
Voter 37: ID 220; Choice (1356.0, 2183.0, 192.0, 1889.0, 193.0, 1905.0, 2092.0, 191.0, 1347.0) 
Voter 38: ID 337; Choice (1356.0, 2183.0, 192.0, 1889.0, 193.0, 1905.0, 2092.0, 191.0, 1347.0) 
Voter 39: ID 507; Choice (1356.0, 2183.0, 192.0, 1889.0, 193.0, 1905.0, 2092.0, 191.0, 1347.0) 
Voter 40: ID 544; Choice (1356.0, 2183.0, 192.0, 1889.0, 193.0, 1905.0, 2092.0, 191.0, 1347.0) 
Voter 41: ID 400; Choice (1356.0, 2183.0, 192.0, 1889.0, 193.0, 1905.0, 2092.0, 191.0, 1347.0) 
Voter 42: ID 37; Choice (1356.0, 2183.0, 192.0, 1889.0, 193.0, 1905.0, 2092.0, 191.0, 1347.0) 
Voter 43: ID 552; Choice (1356.0, 2183.0, 192.0, 1889.0, 193.0, 1905.0, 2092.0, 191.0, 1347.0) 
Voter 44: ID 115; Choice (1356.0, 2183.0, 192.0, 1889.0, 193.0, 1905.0, 2092.0, 191.0, 1347.0) 
Voter 45: ID 631; Choice (1356.0, 2183.0, 192.0, 1889.0, 193.0, 1905.0, 2092.0, 191.0, 1347.0) 
Voter 46: ID 443; Choice (2141.0, 1356.0, 2183.0, 192.0, 1889.0, 193.0, 1347.0, 1905.0) 
Voter 47: ID 168; Choice (1356.0, 2183.0, 192.0, 1889.0, 193.0, 1905.0, 2092.0, 191.0, 1347.0) 
Voter 48: ID 142; Choice (1356.0, 2183.0, 192.0, 1889.0, 193.0, 1905.0, 2092.0, 191.0, 1347.0) 
Voter 49: ID 684; Choice (1356.0, 2183.0, 192.0, 1889.0, 193.0, 1905.0, 2092.0, 191.0, 1347.0) 
Voter 50: ID 506; Choice (1356.0, 2183.0, 192.0, 1889.0, 193.0, 1905.0, 2092.0, 191.0, 1347.0) 
---------------------------------------------------------------------------
After Iteration 6 :
Voter 1: ID 558; Choice (1356.0, 2183.0, 192.0, 1889.0, 193.0, 1905.0, 2092.0, 191.0, 1347.0) 
Voter 2: ID 432; Choice (1356.0, 2183.0, 192.0, 1889.0, 193.0, 1905.0, 2092.0, 191.0, 1347.0) 
Voter 3: ID 114; Choice (1356.0, 2183.0, 192.0, 1889.0, 193.0, 1905.0, 2092.0, 191.0, 1347.0) 
Voter 4: ID 5; Choice (1356.0, 2183.0, 192.0, 1889.0, 193.0, 1905.0, 2092.0, 191.0, 1347.0) 
Voter 5: ID 369; Choice (1356.0, 2183.0, 192.0, 1889.0, 193.0, 1905.0, 2092.0, 191.0, 1347.0) 
Voter 6: ID 151; Choice (1356.0, 2183.0, 192.0, 1889.0, 193.0, 1905.0, 2092.0, 191.0, 1347.0) 
Voter 7: ID 737; Choice (1356.0, 2183.0, 192.0, 1889.0, 193.0, 1905.0, 2092.0, 191.0, 1347.0) 
Voter 8: ID 365; Choice (1356.0, 2183.0, 192.0, 1889.0, 193.0, 1905.0, 2092.0, 191.0, 1347.0) 
Voter 9: ID 688; Choice (1356.0, 2183.0, 192.0, 1889.0, 193.0, 1905.0, 2092.0, 191.0, 1347.0) 
Voter 10: ID 280; Choice (1356.0, 2183.0, 192.0, 1889.0, 193.0, 1905.0, 2092.0, 191.0, 1347.0) 
Voter 11: ID 188; Choice (1356.0, 2183.0, 192.0, 1889.0, 193.0, 1905.0, 2092.0, 191.0, 1347.0) 
Voter 12: ID 734; Choice (1356.0, 2183.0, 192.0, 1889.0, 193.0, 1905.0, 2092.0, 191.0, 1347.0) 
Voter 13: ID 416; Choice (1356.0, 2183.0, 192.0, 1889.0, 193.0, 1905.0, 2092.0, 191.0, 1347.0) 
Voter 14: ID 503; Choice (1356.0, 2183.0, 192.0, 1889.0, 193.0, 1905.0, 2092.0, 191.0, 1347.0) 
Voter 15: ID 673; Choice (1356.0, 2183.0, 192.0, 1889.0, 193.0, 1905.0, 2092.0, 191.0, 1347.0) 
Voter 16: ID 569; Choice (1356.0, 2183.0, 192.0, 1889.0, 193.0, 1905.0, 2092.0, 191.0, 1347.0) 
Voter 17: ID 103; Choice (1356.0, 2183.0, 192.0, 1889.0, 193.0, 1905.0, 2092.0, 191.0, 1347.0) 
Voter 18: ID 656; Choice (1356.0, 2183.0, 192.0, 1889.0, 193.0, 1905.0, 2092.0, 191.0, 1347.0) 
Voter 19: ID 209; Choice (1356.0, 2183.0, 192.0, 1889.0, 193.0, 1905.0, 2092.0, 191.0, 1347.0) 
Voter 20: ID 459; Choice (1356.0, 2183.0, 192.0, 1889.0, 193.0, 1905.0, 2092.0, 191.0, 1347.0) 
Voter 21: ID 69; Choice (1356.0, 2183.0, 192.0, 1889.0, 193.0, 1905.0, 2092.0, 191.0, 1347.0) 
Voter 22: ID 281; Choice (1356.0, 2183.0, 192.0, 1889.0, 193.0, 1905.0, 2092.0, 191.0, 1347.0) 
Voter 23: ID 540; Choice (1356.0, 2183.0, 192.0, 1889.0, 193.0, 1905.0, 2092.0, 191.0, 1347.0) 
Voter 24: ID 72; Choice (1356.0, 2183.0, 192.0, 1889.0, 193.0, 1905.0, 2092.0, 191.0, 1347.0) 
Voter 25: ID 291; Choice (1356.0, 2183.0, 192.0, 1889.0, 193.0, 1905.0, 2092.0, 191.0, 1347.0) 
Voter 26: ID 288; Choice (1356.0, 2183.0, 192.0, 1889.0, 193.0, 1905.0, 2092.0, 191.0, 1347.0) 
Voter 27: ID 625; Choice (1356.0, 2183.0, 192.0, 1889.0, 193.0, 1905.0, 2092.0, 191.0, 1347.0) 
Voter 28: ID 695; Choice (1356.0, 2183.0, 192.0, 1889.0, 193.0, 1905.0, 2092.0, 191.0, 1347.0) 
Voter 29: ID 580; Choice (1356.0, 2183.0, 192.0, 1889.0, 193.0, 1905.0, 2092.0, 191.0, 1347.0) 
Voter 30: ID 382; Choice (1356.0, 2183.0, 192.0, 1889.0, 193.0, 1905.0, 2092.0, 191.0, 1347.0) 
Voter 31: ID 259; Choice (1356.0, 2183.0, 192.0, 1889.0, 193.0, 1905.0, 2092.0, 191.0, 1347.0) 
Voter 32: ID 453; Choice (1356.0, 2183.0, 192.0, 1889.0, 193.0, 1905.0, 2092.0, 191.0, 1347.0) 
Voter 33: ID 2; Choice (1356.0, 2183.0, 192.0, 1889.0, 193.0, 1905.0, 2092.0, 191.0, 1347.0) 
Voter 34: ID 493; Choice (1356.0, 2183.0, 192.0, 1889.0, 193.0, 1905.0, 2092.0, 191.0, 1347.0) 
Voter 35: ID 163; Choice (1356.0, 2183.0, 192.0, 1889.0, 193.0, 1905.0, 2092.0, 191.0, 1347.0) 
Voter 36: ID 452; Choice (1356.0, 2183.0, 192.0, 1889.0, 193.0, 1905.0, 2092.0, 191.0, 1347.0) 
Voter 37: ID 220; Choice (1356.0, 2183.0, 192.0, 1889.0, 193.0, 1905.0, 2092.0, 191.0, 1347.0) 
Voter 38: ID 337; Choice (1356.0, 2183.0, 192.0, 1889.0, 193.0, 1905.0, 2092.0, 191.0, 1347.0) 
Voter 39: ID 507; Choice (1356.0, 2183.0, 192.0, 1889.0, 193.0, 1905.0, 2092.0, 191.0, 1347.0) 
Voter 40: ID 544; Choice (1356.0, 2183.0, 192.0, 1889.0, 193.0, 1905.0, 2092.0, 191.0, 1347.0) 
Voter 41: ID 400; Choice (1356.0, 2183.0, 192.0, 1889.0, 193.0, 1905.0, 2092.0, 191.0, 1347.0) 
Voter 42: ID 37; Choice (1356.0, 2183.0, 192.0, 1889.0, 193.0, 1905.0, 2092.0, 191.0, 1347.0) 
Voter 43: ID 552; Choice (1356.0, 2183.0, 192.0, 1889.0, 193.0, 1905.0, 2092.0, 191.0, 1347.0) 
Voter 44: ID 115; Choice (1356.0, 2183.0, 192.0, 1889.0, 193.0, 1905.0, 2092.0, 191.0, 1347.0) 
Voter 45: ID 631; Choice (1356.0, 2183.0, 192.0, 1889.0, 193.0, 1905.0, 2092.0, 191.0, 1347.0) 
Voter 46: ID 443; Choice (1356.0, 2183.0, 192.0, 1889.0, 193.0, 1905.0, 2092.0, 191.0, 1347.0) 
Voter 47: ID 168; Choice (1356.0, 2183.0, 192.0, 1889.0, 193.0, 1905.0, 2092.0, 191.0, 1347.0) 
Voter 48: ID 142; Choice (1356.0, 2183.0, 192.0, 1889.0, 193.0, 1905.0, 2092.0, 191.0, 1347.0) 
Voter 49: ID 684; Choice (1356.0, 2183.0, 192.0, 1889.0, 193.0, 1905.0, 2092.0, 191.0, 1347.0) 
Voter 50: ID 506; Choice (1356.0, 2183.0, 192.0, 1889.0, 193.0, 1905.0, 2092.0, 191.0, 1347.0) 
---------------------------------------------------------------------------
Concensus reached after 6 iterations.
Max degree: 24 Number of valid combinations: 35 Using random find.
There are 1 opinions after all iterations.
(1356.0, 2183.0, 192.0, 1889.0, 193.0, 1905.0, 2092.0, 191.0, 1347.0) count: 50
