    project id    reward
0       1211.0 -0.444988
1       2141.0 -0.057202
2       1356.0  0.331482
3       2183.0  0.343395
4        433.0 -0.263659
5        192.0  0.232709
6       1889.0  0.302624
7        193.0  0.251523
8       1347.0  0.192139
9       1905.0  0.121838
10      2092.0  0.245409
11      2121.0 -0.136063
12       191.0  0.215283
Valid Combinations are:
(1356.0, 2183.0, 192.0, 1889.0, 193.0, 1905.0, 2092.0, 191.0, 1347.0)
(1356.0, 2183.0, 192.0, 1889.0, 193.0, 1905.0, 2092.0, 191.0)
(1211.0, 2141.0, 1356.0, 2183.0, 192.0, 193.0)
(2141.0, 1356.0, 2183.0, 433.0, 192.0, 1889.0, 193.0, 1347.0, 1905.0, 2092.0, 191.0)
(2141.0, 1356.0, 2183.0, 192.0, 1889.0, 193.0, 1347.0, 1905.0, 2092.0, 2121.0, 191.0)
(1356.0, 2183.0, 433.0, 192.0, 1889.0, 193.0, 1347.0, 1905.0, 2092.0, 2121.0, 191.0)
(1211.0, 1356.0, 2183.0, 192.0, 1889.0, 193.0, 1905.0, 2092.0, 191.0)
(1211.0, 2183.0, 192.0, 1889.0, 193.0, 1347.0, 1905.0, 2092.0, 191.0)
(2141.0, 2183.0, 433.0, 192.0, 1889.0, 193.0, 1347.0, 1905.0, 2121.0)
(2141.0, 2183.0, 433.0, 192.0, 1889.0, 193.0, 1347.0, 2092.0, 2121.0)
(2141.0, 2183.0, 433.0, 192.0, 1889.0, 193.0, 1347.0, 2121.0, 191.0)
(2141.0, 2183.0, 433.0, 192.0, 1889.0, 193.0, 1905.0, 2092.0, 2121.0)
(2141.0, 2183.0, 433.0, 192.0, 1889.0, 193.0, 1905.0, 2121.0, 191.0)
(2141.0, 2183.0, 433.0, 192.0, 1889.0, 193.0, 2092.0, 2121.0, 191.0)
(2141.0, 2183.0, 433.0, 192.0, 1889.0, 1905.0, 2092.0, 2121.0, 191.0)
(2141.0, 2183.0, 433.0, 192.0, 193.0, 1347.0, 1905.0, 2092.0, 2121.0)
(2141.0, 2183.0, 433.0, 192.0, 193.0, 1347.0, 1905.0, 2121.0, 191.0)
(2141.0, 2183.0, 433.0, 192.0, 193.0, 1347.0, 2092.0, 2121.0, 191.0)
(2141.0, 2183.0, 433.0, 192.0, 193.0, 1905.0, 2092.0, 2121.0, 191.0)
(2141.0, 2183.0, 433.0, 1889.0, 193.0, 1905.0, 2092.0, 2121.0, 191.0)
(2141.0, 433.0, 192.0, 1889.0, 193.0, 1905.0, 2092.0, 2121.0, 191.0)
(1211.0, 1356.0, 2183.0, 192.0, 1889.0, 193.0, 1347.0, 1905.0)
(1211.0, 1356.0, 2183.0, 192.0, 1889.0, 193.0, 1347.0, 2092.0)
(1211.0, 1356.0, 2183.0, 192.0, 1889.0, 193.0, 1347.0, 191.0)
(1211.0, 1356.0, 2183.0, 192.0, 193.0, 1347.0, 1905.0, 2092.0)
(1211.0, 1356.0, 2183.0, 192.0, 193.0, 1347.0, 1905.0, 191.0)
(1211.0, 1356.0, 2183.0, 192.0, 193.0, 1347.0, 2092.0, 191.0)
(1211.0, 1356.0, 2183.0, 1889.0, 193.0, 1347.0, 1905.0, 2092.0)
(1211.0, 1356.0, 2183.0, 1889.0, 193.0, 1347.0, 1905.0, 191.0)
(1211.0, 1356.0, 2183.0, 1889.0, 193.0, 1347.0, 2092.0, 191.0)
(1211.0, 1356.0, 2183.0, 193.0, 1347.0, 1905.0, 2092.0, 191.0)
(2141.0, 1356.0, 2183.0, 433.0, 192.0, 1889.0, 193.0, 2121.0)
(2141.0, 1356.0, 2183.0, 433.0, 192.0, 1889.0, 1905.0, 2121.0)
(2141.0, 1356.0, 2183.0, 433.0, 192.0, 1889.0, 2121.0, 191.0)
(2141.0, 1356.0, 2183.0, 433.0, 192.0, 193.0, 1347.0, 2121.0)
(2141.0, 1356.0, 2183.0, 433.0, 192.0, 193.0, 1905.0, 2121.0)
(2141.0, 1356.0, 2183.0, 433.0, 192.0, 193.0, 2092.0, 2121.0)
(2141.0, 1356.0, 2183.0, 433.0, 192.0, 193.0, 2121.0, 191.0)
(2141.0, 1356.0, 2183.0, 433.0, 192.0, 1905.0, 2092.0, 2121.0)
(2141.0, 1356.0, 2183.0, 433.0, 192.0, 1905.0, 2121.0, 191.0)
(2141.0, 1356.0, 2183.0, 433.0, 1889.0, 193.0, 1905.0, 2121.0)
(2141.0, 1356.0, 2183.0, 433.0, 1889.0, 193.0, 2092.0, 2121.0)
(2141.0, 1356.0, 2183.0, 433.0, 1889.0, 193.0, 2121.0, 191.0)
(2141.0, 1356.0, 2183.0, 433.0, 193.0, 1905.0, 2092.0, 2121.0)
(2141.0, 1356.0, 2183.0, 433.0, 193.0, 1905.0, 2121.0, 191.0)
(2141.0, 1356.0, 2183.0, 433.0, 193.0, 2092.0, 2121.0, 191.0)
(2141.0, 1356.0, 433.0, 192.0, 1889.0, 193.0, 1905.0, 2121.0)
(2141.0, 1356.0, 433.0, 192.0, 193.0, 1905.0, 2092.0, 2121.0)
(2141.0, 1356.0, 433.0, 192.0, 193.0, 1905.0, 2121.0, 191.0)
(2141.0, 2183.0, 433.0, 1889.0, 1347.0, 1905.0, 2092.0, 2121.0)
(2141.0, 2183.0, 433.0, 1889.0, 1347.0, 1905.0, 2121.0, 191.0)
(2141.0, 2183.0, 433.0, 1347.0, 1905.0, 2092.0, 2121.0, 191.0)
(2141.0, 433.0, 1889.0, 193.0, 1347.0, 1905.0, 2121.0, 191.0)
(1211.0, 2141.0, 2183.0, 192.0, 1889.0, 193.0, 1905.0)
(1211.0, 2141.0, 2183.0, 192.0, 1889.0, 193.0, 2092.0)
(1211.0, 2141.0, 2183.0, 192.0, 1889.0, 193.0, 191.0)
(1211.0, 2141.0, 2183.0, 192.0, 193.0, 1905.0, 2092.0)
(1211.0, 2141.0, 2183.0, 192.0, 193.0, 1905.0, 191.0)
(1211.0, 2141.0, 2183.0, 192.0, 193.0, 2092.0, 191.0)
(1211.0, 1356.0, 192.0, 1889.0, 1347.0, 1905.0, 2092.0)
(1211.0, 1356.0, 192.0, 1889.0, 1347.0, 1905.0, 191.0)
(1211.0, 1356.0, 192.0, 1347.0, 1905.0, 2092.0, 191.0)
(1211.0, 2183.0, 192.0, 1889.0, 193.0, 1905.0, 2121.0)
(1211.0, 2183.0, 192.0, 1889.0, 193.0, 2092.0, 2121.0)
(1211.0, 2183.0, 192.0, 1889.0, 193.0, 2121.0, 191.0)
(1211.0, 2183.0, 192.0, 193.0, 1905.0, 2092.0, 2121.0)
(1211.0, 2183.0, 192.0, 193.0, 1905.0, 2121.0, 191.0)
(1211.0, 2183.0, 192.0, 193.0, 2092.0, 2121.0, 191.0)
(1211.0, 2183.0, 1889.0, 193.0, 1905.0, 2121.0, 191.0)
(2141.0, 1356.0, 2183.0, 433.0, 1347.0, 1905.0, 2121.0)
(2141.0, 1356.0, 433.0, 192.0, 1889.0, 2092.0, 2121.0)
(2141.0, 1356.0, 433.0, 192.0, 2092.0, 2121.0, 191.0)
(2141.0, 1356.0, 433.0, 193.0, 1347.0, 1905.0, 2121.0)
(2141.0, 433.0, 1889.0, 1347.0, 2092.0, 2121.0, 191.0)
(1211.0, 2141.0, 2183.0, 192.0, 193.0, 1347.0)
(1211.0, 2141.0, 2183.0, 1889.0, 193.0, 1347.0)
(1211.0, 2141.0, 2183.0, 1889.0, 1905.0, 191.0)
(1211.0, 2141.0, 2183.0, 193.0, 1347.0, 1905.0)
(1211.0, 2141.0, 2183.0, 193.0, 1347.0, 2092.0)
(1211.0, 2141.0, 2183.0, 193.0, 1347.0, 191.0)
(1211.0, 2141.0, 1889.0, 193.0, 1905.0, 191.0)
(1211.0, 1356.0, 2183.0, 192.0, 193.0, 2121.0)
(1211.0, 1356.0, 2183.0, 193.0, 1905.0, 2121.0)
(1211.0, 2183.0, 192.0, 193.0, 1347.0, 2121.0)
(1211.0, 2183.0, 192.0, 1347.0, 1905.0, 2121.0)
Initial Choices:
---------------------------------------------------------------------------
Voter 1: ID 55; Choice (1211.0, 2141.0, 2183.0, 1889.0, 193.0, 1347.0) 
Voter 2: ID 95; Choice (2141.0, 2183.0, 433.0, 192.0, 1889.0, 193.0, 1347.0, 2092.0, 2121.0) 
Voter 3: ID 484; Choice (1356.0, 2183.0, 433.0, 192.0, 1889.0, 193.0, 1347.0, 1905.0, 2092.0, 2121.0, 191.0) 
Voter 4: ID 4; Choice (1211.0, 1356.0, 2183.0, 192.0, 193.0, 1347.0, 1905.0, 2092.0) 
Voter 5: ID 320; Choice (1211.0, 2141.0, 2183.0, 192.0, 1889.0, 193.0, 191.0) 
Voter 6: ID 564; Choice (1211.0, 2183.0, 192.0, 193.0, 1905.0, 2092.0, 2121.0) 
Voter 7: ID 68; Choice (2141.0, 1356.0, 433.0, 192.0, 1889.0, 2092.0, 2121.0) 
Voter 8: ID 23; Choice (1211.0, 2141.0, 1889.0, 193.0, 1905.0, 191.0) 
Voter 9: ID 463; Choice (1211.0, 2183.0, 192.0, 193.0, 1905.0, 2092.0, 2121.0) 
Voter 10: ID 174; Choice (2141.0, 2183.0, 433.0, 192.0, 1889.0, 193.0, 1347.0, 1905.0, 2121.0) 
Voter 11: ID 685; Choice (2141.0, 2183.0, 433.0, 1347.0, 1905.0, 2092.0, 2121.0, 191.0) 
Voter 12: ID 379; Choice (1211.0, 2141.0, 2183.0, 193.0, 1347.0, 2092.0) 
Voter 13: ID 515; Choice (1211.0, 2183.0, 192.0, 1889.0, 193.0, 1347.0, 1905.0, 2092.0, 191.0) 
Voter 14: ID 17; Choice (1211.0, 2141.0, 2183.0, 192.0, 193.0, 1905.0, 191.0) 
Voter 15: ID 232; Choice (2141.0, 1356.0, 2183.0, 433.0, 192.0, 1905.0, 2121.0, 191.0) 
Voter 16: ID 118; Choice (1211.0, 2141.0, 2183.0, 193.0, 1347.0, 1905.0) 
Voter 17: ID 193; Choice (1211.0, 1356.0, 2183.0, 193.0, 1347.0, 1905.0, 2092.0, 191.0) 
Voter 18: ID 520; Choice (1211.0, 2183.0, 192.0, 1889.0, 193.0, 2121.0, 191.0) 
Voter 19: ID 681; Choice (1211.0, 2141.0, 2183.0, 1889.0, 1905.0, 191.0) 
Voter 20: ID 675; Choice (2141.0, 1356.0, 2183.0, 433.0, 192.0, 193.0, 1905.0, 2121.0) 
Voter 21: ID 658; Choice (2141.0, 433.0, 1889.0, 1347.0, 2092.0, 2121.0, 191.0) 
Voter 22: ID 505; Choice (2141.0, 1356.0, 2183.0, 433.0, 192.0, 1889.0, 193.0, 1347.0, 1905.0, 2092.0, 191.0) 
Voter 23: ID 417; Choice (1211.0, 1356.0, 2183.0, 1889.0, 193.0, 1347.0, 2092.0, 191.0) 
Voter 24: ID 272; Choice (1211.0, 1356.0, 2183.0, 192.0, 1889.0, 193.0, 1347.0, 1905.0) 
Voter 25: ID 669; Choice (2141.0, 2183.0, 433.0, 192.0, 1889.0, 193.0, 1905.0, 2121.0, 191.0) 
Voter 26: ID 28; Choice (2141.0, 1356.0, 2183.0, 433.0, 192.0, 193.0, 1347.0, 2121.0) 
Voter 27: ID 466; Choice (2141.0, 2183.0, 433.0, 192.0, 193.0, 1347.0, 1905.0, 2092.0, 2121.0) 
Voter 28: ID 44; Choice (1211.0, 2141.0, 2183.0, 192.0, 193.0, 1347.0) 
Voter 29: ID 34; Choice (2141.0, 1356.0, 2183.0, 433.0, 1889.0, 193.0, 2092.0, 2121.0) 
Voter 30: ID 266; Choice (1211.0, 2141.0, 2183.0, 192.0, 1889.0, 193.0, 1905.0) 
Voter 31: ID 472; Choice (1211.0, 1356.0, 2183.0, 1889.0, 193.0, 1347.0, 2092.0, 191.0) 
Voter 32: ID 562; Choice (2141.0, 1356.0, 433.0, 192.0, 193.0, 1905.0, 2092.0, 2121.0) 
Voter 33: ID 424; Choice (2141.0, 1356.0, 2183.0, 433.0, 1889.0, 193.0, 1905.0, 2121.0) 
Voter 34: ID 651; Choice (1211.0, 1356.0, 2183.0, 1889.0, 193.0, 1347.0, 1905.0, 2092.0) 
Voter 35: ID 666; Choice (2141.0, 2183.0, 433.0, 192.0, 193.0, 1905.0, 2092.0, 2121.0, 191.0) 
Voter 36: ID 352; Choice (2141.0, 1356.0, 2183.0, 433.0, 1889.0, 193.0, 2092.0, 2121.0) 
Voter 37: ID 693; Choice (2141.0, 1356.0, 2183.0, 433.0, 1347.0, 1905.0, 2121.0) 
Voter 38: ID 461; Choice (2141.0, 2183.0, 433.0, 1889.0, 193.0, 1905.0, 2092.0, 2121.0, 191.0) 
Voter 39: ID 673; Choice (2141.0, 2183.0, 433.0, 1889.0, 1347.0, 1905.0, 2121.0, 191.0) 
Voter 40: ID 445; Choice (1211.0, 1356.0, 2183.0, 192.0, 193.0, 1347.0, 1905.0, 2092.0) 
Voter 41: ID 173; Choice (2141.0, 2183.0, 433.0, 192.0, 193.0, 1347.0, 1905.0, 2092.0, 2121.0) 
Voter 42: ID 502; Choice (2141.0, 1356.0, 2183.0, 433.0, 192.0, 1905.0, 2121.0, 191.0) 
Voter 43: ID 188; Choice (1211.0, 1356.0, 2183.0, 1889.0, 193.0, 1347.0, 1905.0, 191.0) 
Voter 44: ID 51; Choice (2141.0, 2183.0, 433.0, 1889.0, 1347.0, 1905.0, 2092.0, 2121.0) 
Voter 45: ID 476; Choice (2141.0, 2183.0, 433.0, 192.0, 193.0, 1905.0, 2092.0, 2121.0, 191.0) 
Voter 46: ID 312; Choice (2141.0, 1356.0, 2183.0, 433.0, 192.0, 1905.0, 2121.0, 191.0) 
Voter 47: ID 670; Choice (2141.0, 2183.0, 433.0, 192.0, 1889.0, 193.0, 1347.0, 2121.0, 191.0) 
Voter 48: ID 540; Choice (2141.0, 2183.0, 433.0, 192.0, 1889.0, 193.0, 1905.0, 2092.0, 2121.0) 
Voter 49: ID 496; Choice (1211.0, 1356.0, 2183.0, 193.0, 1347.0, 1905.0, 2092.0, 191.0) 
Voter 50: ID 156; Choice (1356.0, 2183.0, 192.0, 1889.0, 193.0, 1905.0, 2092.0, 191.0, 1347.0) 
---------------------------------------------------------------------------
After Iteration 1 :
Voter 1: ID 55; Choice (2141.0, 2183.0, 433.0, 192.0, 1889.0, 1905.0, 2092.0, 2121.0, 191.0) 
Voter 2: ID 95; Choice (1211.0, 2141.0, 2183.0, 193.0, 1347.0, 1905.0) 
Voter 3: ID 484; Choice (2141.0, 2183.0, 433.0, 192.0, 1889.0, 193.0, 1347.0, 2121.0, 191.0) 
Voter 4: ID 4; Choice (1211.0, 1356.0, 2183.0, 192.0, 1889.0, 193.0, 1347.0, 191.0) 
Voter 5: ID 320; Choice (1211.0, 1356.0, 192.0, 1347.0, 1905.0, 2092.0, 191.0) 
Voter 6: ID 564; Choice (2141.0, 2183.0, 433.0, 1347.0, 1905.0, 2092.0, 2121.0, 191.0) 
Voter 7: ID 68; Choice (2141.0, 1356.0, 2183.0, 433.0, 193.0, 1905.0, 2121.0, 191.0) 
Voter 8: ID 23; Choice (1211.0, 2141.0, 2183.0, 193.0, 1347.0, 1905.0) 
Voter 9: ID 463; Choice (2141.0, 433.0, 1889.0, 1347.0, 2092.0, 2121.0, 191.0) 
Voter 10: ID 174; Choice (1211.0, 2183.0, 1889.0, 193.0, 1905.0, 2121.0, 191.0) 
Voter 11: ID 685; Choice (1211.0, 2141.0, 2183.0, 193.0, 1347.0, 2092.0) 
Voter 12: ID 379; Choice (1211.0, 1356.0, 192.0, 1889.0, 1347.0, 1905.0, 2092.0) 
Voter 13: ID 515; Choice (2141.0, 2183.0, 433.0, 192.0, 1889.0, 193.0, 2092.0, 2121.0, 191.0) 
Voter 14: ID 17; Choice (2141.0, 1356.0, 2183.0, 433.0, 192.0, 193.0, 1347.0, 2121.0) 
Voter 15: ID 232; Choice (1211.0, 2183.0, 192.0, 1889.0, 193.0, 2121.0, 191.0) 
Voter 16: ID 118; Choice (2141.0, 2183.0, 433.0, 192.0, 1889.0, 193.0, 1347.0, 2092.0, 2121.0) 
Voter 17: ID 193; Choice (1211.0, 2141.0, 2183.0, 192.0, 1889.0, 193.0, 191.0) 
Voter 18: ID 520; Choice (2141.0, 1356.0, 433.0, 193.0, 1347.0, 1905.0, 2121.0) 
Voter 19: ID 681; Choice (1211.0, 1356.0, 192.0, 1889.0, 1347.0, 1905.0, 191.0) 
Voter 20: ID 675; Choice (2141.0, 1356.0, 2183.0, 433.0, 193.0, 1905.0, 2092.0, 2121.0) 
Voter 21: ID 658; Choice (2141.0, 1356.0, 2183.0, 433.0, 192.0, 1889.0, 193.0, 2121.0) 
Voter 22: ID 505; Choice (2141.0, 1356.0, 433.0, 193.0, 1347.0, 1905.0, 2121.0) 
Voter 23: ID 417; Choice (1211.0, 1356.0, 2183.0, 193.0, 1347.0, 1905.0, 2092.0, 191.0) 
Voter 24: ID 272; Choice (2141.0, 1356.0, 2183.0, 433.0, 192.0, 1905.0, 2092.0, 2121.0) 
Voter 25: ID 669; Choice (2141.0, 1356.0, 433.0, 192.0, 2092.0, 2121.0, 191.0) 
Voter 26: ID 28; Choice (1211.0, 2183.0, 192.0, 193.0, 1905.0, 2121.0, 191.0) 
Voter 27: ID 466; Choice (1211.0, 1356.0, 192.0, 1889.0, 1347.0, 1905.0, 191.0) 
Voter 28: ID 44; Choice (1211.0, 2141.0, 2183.0, 192.0, 1889.0, 193.0, 191.0) 
Voter 29: ID 34; Choice (2141.0, 1356.0, 2183.0, 433.0, 192.0, 193.0, 1347.0, 2121.0) 
Voter 30: ID 266; Choice (1211.0, 2141.0, 2183.0, 192.0, 193.0, 1905.0, 2092.0) 
Voter 31: ID 472; Choice (2141.0, 1356.0, 2183.0, 433.0, 193.0, 2092.0, 2121.0, 191.0) 
Voter 32: ID 562; Choice (2141.0, 1356.0, 2183.0, 433.0, 192.0, 193.0, 1905.0, 2121.0) 
Voter 33: ID 424; Choice (2141.0, 1356.0, 433.0, 193.0, 1347.0, 1905.0, 2121.0) 
Voter 34: ID 651; Choice (1211.0, 2183.0, 192.0, 1889.0, 193.0, 2121.0, 191.0) 
Voter 35: ID 666; Choice (2141.0, 1356.0, 2183.0, 433.0, 192.0, 193.0, 1347.0, 2121.0) 
Voter 36: ID 352; Choice (1211.0, 1356.0, 2183.0, 192.0, 1889.0, 193.0, 1347.0, 1905.0) 
Voter 37: ID 693; Choice (1211.0, 2141.0, 2183.0, 192.0, 193.0, 2092.0, 191.0) 
Voter 38: ID 461; Choice (1211.0, 1356.0, 2183.0, 193.0, 1905.0, 2121.0) 
Voter 39: ID 673; Choice (1211.0, 1356.0, 2183.0, 192.0, 1889.0, 193.0, 1905.0, 2092.0, 191.0) 
Voter 40: ID 445; Choice (2141.0, 1356.0, 2183.0, 433.0, 192.0, 1905.0, 2092.0, 2121.0) 
Voter 41: ID 173; Choice (2141.0, 2183.0, 433.0, 192.0, 1889.0, 193.0, 1905.0, 2121.0, 191.0) 
Voter 42: ID 502; Choice (2141.0, 1356.0, 433.0, 192.0, 2092.0, 2121.0, 191.0) 
Voter 43: ID 188; Choice (1211.0, 2183.0, 192.0, 1889.0, 193.0, 1905.0, 2121.0) 
Voter 44: ID 51; Choice (2141.0, 1356.0, 2183.0, 433.0, 192.0, 193.0, 1347.0, 2121.0) 
Voter 45: ID 476; Choice (2141.0, 1356.0, 2183.0, 433.0, 193.0, 1905.0, 2121.0, 191.0) 
Voter 46: ID 312; Choice (2141.0, 2183.0, 433.0, 192.0, 193.0, 1347.0, 1905.0, 2121.0, 191.0) 
Voter 47: ID 670; Choice (1211.0, 1356.0, 192.0, 1889.0, 1347.0, 1905.0, 191.0) 
Voter 48: ID 540; Choice (1211.0, 2183.0, 192.0, 193.0, 1905.0, 2121.0, 191.0) 
Voter 49: ID 496; Choice (1211.0, 2183.0, 192.0, 1889.0, 193.0, 2092.0, 2121.0) 
Voter 50: ID 156; Choice (2141.0, 2183.0, 433.0, 1889.0, 1347.0, 1905.0, 2121.0, 191.0) 
---------------------------------------------------------------------------
---------------------------------------------------------------------------
{(1356.0, 2183.0, 192.0, 1889.0, 193.0, 1905.0, 2092.0, 191.0, 1347.0): 0, (1356.0, 2183.0, 192.0, 1889.0, 193.0, 1905.0, 2092.0, 191.0): 0, (1211.0, 2141.0, 1356.0, 2183.0, 192.0, 193.0): 0, (2141.0, 1356.0, 2183.0, 433.0, 192.0, 1889.0, 193.0, 1347.0, 1905.0, 2092.0, 191.0): 0, (2141.0, 1356.0, 2183.0, 192.0, 1889.0, 193.0, 1347.0, 1905.0, 2092.0, 2121.0, 191.0): 0, (1356.0, 2183.0, 433.0, 192.0, 1889.0, 193.0, 1347.0, 1905.0, 2092.0, 2121.0, 191.0): 0, (1211.0, 1356.0, 2183.0, 192.0, 1889.0, 193.0, 1905.0, 2092.0, 191.0): 0, (1211.0, 2183.0, 192.0, 1889.0, 193.0, 1347.0, 1905.0, 2092.0, 191.0): 0, (2141.0, 2183.0, 433.0, 192.0, 1889.0, 193.0, 1347.0, 1905.0, 2121.0): 0, (2141.0, 2183.0, 433.0, 192.0, 1889.0, 193.0, 1347.0, 2092.0, 2121.0): 0.11108759174225871, (2141.0, 2183.0, 433.0, 192.0, 1889.0, 193.0, 1347.0, 2121.0, 191.0): 0, (2141.0, 2183.0, 433.0, 192.0, 1889.0, 193.0, 1905.0, 2092.0, 2121.0): 0, (2141.0, 2183.0, 433.0, 192.0, 1889.0, 193.0, 1905.0, 2121.0, 191.0): 0.10104485881678643, (2141.0, 2183.0, 433.0, 192.0, 1889.0, 193.0, 2092.0, 2121.0, 191.0): 0, (2141.0, 2183.0, 433.0, 192.0, 1889.0, 1905.0, 2092.0, 2121.0, 191.0): 0, (2141.0, 2183.0, 433.0, 192.0, 193.0, 1347.0, 1905.0, 2092.0, 2121.0): 0.09300907529585045, (2141.0, 2183.0, 433.0, 192.0, 193.0, 1347.0, 1905.0, 2121.0, 191.0): 0, (2141.0, 2183.0, 433.0, 192.0, 193.0, 1347.0, 2092.0, 2121.0, 191.0): 0, (2141.0, 2183.0, 433.0, 192.0, 193.0, 1905.0, 2092.0, 2121.0, 191.0): 0.09532339969077819, (2141.0, 2183.0, 433.0, 1889.0, 193.0, 1905.0, 2092.0, 2121.0, 191.0): 0, (2141.0, 433.0, 192.0, 1889.0, 193.0, 1905.0, 2092.0, 2121.0, 191.0): 0, (1211.0, 1356.0, 2183.0, 192.0, 1889.0, 193.0, 1347.0, 1905.0): 0, (1211.0, 1356.0, 2183.0, 192.0, 1889.0, 193.0, 1347.0, 2092.0): 0, (1211.0, 1356.0, 2183.0, 192.0, 1889.0, 193.0, 1347.0, 191.0): 0, (1211.0, 1356.0, 2183.0, 192.0, 193.0, 1347.0, 1905.0, 2092.0): 0, (1211.0, 1356.0, 2183.0, 192.0, 193.0, 1347.0, 1905.0, 191.0): 0, (1211.0, 1356.0, 2183.0, 192.0, 193.0, 1347.0, 2092.0, 191.0): 0, (1211.0, 1356.0, 2183.0, 1889.0, 193.0, 1347.0, 1905.0, 2092.0): 0, (1211.0, 1356.0, 2183.0, 1889.0, 193.0, 1347.0, 1905.0, 191.0): 0.13132968122938857, (1211.0, 1356.0, 2183.0, 1889.0, 193.0, 1347.0, 2092.0, 191.0): 0, (1211.0, 1356.0, 2183.0, 193.0, 1347.0, 1905.0, 2092.0, 191.0): 0, (2141.0, 1356.0, 2183.0, 433.0, 192.0, 1889.0, 193.0, 2121.0): 0, (2141.0, 1356.0, 2183.0, 433.0, 192.0, 1889.0, 1905.0, 2121.0): 0, (2141.0, 1356.0, 2183.0, 433.0, 192.0, 1889.0, 2121.0, 191.0): 0, (2141.0, 1356.0, 2183.0, 433.0, 192.0, 193.0, 1347.0, 2121.0): 0.08943255086826694, (2141.0, 1356.0, 2183.0, 433.0, 192.0, 193.0, 1905.0, 2121.0): 0.08240245881678641, (2141.0, 1356.0, 2183.0, 433.0, 192.0, 193.0, 2092.0, 2121.0): 0, (2141.0, 1356.0, 2183.0, 433.0, 192.0, 193.0, 2121.0, 191.0): 0, (2141.0, 1356.0, 2183.0, 433.0, 192.0, 1905.0, 2092.0, 2121.0): 0, (2141.0, 1356.0, 2183.0, 433.0, 192.0, 1905.0, 2121.0, 191.0): 0.07877841616984221, (2141.0, 1356.0, 2183.0, 433.0, 1889.0, 193.0, 1905.0, 2121.0): 0, (2141.0, 1356.0, 2183.0, 433.0, 1889.0, 193.0, 2092.0, 2121.0): 0.10175097529585045, (2141.0, 1356.0, 2183.0, 433.0, 1889.0, 193.0, 2121.0, 191.0): 0, (2141.0, 1356.0, 2183.0, 433.0, 193.0, 1905.0, 2092.0, 2121.0): 0, (2141.0, 1356.0, 2183.0, 433.0, 193.0, 1905.0, 2121.0, 191.0): 0, (2141.0, 1356.0, 2183.0, 433.0, 193.0, 2092.0, 2121.0, 191.0): 0, (2141.0, 1356.0, 433.0, 192.0, 1889.0, 193.0, 1905.0, 2121.0): 0, (2141.0, 1356.0, 433.0, 192.0, 193.0, 1905.0, 2092.0, 2121.0): 0, (2141.0, 1356.0, 433.0, 192.0, 193.0, 1905.0, 2121.0, 191.0): 0, (2141.0, 2183.0, 433.0, 1889.0, 1347.0, 1905.0, 2092.0, 2121.0): 0.07484822553787936, (2141.0, 2183.0, 433.0, 1889.0, 1347.0, 1905.0, 2121.0, 191.0): 0, (2141.0, 2183.0, 433.0, 1347.0, 1905.0, 2092.0, 2121.0, 191.0): 0.06611412553787936, (2141.0, 433.0, 1889.0, 193.0, 1347.0, 1905.0, 2121.0, 191.0): 0, (1211.0, 2141.0, 2183.0, 192.0, 1889.0, 193.0, 1905.0): 0.07498991273534321, (1211.0, 2141.0, 2183.0, 192.0, 1889.0, 193.0, 2092.0): 0, (1211.0, 2141.0, 2183.0, 192.0, 1889.0, 193.0, 191.0): 0, (1211.0, 2141.0, 2183.0, 192.0, 193.0, 1905.0, 2092.0): 0, (1211.0, 2141.0, 2183.0, 192.0, 193.0, 1905.0, 191.0): 0, (1211.0, 2141.0, 2183.0, 192.0, 193.0, 2092.0, 191.0): 0, (1211.0, 1356.0, 192.0, 1889.0, 1347.0, 1905.0, 2092.0): 0, (1211.0, 1356.0, 192.0, 1889.0, 1347.0, 1905.0, 191.0): 0, (1211.0, 1356.0, 192.0, 1347.0, 1905.0, 2092.0, 191.0): 0, (1211.0, 2183.0, 192.0, 1889.0, 193.0, 1905.0, 2121.0): 0, (1211.0, 2183.0, 192.0, 1889.0, 193.0, 2092.0, 2121.0): 0, (1211.0, 2183.0, 192.0, 1889.0, 193.0, 2121.0, 191.0): 0, (1211.0, 2183.0, 192.0, 193.0, 1905.0, 2092.0, 2121.0): 0.06138241866888135, (1211.0, 2183.0, 192.0, 193.0, 1905.0, 2121.0, 191.0): 0, (1211.0, 2183.0, 192.0, 193.0, 2092.0, 2121.0, 191.0): 0, (1211.0, 2183.0, 1889.0, 193.0, 1905.0, 2121.0, 191.0): 0, (2141.0, 1356.0, 2183.0, 433.0, 1347.0, 1905.0, 2121.0): 0.05319318466388759, (2141.0, 1356.0, 433.0, 192.0, 1889.0, 2092.0, 2121.0): 0.06553005589900099, (2141.0, 1356.0, 433.0, 192.0, 2092.0, 2121.0, 191.0): 0, (2141.0, 1356.0, 433.0, 193.0, 1347.0, 1905.0, 2121.0): 0, (2141.0, 433.0, 1889.0, 1347.0, 2092.0, 2121.0, 191.0): 0.04985312439304636, (1211.0, 2141.0, 2183.0, 192.0, 193.0, 1347.0): 0.051757638517132845, (1211.0, 2141.0, 2183.0, 1889.0, 193.0, 1347.0): 0.058749097675796835, (1211.0, 2141.0, 2183.0, 1889.0, 1905.0, 191.0): 0.04809496297737212, (1211.0, 2141.0, 2183.0, 193.0, 1347.0, 1905.0): 0.040670581229388575, (1211.0, 2141.0, 2183.0, 193.0, 1347.0, 2092.0): 0.05302763854978862, (1211.0, 2141.0, 2183.0, 193.0, 1347.0, 191.0): 0, (1211.0, 2141.0, 1889.0, 193.0, 1905.0, 191.0): 0.03890775430276593, (1211.0, 1356.0, 2183.0, 192.0, 193.0, 2121.0): 0, (1211.0, 1356.0, 2183.0, 193.0, 1905.0, 2121.0): 0, (1211.0, 2183.0, 192.0, 193.0, 1347.0, 2121.0): 0, (1211.0, 2183.0, 192.0, 1347.0, 1905.0, 2121.0): 0}
After Iteration 2 :
Voter 1: ID 55; Choice (1211.0, 2141.0, 1356.0, 2183.0, 192.0, 193.0) 
Voter 2: ID 95; Choice (2141.0, 1356.0, 2183.0, 433.0, 1889.0, 193.0, 1905.0, 2121.0) 
Voter 3: ID 484; Choice (1211.0, 1356.0, 2183.0, 192.0, 193.0, 2121.0) 
Voter 4: ID 4; Choice (1211.0, 1356.0, 2183.0, 192.0, 1889.0, 193.0, 1905.0, 2092.0, 191.0) 
Voter 5: ID 320; Choice (1211.0, 1356.0, 2183.0, 192.0, 193.0, 2121.0) 
Voter 6: ID 564; Choice (1356.0, 2183.0, 192.0, 1889.0, 193.0, 1905.0, 2092.0, 191.0) 
Voter 7: ID 68; Choice (2141.0, 2183.0, 433.0, 1889.0, 1347.0, 1905.0, 2092.0, 2121.0) 
Voter 8: ID 23; Choice (2141.0, 1356.0, 2183.0, 433.0, 192.0, 1889.0, 1905.0, 2121.0) 
Voter 9: ID 463; Choice (2141.0, 1356.0, 433.0, 192.0, 2092.0, 2121.0, 191.0) 
Voter 10: ID 174; Choice (2141.0, 1356.0, 2183.0, 433.0, 192.0, 193.0, 2092.0, 2121.0) 
Voter 11: ID 685; Choice (1211.0, 1356.0, 2183.0, 192.0, 1889.0, 193.0, 1347.0, 191.0) 
Voter 12: ID 379; Choice (1211.0, 1356.0, 2183.0, 192.0, 1889.0, 193.0, 1347.0, 2092.0) 
Voter 13: ID 515; Choice (2141.0, 1356.0, 2183.0, 433.0, 192.0, 1905.0, 2092.0, 2121.0) 
Voter 14: ID 17; Choice (1211.0, 2183.0, 192.0, 193.0, 1905.0, 2121.0, 191.0) 
Voter 15: ID 232; Choice (1211.0, 2183.0, 192.0, 1889.0, 193.0, 2092.0, 2121.0) 
Voter 16: ID 118; Choice (2141.0, 433.0, 1889.0, 193.0, 1347.0, 1905.0, 2121.0, 191.0) 
Voter 17: ID 193; Choice (1211.0, 2141.0, 2183.0, 192.0, 1889.0, 193.0, 2092.0) 
Voter 18: ID 520; Choice (1211.0, 1356.0, 2183.0, 192.0, 1889.0, 193.0, 1347.0, 1905.0) 
Voter 19: ID 681; Choice (2141.0, 1356.0, 2183.0, 433.0, 192.0, 193.0, 2121.0, 191.0) 
Voter 20: ID 675; Choice (2141.0, 1356.0, 2183.0, 433.0, 1889.0, 193.0, 1905.0, 2121.0) 
Voter 21: ID 658; Choice (1211.0, 2141.0, 2183.0, 193.0, 1347.0, 1905.0) 
Voter 22: ID 505; Choice (2141.0, 2183.0, 433.0, 192.0, 1889.0, 193.0, 1347.0, 1905.0, 2121.0) 
Voter 23: ID 417; Choice (2141.0, 1356.0, 2183.0, 433.0, 192.0, 1889.0, 193.0, 1347.0, 1905.0, 2092.0, 191.0) 
Voter 24: ID 272; Choice (1211.0, 2141.0, 2183.0, 1889.0, 193.0, 1347.0) 
Voter 25: ID 669; Choice (1211.0, 1356.0, 192.0, 1889.0, 1347.0, 1905.0, 191.0) 
Voter 26: ID 28; Choice (2141.0, 1356.0, 2183.0, 192.0, 1889.0, 193.0, 1347.0, 1905.0, 2092.0, 2121.0, 191.0) 
Voter 27: ID 466; Choice (1211.0, 1356.0, 2183.0, 193.0, 1905.0, 2121.0) 
Voter 28: ID 44; Choice (1356.0, 2183.0, 192.0, 1889.0, 193.0, 1905.0, 2092.0, 191.0) 
Voter 29: ID 34; Choice (2141.0, 1356.0, 2183.0, 433.0, 192.0, 193.0, 2121.0, 191.0) 
Voter 30: ID 266; Choice (1211.0, 2183.0, 192.0, 193.0, 1905.0, 2121.0, 191.0) 
Voter 31: ID 472; Choice (1211.0, 1356.0, 2183.0, 192.0, 1889.0, 193.0, 1347.0, 2092.0) 
Voter 32: ID 562; Choice (1211.0, 1356.0, 192.0, 1889.0, 1347.0, 1905.0, 191.0) 
Voter 33: ID 424; Choice (2141.0, 2183.0, 433.0, 192.0, 1889.0, 1905.0, 2092.0, 2121.0, 191.0) 
Voter 34: ID 651; Choice (2141.0, 1356.0, 2183.0, 433.0, 192.0, 193.0, 1347.0, 2121.0) 
Voter 35: ID 666; Choice (2141.0, 2183.0, 433.0, 192.0, 193.0, 1347.0, 2092.0, 2121.0, 191.0) 
Voter 36: ID 352; Choice (1211.0, 2183.0, 192.0, 193.0, 1347.0, 2121.0) 
Voter 37: ID 693; Choice (1211.0, 1356.0, 2183.0, 192.0, 1889.0, 193.0, 1905.0, 2092.0, 191.0) 
Voter 38: ID 461; Choice (2141.0, 1356.0, 2183.0, 433.0, 192.0, 1889.0, 1905.0, 2121.0) 
Voter 39: ID 673; Choice (1211.0, 1356.0, 2183.0, 192.0, 1889.0, 193.0, 1905.0, 2092.0, 191.0) 
Voter 40: ID 445; Choice (2141.0, 1356.0, 2183.0, 433.0, 192.0, 193.0, 1347.0, 2121.0) 
Voter 41: ID 173; Choice (1211.0, 2183.0, 192.0, 1347.0, 1905.0, 2121.0) 
Voter 42: ID 502; Choice (1211.0, 1356.0, 2183.0, 192.0, 193.0, 1347.0, 1905.0, 191.0) 
Voter 43: ID 188; Choice (1211.0, 2183.0, 192.0, 1889.0, 193.0, 1905.0, 2121.0) 
Voter 44: ID 51; Choice (1356.0, 2183.0, 433.0, 192.0, 1889.0, 193.0, 1347.0, 1905.0, 2092.0, 2121.0, 191.0) 
Voter 45: ID 476; Choice (2141.0, 1356.0, 2183.0, 433.0, 192.0, 1905.0, 2092.0, 2121.0) 
Voter 46: ID 312; Choice (2141.0, 1356.0, 2183.0, 433.0, 192.0, 193.0, 2092.0, 2121.0) 
Voter 47: ID 670; Choice (2141.0, 1356.0, 2183.0, 433.0, 192.0, 1889.0, 193.0, 1347.0, 1905.0, 2092.0, 191.0) 
Voter 48: ID 540; Choice (2141.0, 1356.0, 2183.0, 433.0, 192.0, 193.0, 1905.0, 2121.0) 
Voter 49: ID 496; Choice (1211.0, 2141.0, 1889.0, 193.0, 1905.0, 191.0) 
Voter 50: ID 156; Choice (2141.0, 2183.0, 433.0, 192.0, 1889.0, 1905.0, 2092.0, 2121.0, 191.0) 
---------------------------------------------------------------------------
After Iteration 3 :
Voter 1: ID 55; Choice (1211.0, 2141.0, 1889.0, 193.0, 1905.0, 191.0) 
Voter 2: ID 95; Choice (1211.0, 1356.0, 192.0, 1889.0, 1347.0, 1905.0, 2092.0) 
Voter 3: ID 484; Choice (1211.0, 1356.0, 2183.0, 1889.0, 193.0, 1347.0, 1905.0, 2092.0) 
Voter 4: ID 4; Choice (2141.0, 2183.0, 433.0, 192.0, 1889.0, 193.0, 1905.0, 2092.0, 2121.0) 
Voter 5: ID 320; Choice (1211.0, 2183.0, 192.0, 193.0, 1347.0, 2121.0) 
Voter 6: ID 564; Choice (1211.0, 2183.0, 1889.0, 193.0, 1905.0, 2121.0, 191.0) 
Voter 7: ID 68; Choice (1211.0, 2141.0, 2183.0, 1889.0, 1905.0, 191.0) 
Voter 8: ID 23; Choice (2141.0, 1356.0, 2183.0, 433.0, 192.0, 193.0, 2092.0, 2121.0) 
Voter 9: ID 463; Choice (1211.0, 1356.0, 2183.0, 192.0, 1889.0, 193.0, 1347.0, 191.0) 
Voter 10: ID 174; Choice (1211.0, 1356.0, 192.0, 1347.0, 1905.0, 2092.0, 191.0) 
Voter 11: ID 685; Choice (2141.0, 2183.0, 433.0, 1889.0, 1347.0, 1905.0, 2092.0, 2121.0) 
Voter 12: ID 379; Choice (2141.0, 1356.0, 2183.0, 192.0, 1889.0, 193.0, 1347.0, 1905.0, 2092.0, 2121.0, 191.0) 
Voter 13: ID 515; Choice (1211.0, 2141.0, 2183.0, 192.0, 1889.0, 193.0, 2092.0) 
Voter 14: ID 17; Choice (2141.0, 433.0, 1889.0, 1347.0, 2092.0, 2121.0, 191.0) 
Voter 15: ID 232; Choice (1211.0, 2141.0, 2183.0, 192.0, 193.0, 1347.0) 
Voter 16: ID 118; Choice (1211.0, 1356.0, 192.0, 1347.0, 1905.0, 2092.0, 191.0) 
Voter 17: ID 193; Choice (1211.0, 2183.0, 192.0, 1889.0, 193.0, 1347.0, 1905.0, 2092.0, 191.0) 
Voter 18: ID 520; Choice (1211.0, 2141.0, 2183.0, 192.0, 1889.0, 193.0, 191.0) 
Voter 19: ID 681; Choice (1211.0, 2141.0, 1356.0, 2183.0, 192.0, 193.0) 
Voter 20: ID 675; Choice (2141.0, 1356.0, 433.0, 193.0, 1347.0, 1905.0, 2121.0) 
Voter 21: ID 658; Choice (1211.0, 2141.0, 1356.0, 2183.0, 192.0, 193.0) 
Voter 22: ID 505; Choice (2141.0, 1356.0, 433.0, 193.0, 1347.0, 1905.0, 2121.0) 
Voter 23: ID 417; Choice (2141.0, 1356.0, 2183.0, 433.0, 192.0, 1889.0, 193.0, 1347.0, 1905.0, 2092.0, 191.0) 
Voter 24: ID 272; Choice (1211.0, 1356.0, 2183.0, 192.0, 193.0, 2121.0) 
Voter 25: ID 669; Choice (1211.0, 2141.0, 2183.0, 192.0, 193.0, 1347.0) 
Voter 26: ID 28; Choice (1211.0, 2141.0, 2183.0, 192.0, 1889.0, 193.0, 191.0) 
Voter 27: ID 466; Choice (2141.0, 2183.0, 433.0, 1889.0, 1347.0, 1905.0, 2092.0, 2121.0) 
Voter 28: ID 44; Choice (2141.0, 2183.0, 433.0, 192.0, 1889.0, 193.0, 1347.0, 2092.0, 2121.0) 
Voter 29: ID 34; Choice (1211.0, 2183.0, 192.0, 1889.0, 193.0, 1905.0, 2121.0) 
Voter 30: ID 266; Choice (2141.0, 2183.0, 433.0, 192.0, 1889.0, 193.0, 2092.0, 2121.0, 191.0) 
Voter 31: ID 472; Choice (2141.0, 1356.0, 2183.0, 433.0, 1889.0, 193.0, 2121.0, 191.0) 
Voter 32: ID 562; Choice (1211.0, 2183.0, 192.0, 1889.0, 193.0, 1905.0, 2121.0) 
Voter 33: ID 424; Choice (2141.0, 1356.0, 2183.0, 433.0, 1347.0, 1905.0, 2121.0) 
Voter 34: ID 651; Choice (1211.0, 2141.0, 2183.0, 192.0, 193.0, 1347.0) 
Voter 35: ID 666; Choice (2141.0, 1356.0, 2183.0, 433.0, 192.0, 193.0, 1905.0, 2121.0) 
Voter 36: ID 352; Choice (2141.0, 1356.0, 433.0, 193.0, 1347.0, 1905.0, 2121.0) 
Voter 37: ID 693; Choice (1211.0, 1356.0, 2183.0, 193.0, 1905.0, 2121.0) 
Voter 38: ID 461; Choice (1211.0, 1356.0, 192.0, 1889.0, 1347.0, 1905.0, 191.0) 
Voter 39: ID 673; Choice (2141.0, 1356.0, 433.0, 192.0, 193.0, 1905.0, 2092.0, 2121.0) 
Voter 40: ID 445; Choice (1211.0, 2141.0, 2183.0, 192.0, 193.0, 2092.0, 191.0) 
Voter 41: ID 173; Choice (2141.0, 433.0, 192.0, 1889.0, 193.0, 1905.0, 2092.0, 2121.0, 191.0) 
Voter 42: ID 502; Choice (2141.0, 1356.0, 2183.0, 433.0, 1889.0, 193.0, 2121.0, 191.0) 
Voter 43: ID 188; Choice (1211.0, 1356.0, 192.0, 1889.0, 1347.0, 1905.0, 2092.0) 
Voter 44: ID 51; Choice (1211.0, 2183.0, 192.0, 1347.0, 1905.0, 2121.0) 
Voter 45: ID 476; Choice (1211.0, 2141.0, 2183.0, 193.0, 1347.0, 2092.0) 
Voter 46: ID 312; Choice (2141.0, 2183.0, 433.0, 192.0, 1889.0, 193.0, 1347.0, 2092.0, 2121.0) 
Voter 47: ID 670; Choice (1356.0, 2183.0, 433.0, 192.0, 1889.0, 193.0, 1347.0, 1905.0, 2092.0, 2121.0, 191.0) 
Voter 48: ID 540; Choice (2141.0, 1356.0, 2183.0, 433.0, 1889.0, 193.0, 2121.0, 191.0) 
Voter 49: ID 496; Choice (1211.0, 1356.0, 2183.0, 1889.0, 193.0, 1347.0, 1905.0, 2092.0) 
Voter 50: ID 156; Choice (2141.0, 1356.0, 433.0, 192.0, 193.0, 1905.0, 2121.0, 191.0) 
---------------------------------------------------------------------------
After Iteration 4 :
Voter 1: ID 55; Choice (1356.0, 2183.0, 192.0, 1889.0, 193.0, 1905.0, 2092.0, 191.0, 1347.0) 
Voter 2: ID 95; Choice (2141.0, 1356.0, 2183.0, 433.0, 192.0, 1889.0, 193.0, 1347.0, 1905.0, 2092.0, 191.0) 
Voter 3: ID 484; Choice (1356.0, 2183.0, 192.0, 1889.0, 193.0, 1905.0, 2092.0, 191.0, 1347.0) 
Voter 4: ID 4; Choice (1356.0, 2183.0, 192.0, 1889.0, 193.0, 1905.0, 2092.0, 191.0, 1347.0) 
Voter 5: ID 320; Choice (1356.0, 2183.0, 192.0, 1889.0, 193.0, 1905.0, 2092.0, 191.0, 1347.0) 
Voter 6: ID 564; Choice (1356.0, 2183.0, 192.0, 1889.0, 193.0, 1905.0, 2092.0, 191.0, 1347.0) 
Voter 7: ID 68; Choice (1356.0, 2183.0, 192.0, 1889.0, 193.0, 1905.0, 2092.0, 191.0, 1347.0) 
Voter 8: ID 23; Choice (1356.0, 2183.0, 192.0, 1889.0, 193.0, 1905.0, 2092.0, 191.0, 1347.0) 
Voter 9: ID 463; Choice (1356.0, 2183.0, 192.0, 1889.0, 193.0, 1905.0, 2092.0, 191.0, 1347.0) 
Voter 10: ID 174; Choice (1356.0, 2183.0, 192.0, 1889.0, 193.0, 1905.0, 2092.0, 191.0, 1347.0) 
Voter 11: ID 685; Choice (1356.0, 2183.0, 192.0, 1889.0, 193.0, 1905.0, 2092.0, 191.0, 1347.0) 
Voter 12: ID 379; Choice (1356.0, 2183.0, 192.0, 1889.0, 193.0, 1905.0, 2092.0, 191.0, 1347.0) 
Voter 13: ID 515; Choice (1356.0, 2183.0, 192.0, 1889.0, 193.0, 1905.0, 2092.0, 191.0, 1347.0) 
Voter 14: ID 17; Choice (1356.0, 2183.0, 192.0, 1889.0, 193.0, 1905.0, 2092.0, 191.0, 1347.0) 
Voter 15: ID 232; Choice (1356.0, 2183.0, 192.0, 1889.0, 193.0, 1905.0, 2092.0, 191.0, 1347.0) 
Voter 16: ID 118; Choice (1356.0, 2183.0, 192.0, 1889.0, 193.0, 1905.0, 2092.0, 191.0, 1347.0) 
Voter 17: ID 193; Choice (1356.0, 2183.0, 192.0, 1889.0, 193.0, 1905.0, 2092.0, 191.0, 1347.0) 
Voter 18: ID 520; Choice (1356.0, 2183.0, 192.0, 1889.0, 193.0, 1905.0, 2092.0, 191.0, 1347.0) 
Voter 19: ID 681; Choice (1356.0, 2183.0, 192.0, 1889.0, 193.0, 1905.0, 2092.0, 191.0, 1347.0) 
Voter 20: ID 675; Choice (1356.0, 2183.0, 192.0, 1889.0, 193.0, 1905.0, 2092.0, 191.0, 1347.0) 
Voter 21: ID 658; Choice (1356.0, 2183.0, 192.0, 1889.0, 193.0, 1905.0, 2092.0, 191.0, 1347.0) 
Voter 22: ID 505; Choice (1356.0, 2183.0, 192.0, 1889.0, 193.0, 1905.0, 2092.0, 191.0, 1347.0) 
Voter 23: ID 417; Choice (2141.0, 1356.0, 2183.0, 433.0, 192.0, 1889.0, 193.0, 1347.0, 1905.0, 2092.0, 191.0) 
Voter 24: ID 272; Choice (1356.0, 2183.0, 192.0, 1889.0, 193.0, 1905.0, 2092.0, 191.0, 1347.0) 
Voter 25: ID 669; Choice (1356.0, 2183.0, 192.0, 1889.0, 193.0, 1905.0, 2092.0, 191.0, 1347.0) 
Voter 26: ID 28; Choice (1356.0, 2183.0, 192.0, 1889.0, 193.0, 1905.0, 2092.0, 191.0, 1347.0) 
Voter 27: ID 466; Choice (2141.0, 1356.0, 2183.0, 433.0, 192.0, 1889.0, 193.0, 1347.0, 1905.0, 2092.0, 191.0) 
Voter 28: ID 44; Choice (1356.0, 2183.0, 192.0, 1889.0, 193.0, 1905.0, 2092.0, 191.0) 
Voter 29: ID 34; Choice (1356.0, 2183.0, 192.0, 1889.0, 193.0, 1905.0, 2092.0, 191.0, 1347.0) 
Voter 30: ID 266; Choice (1356.0, 2183.0, 192.0, 1889.0, 193.0, 1905.0, 2092.0, 191.0, 1347.0) 
Voter 31: ID 472; Choice (1356.0, 2183.0, 192.0, 1889.0, 193.0, 1905.0, 2092.0, 191.0, 1347.0) 
Voter 32: ID 562; Choice (1356.0, 2183.0, 192.0, 1889.0, 193.0, 1905.0, 2092.0, 191.0, 1347.0) 
Voter 33: ID 424; Choice (1356.0, 2183.0, 192.0, 1889.0, 193.0, 1905.0, 2092.0, 191.0, 1347.0) 
Voter 34: ID 651; Choice (1356.0, 2183.0, 192.0, 1889.0, 193.0, 1905.0, 2092.0, 191.0, 1347.0) 
Voter 35: ID 666; Choice (1356.0, 2183.0, 192.0, 1889.0, 193.0, 1905.0, 2092.0, 191.0, 1347.0) 
Voter 36: ID 352; Choice (1356.0, 2183.0, 192.0, 1889.0, 193.0, 1905.0, 2092.0, 191.0, 1347.0) 
Voter 37: ID 693; Choice (1356.0, 2183.0, 192.0, 1889.0, 193.0, 1905.0, 2092.0, 191.0, 1347.0) 
Voter 38: ID 461; Choice (1356.0, 2183.0, 192.0, 1889.0, 193.0, 1905.0, 2092.0, 191.0, 1347.0) 
Voter 39: ID 673; Choice (1211.0, 1356.0, 2183.0, 192.0, 1889.0, 193.0, 1905.0, 2092.0, 191.0) 
Voter 40: ID 445; Choice (1356.0, 2183.0, 192.0, 1889.0, 193.0, 1905.0, 2092.0, 191.0, 1347.0) 
Voter 41: ID 173; Choice (1356.0, 2183.0, 192.0, 1889.0, 193.0, 1905.0, 2092.0, 191.0, 1347.0) 
Voter 42: ID 502; Choice (1356.0, 2183.0, 192.0, 1889.0, 193.0, 1905.0, 2092.0, 191.0, 1347.0) 
Voter 43: ID 188; Choice (1356.0, 2183.0, 192.0, 1889.0, 193.0, 1905.0, 2092.0, 191.0, 1347.0) 
Voter 44: ID 51; Choice (1356.0, 2183.0, 433.0, 192.0, 1889.0, 193.0, 1347.0, 1905.0, 2092.0, 2121.0, 191.0) 
Voter 45: ID 476; Choice (1356.0, 2183.0, 192.0, 1889.0, 193.0, 1905.0, 2092.0, 191.0, 1347.0) 
Voter 46: ID 312; Choice (1356.0, 2183.0, 192.0, 1889.0, 193.0, 1905.0, 2092.0, 191.0, 1347.0) 
Voter 47: ID 670; Choice (1356.0, 2183.0, 192.0, 1889.0, 193.0, 1905.0, 2092.0, 191.0, 1347.0) 
Voter 48: ID 540; Choice (1356.0, 2183.0, 192.0, 1889.0, 193.0, 1905.0, 2092.0, 191.0, 1347.0) 
Voter 49: ID 496; Choice (1356.0, 2183.0, 192.0, 1889.0, 193.0, 1905.0, 2092.0, 191.0, 1347.0) 
Voter 50: ID 156; Choice (1356.0, 2183.0, 192.0, 1889.0, 193.0, 1905.0, 2092.0, 191.0, 1347.0) 
---------------------------------------------------------------------------
After Iteration 5 :
Voter 1: ID 55; Choice (1356.0, 2183.0, 192.0, 1889.0, 193.0, 1905.0, 2092.0, 191.0, 1347.0) 
Voter 2: ID 95; Choice (1356.0, 2183.0, 192.0, 1889.0, 193.0, 1905.0, 2092.0, 191.0, 1347.0) 
Voter 3: ID 484; Choice (1211.0, 1356.0, 2183.0, 1889.0, 193.0, 1347.0, 1905.0, 2092.0) 
Voter 4: ID 4; Choice (1356.0, 2183.0, 192.0, 1889.0, 193.0, 1905.0, 2092.0, 191.0, 1347.0) 
Voter 5: ID 320; Choice (1356.0, 2183.0, 192.0, 1889.0, 193.0, 1905.0, 2092.0, 191.0, 1347.0) 
Voter 6: ID 564; Choice (1356.0, 2183.0, 192.0, 1889.0, 193.0, 1905.0, 2092.0, 191.0, 1347.0) 
Voter 7: ID 68; Choice (1356.0, 2183.0, 192.0, 1889.0, 193.0, 1905.0, 2092.0, 191.0, 1347.0) 
Voter 8: ID 23; Choice (1356.0, 2183.0, 192.0, 1889.0, 193.0, 1905.0, 2092.0, 191.0, 1347.0) 
Voter 9: ID 463; Choice (1356.0, 2183.0, 192.0, 1889.0, 193.0, 1905.0, 2092.0, 191.0, 1347.0) 
Voter 10: ID 174; Choice (1356.0, 2183.0, 192.0, 1889.0, 193.0, 1905.0, 2092.0, 191.0, 1347.0) 
Voter 11: ID 685; Choice (1356.0, 2183.0, 192.0, 1889.0, 193.0, 1905.0, 2092.0, 191.0, 1347.0) 
Voter 12: ID 379; Choice (1356.0, 2183.0, 192.0, 1889.0, 193.0, 1905.0, 2092.0, 191.0, 1347.0) 
Voter 13: ID 515; Choice (1356.0, 2183.0, 192.0, 1889.0, 193.0, 1905.0, 2092.0, 191.0, 1347.0) 
Voter 14: ID 17; Choice (1356.0, 2183.0, 192.0, 1889.0, 193.0, 1905.0, 2092.0, 191.0, 1347.0) 
Voter 15: ID 232; Choice (1356.0, 2183.0, 192.0, 1889.0, 193.0, 1905.0, 2092.0, 191.0, 1347.0) 
Voter 16: ID 118; Choice (1356.0, 2183.0, 192.0, 1889.0, 193.0, 1905.0, 2092.0, 191.0, 1347.0) 
Voter 17: ID 193; Choice (1356.0, 2183.0, 192.0, 1889.0, 193.0, 1905.0, 2092.0, 191.0, 1347.0) 
Voter 18: ID 520; Choice (1356.0, 2183.0, 192.0, 1889.0, 193.0, 1905.0, 2092.0, 191.0, 1347.0) 
Voter 19: ID 681; Choice (1356.0, 2183.0, 192.0, 1889.0, 193.0, 1905.0, 2092.0, 191.0, 1347.0) 
Voter 20: ID 675; Choice (1356.0, 2183.0, 192.0, 1889.0, 193.0, 1905.0, 2092.0, 191.0, 1347.0) 
Voter 21: ID 658; Choice (1356.0, 2183.0, 192.0, 1889.0, 193.0, 1905.0, 2092.0, 191.0, 1347.0) 
Voter 22: ID 505; Choice (1356.0, 2183.0, 192.0, 1889.0, 193.0, 1905.0, 2092.0, 191.0, 1347.0) 
Voter 23: ID 417; Choice (2141.0, 1356.0, 2183.0, 433.0, 192.0, 1889.0, 193.0, 1347.0, 1905.0, 2092.0, 191.0) 
Voter 24: ID 272; Choice (1356.0, 2183.0, 192.0, 1889.0, 193.0, 1905.0, 2092.0, 191.0, 1347.0) 
Voter 25: ID 669; Choice (1356.0, 2183.0, 192.0, 1889.0, 193.0, 1905.0, 2092.0, 191.0, 1347.0) 
Voter 26: ID 28; Choice (1356.0, 2183.0, 192.0, 1889.0, 193.0, 1905.0, 2092.0, 191.0, 1347.0) 
Voter 27: ID 466; Choice (2141.0, 1356.0, 2183.0, 433.0, 192.0, 1889.0, 193.0, 1347.0, 1905.0, 2092.0, 191.0) 
Voter 28: ID 44; Choice (1356.0, 2183.0, 192.0, 1889.0, 193.0, 1905.0, 2092.0, 191.0, 1347.0) 
Voter 29: ID 34; Choice (1356.0, 2183.0, 192.0, 1889.0, 193.0, 1905.0, 2092.0, 191.0, 1347.0) 
Voter 30: ID 266; Choice (1356.0, 2183.0, 192.0, 1889.0, 193.0, 1905.0, 2092.0, 191.0, 1347.0) 
Voter 31: ID 472; Choice (1356.0, 2183.0, 192.0, 1889.0, 193.0, 1905.0, 2092.0, 191.0, 1347.0) 
Voter 32: ID 562; Choice (1356.0, 2183.0, 192.0, 1889.0, 193.0, 1905.0, 2092.0, 191.0, 1347.0) 
Voter 33: ID 424; Choice (1356.0, 2183.0, 192.0, 1889.0, 193.0, 1905.0, 2092.0, 191.0, 1347.0) 
Voter 34: ID 651; Choice (1356.0, 2183.0, 192.0, 1889.0, 193.0, 1905.0, 2092.0, 191.0, 1347.0) 
Voter 35: ID 666; Choice (1356.0, 2183.0, 192.0, 1889.0, 193.0, 1905.0, 2092.0, 191.0, 1347.0) 
Voter 36: ID 352; Choice (1356.0, 2183.0, 192.0, 1889.0, 193.0, 1905.0, 2092.0, 191.0, 1347.0) 
Voter 37: ID 693; Choice (1356.0, 2183.0, 192.0, 1889.0, 193.0, 1905.0, 2092.0, 191.0, 1347.0) 
Voter 38: ID 461; Choice (1356.0, 2183.0, 192.0, 1889.0, 193.0, 1905.0, 2092.0, 191.0, 1347.0) 
Voter 39: ID 673; Choice (1211.0, 1356.0, 2183.0, 192.0, 1889.0, 193.0, 1905.0, 2092.0, 191.0) 
Voter 40: ID 445; Choice (1356.0, 2183.0, 192.0, 1889.0, 193.0, 1905.0, 2092.0, 191.0, 1347.0) 
Voter 41: ID 173; Choice (1356.0, 2183.0, 192.0, 1889.0, 193.0, 1905.0, 2092.0, 191.0, 1347.0) 
Voter 42: ID 502; Choice (1356.0, 2183.0, 192.0, 1889.0, 193.0, 1905.0, 2092.0, 191.0, 1347.0) 
Voter 43: ID 188; Choice (1356.0, 2183.0, 192.0, 1889.0, 193.0, 1905.0, 2092.0, 191.0, 1347.0) 
Voter 44: ID 51; Choice (1356.0, 2183.0, 433.0, 192.0, 1889.0, 193.0, 1347.0, 1905.0, 2092.0, 2121.0, 191.0) 
Voter 45: ID 476; Choice (1356.0, 2183.0, 192.0, 1889.0, 193.0, 1905.0, 2092.0, 191.0, 1347.0) 
Voter 46: ID 312; Choice (1356.0, 2183.0, 192.0, 1889.0, 193.0, 1905.0, 2092.0, 191.0, 1347.0) 
Voter 47: ID 670; Choice (1356.0, 2183.0, 433.0, 192.0, 1889.0, 193.0, 1347.0, 1905.0, 2092.0, 2121.0, 191.0) 
Voter 48: ID 540; Choice (1356.0, 2183.0, 192.0, 1889.0, 193.0, 1905.0, 2092.0, 191.0, 1347.0) 
Voter 49: ID 496; Choice (1211.0, 1356.0, 2183.0, 1889.0, 193.0, 1347.0, 1905.0, 2092.0) 
Voter 50: ID 156; Choice (1356.0, 2183.0, 192.0, 1889.0, 193.0, 1905.0, 2092.0, 191.0, 1347.0) 
---------------------------------------------------------------------------
After Iteration 6 :
Voter 1: ID 55; Choice (1356.0, 2183.0, 192.0, 1889.0, 193.0, 1905.0, 2092.0, 191.0, 1347.0) 
Voter 2: ID 95; Choice (1356.0, 2183.0, 192.0, 1889.0, 193.0, 1905.0, 2092.0, 191.0, 1347.0) 
Voter 3: ID 484; Choice (1356.0, 2183.0, 192.0, 1889.0, 193.0, 1905.0, 2092.0, 191.0, 1347.0) 
Voter 4: ID 4; Choice (1356.0, 2183.0, 192.0, 1889.0, 193.0, 1905.0, 2092.0, 191.0, 1347.0) 
Voter 5: ID 320; Choice (1356.0, 2183.0, 192.0, 1889.0, 193.0, 1905.0, 2092.0, 191.0, 1347.0) 
Voter 6: ID 564; Choice (1356.0, 2183.0, 192.0, 1889.0, 193.0, 1905.0, 2092.0, 191.0, 1347.0) 
Voter 7: ID 68; Choice (1356.0, 2183.0, 192.0, 1889.0, 193.0, 1905.0, 2092.0, 191.0, 1347.0) 
Voter 8: ID 23; Choice (1356.0, 2183.0, 192.0, 1889.0, 193.0, 1905.0, 2092.0, 191.0, 1347.0) 
Voter 9: ID 463; Choice (1356.0, 2183.0, 192.0, 1889.0, 193.0, 1905.0, 2092.0, 191.0, 1347.0) 
Voter 10: ID 174; Choice (1356.0, 2183.0, 192.0, 1889.0, 193.0, 1905.0, 2092.0, 191.0, 1347.0) 
Voter 11: ID 685; Choice (1356.0, 2183.0, 192.0, 1889.0, 193.0, 1905.0, 2092.0, 191.0, 1347.0) 
Voter 12: ID 379; Choice (1356.0, 2183.0, 192.0, 1889.0, 193.0, 1905.0, 2092.0, 191.0, 1347.0) 
Voter 13: ID 515; Choice (1356.0, 2183.0, 192.0, 1889.0, 193.0, 1905.0, 2092.0, 191.0, 1347.0) 
Voter 14: ID 17; Choice (1356.0, 2183.0, 192.0, 1889.0, 193.0, 1905.0, 2092.0, 191.0, 1347.0) 
Voter 15: ID 232; Choice (1356.0, 2183.0, 192.0, 1889.0, 193.0, 1905.0, 2092.0, 191.0, 1347.0) 
Voter 16: ID 118; Choice (1356.0, 2183.0, 192.0, 1889.0, 193.0, 1905.0, 2092.0, 191.0, 1347.0) 
Voter 17: ID 193; Choice (1356.0, 2183.0, 192.0, 1889.0, 193.0, 1905.0, 2092.0, 191.0, 1347.0) 
Voter 18: ID 520; Choice (1356.0, 2183.0, 192.0, 1889.0, 193.0, 1905.0, 2092.0, 191.0, 1347.0) 
Voter 19: ID 681; Choice (1356.0, 2183.0, 192.0, 1889.0, 193.0, 1905.0, 2092.0, 191.0, 1347.0) 
Voter 20: ID 675; Choice (1356.0, 2183.0, 192.0, 1889.0, 193.0, 1905.0, 2092.0, 191.0, 1347.0) 
Voter 21: ID 658; Choice (1356.0, 2183.0, 192.0, 1889.0, 193.0, 1905.0, 2092.0, 191.0, 1347.0) 
Voter 22: ID 505; Choice (1356.0, 2183.0, 192.0, 1889.0, 193.0, 1905.0, 2092.0, 191.0, 1347.0) 
Voter 23: ID 417; Choice (1356.0, 2183.0, 192.0, 1889.0, 193.0, 1905.0, 2092.0, 191.0, 1347.0) 
Voter 24: ID 272; Choice (1356.0, 2183.0, 192.0, 1889.0, 193.0, 1905.0, 2092.0, 191.0, 1347.0) 
Voter 25: ID 669; Choice (1356.0, 2183.0, 192.0, 1889.0, 193.0, 1905.0, 2092.0, 191.0, 1347.0) 
Voter 26: ID 28; Choice (1356.0, 2183.0, 192.0, 1889.0, 193.0, 1905.0, 2092.0, 191.0, 1347.0) 
Voter 27: ID 466; Choice (2141.0, 1356.0, 2183.0, 433.0, 192.0, 1889.0, 193.0, 1347.0, 1905.0, 2092.0, 191.0) 
Voter 28: ID 44; Choice (1356.0, 2183.0, 192.0, 1889.0, 193.0, 1905.0, 2092.0, 191.0, 1347.0) 
Voter 29: ID 34; Choice (1356.0, 2183.0, 192.0, 1889.0, 193.0, 1905.0, 2092.0, 191.0, 1347.0) 
Voter 30: ID 266; Choice (1356.0, 2183.0, 192.0, 1889.0, 193.0, 1905.0, 2092.0, 191.0, 1347.0) 
Voter 31: ID 472; Choice (1356.0, 2183.0, 192.0, 1889.0, 193.0, 1905.0, 2092.0, 191.0, 1347.0) 
Voter 32: ID 562; Choice (1356.0, 2183.0, 192.0, 1889.0, 193.0, 1905.0, 2092.0, 191.0, 1347.0) 
Voter 33: ID 424; Choice (1356.0, 2183.0, 192.0, 1889.0, 193.0, 1905.0, 2092.0, 191.0, 1347.0) 
Voter 34: ID 651; Choice (1356.0, 2183.0, 192.0, 1889.0, 193.0, 1905.0, 2092.0, 191.0, 1347.0) 
Voter 35: ID 666; Choice (1356.0, 2183.0, 192.0, 1889.0, 193.0, 1905.0, 2092.0, 191.0, 1347.0) 
Voter 36: ID 352; Choice (1356.0, 2183.0, 192.0, 1889.0, 193.0, 1905.0, 2092.0, 191.0, 1347.0) 
Voter 37: ID 693; Choice (1356.0, 2183.0, 192.0, 1889.0, 193.0, 1905.0, 2092.0, 191.0, 1347.0) 
Voter 38: ID 461; Choice (1356.0, 2183.0, 192.0, 1889.0, 193.0, 1905.0, 2092.0, 191.0, 1347.0) 
Voter 39: ID 673; Choice (1211.0, 1356.0, 2183.0, 192.0, 1889.0, 193.0, 1905.0, 2092.0, 191.0) 
Voter 40: ID 445; Choice (1356.0, 2183.0, 192.0, 1889.0, 193.0, 1905.0, 2092.0, 191.0, 1347.0) 
Voter 41: ID 173; Choice (1356.0, 2183.0, 192.0, 1889.0, 193.0, 1905.0, 2092.0, 191.0, 1347.0) 
Voter 42: ID 502; Choice (1356.0, 2183.0, 192.0, 1889.0, 193.0, 1905.0, 2092.0, 191.0, 1347.0) 
Voter 43: ID 188; Choice (1356.0, 2183.0, 192.0, 1889.0, 193.0, 1905.0, 2092.0, 191.0, 1347.0) 
Voter 44: ID 51; Choice (1356.0, 2183.0, 433.0, 192.0, 1889.0, 193.0, 1347.0, 1905.0, 2092.0, 2121.0, 191.0) 
Voter 45: ID 476; Choice (1356.0, 2183.0, 192.0, 1889.0, 193.0, 1905.0, 2092.0, 191.0, 1347.0) 
Voter 46: ID 312; Choice (1356.0, 2183.0, 192.0, 1889.0, 193.0, 1905.0, 2092.0, 191.0, 1347.0) 
Voter 47: ID 670; Choice (1356.0, 2183.0, 192.0, 1889.0, 193.0, 1905.0, 2092.0, 191.0, 1347.0) 
Voter 48: ID 540; Choice (1356.0, 2183.0, 192.0, 1889.0, 193.0, 1905.0, 2092.0, 191.0, 1347.0) 
Voter 49: ID 496; Choice (1356.0, 2183.0, 192.0, 1889.0, 193.0, 1905.0, 2092.0, 191.0, 1347.0) 
Voter 50: ID 156; Choice (1356.0, 2183.0, 192.0, 1889.0, 193.0, 1905.0, 2092.0, 191.0, 1347.0) 
---------------------------------------------------------------------------
After Iteration 7 :
Voter 1: ID 55; Choice (1356.0, 2183.0, 192.0, 1889.0, 193.0, 1905.0, 2092.0, 191.0, 1347.0) 
Voter 2: ID 95; Choice (1356.0, 2183.0, 192.0, 1889.0, 193.0, 1905.0, 2092.0, 191.0, 1347.0) 
Voter 3: ID 484; Choice (1356.0, 2183.0, 192.0, 1889.0, 193.0, 1905.0, 2092.0, 191.0, 1347.0) 
Voter 4: ID 4; Choice (1356.0, 2183.0, 192.0, 1889.0, 193.0, 1905.0, 2092.0, 191.0, 1347.0) 
Voter 5: ID 320; Choice (1356.0, 2183.0, 192.0, 1889.0, 193.0, 1905.0, 2092.0, 191.0, 1347.0) 
Voter 6: ID 564; Choice (1356.0, 2183.0, 192.0, 1889.0, 193.0, 1905.0, 2092.0, 191.0, 1347.0) 
Voter 7: ID 68; Choice (1356.0, 2183.0, 192.0, 1889.0, 193.0, 1905.0, 2092.0, 191.0, 1347.0) 
Voter 8: ID 23; Choice (1356.0, 2183.0, 192.0, 1889.0, 193.0, 1905.0, 2092.0, 191.0, 1347.0) 
Voter 9: ID 463; Choice (1356.0, 2183.0, 192.0, 1889.0, 193.0, 1905.0, 2092.0, 191.0, 1347.0) 
Voter 10: ID 174; Choice (1356.0, 2183.0, 192.0, 1889.0, 193.0, 1905.0, 2092.0, 191.0, 1347.0) 
Voter 11: ID 685; Choice (1356.0, 2183.0, 192.0, 1889.0, 193.0, 1905.0, 2092.0, 191.0, 1347.0) 
Voter 12: ID 379; Choice (1356.0, 2183.0, 192.0, 1889.0, 193.0, 1905.0, 2092.0, 191.0, 1347.0) 
Voter 13: ID 515; Choice (1356.0, 2183.0, 192.0, 1889.0, 193.0, 1905.0, 2092.0, 191.0, 1347.0) 
Voter 14: ID 17; Choice (1356.0, 2183.0, 192.0, 1889.0, 193.0, 1905.0, 2092.0, 191.0, 1347.0) 
Voter 15: ID 232; Choice (1356.0, 2183.0, 192.0, 1889.0, 193.0, 1905.0, 2092.0, 191.0, 1347.0) 
Voter 16: ID 118; Choice (1356.0, 2183.0, 192.0, 1889.0, 193.0, 1905.0, 2092.0, 191.0, 1347.0) 
Voter 17: ID 193; Choice (1356.0, 2183.0, 192.0, 1889.0, 193.0, 1905.0, 2092.0, 191.0, 1347.0) 
Voter 18: ID 520; Choice (1356.0, 2183.0, 192.0, 1889.0, 193.0, 1905.0, 2092.0, 191.0, 1347.0) 
Voter 19: ID 681; Choice (1356.0, 2183.0, 192.0, 1889.0, 193.0, 1905.0, 2092.0, 191.0, 1347.0) 
Voter 20: ID 675; Choice (1356.0, 2183.0, 192.0, 1889.0, 193.0, 1905.0, 2092.0, 191.0, 1347.0) 
Voter 21: ID 658; Choice (1356.0, 2183.0, 192.0, 1889.0, 193.0, 1905.0, 2092.0, 191.0, 1347.0) 
Voter 22: ID 505; Choice (1356.0, 2183.0, 192.0, 1889.0, 193.0, 1905.0, 2092.0, 191.0, 1347.0) 
Voter 23: ID 417; Choice (1356.0, 2183.0, 192.0, 1889.0, 193.0, 1905.0, 2092.0, 191.0, 1347.0) 
Voter 24: ID 272; Choice (1356.0, 2183.0, 192.0, 1889.0, 193.0, 1905.0, 2092.0, 191.0, 1347.0) 
Voter 25: ID 669; Choice (1356.0, 2183.0, 192.0, 1889.0, 193.0, 1905.0, 2092.0, 191.0, 1347.0) 
Voter 26: ID 28; Choice (1356.0, 2183.0, 192.0, 1889.0, 193.0, 1905.0, 2092.0, 191.0, 1347.0) 
Voter 27: ID 466; Choice (1356.0, 2183.0, 192.0, 1889.0, 193.0, 1905.0, 2092.0, 191.0, 1347.0) 
Voter 28: ID 44; Choice (1356.0, 2183.0, 192.0, 1889.0, 193.0, 1905.0, 2092.0, 191.0, 1347.0) 
Voter 29: ID 34; Choice (1356.0, 2183.0, 192.0, 1889.0, 193.0, 1905.0, 2092.0, 191.0, 1347.0) 
Voter 30: ID 266; Choice (1356.0, 2183.0, 192.0, 1889.0, 193.0, 1905.0, 2092.0, 191.0, 1347.0) 
Voter 31: ID 472; Choice (1356.0, 2183.0, 192.0, 1889.0, 193.0, 1905.0, 2092.0, 191.0, 1347.0) 
Voter 32: ID 562; Choice (1356.0, 2183.0, 192.0, 1889.0, 193.0, 1905.0, 2092.0, 191.0, 1347.0) 
Voter 33: ID 424; Choice (1356.0, 2183.0, 192.0, 1889.0, 193.0, 1905.0, 2092.0, 191.0, 1347.0) 
Voter 34: ID 651; Choice (1356.0, 2183.0, 192.0, 1889.0, 193.0, 1905.0, 2092.0, 191.0, 1347.0) 
Voter 35: ID 666; Choice (1356.0, 2183.0, 192.0, 1889.0, 193.0, 1905.0, 2092.0, 191.0, 1347.0) 
Voter 36: ID 352; Choice (1356.0, 2183.0, 192.0, 1889.0, 193.0, 1905.0, 2092.0, 191.0, 1347.0) 
Voter 37: ID 693; Choice (1356.0, 2183.0, 192.0, 1889.0, 193.0, 1905.0, 2092.0, 191.0, 1347.0) 
Voter 38: ID 461; Choice (1356.0, 2183.0, 192.0, 1889.0, 193.0, 1905.0, 2092.0, 191.0, 1347.0) 
Voter 39: ID 673; Choice (1211.0, 2183.0, 192.0, 193.0, 1905.0, 2121.0, 191.0) 
Voter 40: ID 445; Choice (1356.0, 2183.0, 192.0, 1889.0, 193.0, 1905.0, 2092.0, 191.0, 1347.0) 
Voter 41: ID 173; Choice (1356.0, 2183.0, 192.0, 1889.0, 193.0, 1905.0, 2092.0, 191.0, 1347.0) 
Voter 42: ID 502; Choice (1356.0, 2183.0, 192.0, 1889.0, 193.0, 1905.0, 2092.0, 191.0, 1347.0) 
Voter 43: ID 188; Choice (1356.0, 2183.0, 192.0, 1889.0, 193.0, 1905.0, 2092.0, 191.0, 1347.0) 
Voter 44: ID 51; Choice (1356.0, 2183.0, 192.0, 1889.0, 193.0, 1905.0, 2092.0, 191.0, 1347.0) 
Voter 45: ID 476; Choice (1356.0, 2183.0, 192.0, 1889.0, 193.0, 1905.0, 2092.0, 191.0, 1347.0) 
Voter 46: ID 312; Choice (1356.0, 2183.0, 192.0, 1889.0, 193.0, 1905.0, 2092.0, 191.0, 1347.0) 
Voter 47: ID 670; Choice (1356.0, 2183.0, 192.0, 1889.0, 193.0, 1905.0, 2092.0, 191.0, 1347.0) 
Voter 48: ID 540; Choice (1356.0, 2183.0, 192.0, 1889.0, 193.0, 1905.0, 2092.0, 191.0, 1347.0) 
Voter 49: ID 496; Choice (1356.0, 2183.0, 192.0, 1889.0, 193.0, 1905.0, 2092.0, 191.0, 1347.0) 
Voter 50: ID 156; Choice (1356.0, 2183.0, 192.0, 1889.0, 193.0, 1905.0, 2092.0, 191.0, 1347.0) 
---------------------------------------------------------------------------
After Iteration 8 :
Voter 1: ID 55; Choice (1356.0, 2183.0, 192.0, 1889.0, 193.0, 1905.0, 2092.0, 191.0, 1347.0) 
Voter 2: ID 95; Choice (1356.0, 2183.0, 192.0, 1889.0, 193.0, 1905.0, 2092.0, 191.0, 1347.0) 
Voter 3: ID 484; Choice (1356.0, 2183.0, 192.0, 1889.0, 193.0, 1905.0, 2092.0, 191.0, 1347.0) 
Voter 4: ID 4; Choice (1356.0, 2183.0, 192.0, 1889.0, 193.0, 1905.0, 2092.0, 191.0, 1347.0) 
Voter 5: ID 320; Choice (1356.0, 2183.0, 192.0, 1889.0, 193.0, 1905.0, 2092.0, 191.0, 1347.0) 
Voter 6: ID 564; Choice (1356.0, 2183.0, 192.0, 1889.0, 193.0, 1905.0, 2092.0, 191.0, 1347.0) 
Voter 7: ID 68; Choice (1356.0, 2183.0, 192.0, 1889.0, 193.0, 1905.0, 2092.0, 191.0, 1347.0) 
Voter 8: ID 23; Choice (1356.0, 2183.0, 192.0, 1889.0, 193.0, 1905.0, 2092.0, 191.0, 1347.0) 
Voter 9: ID 463; Choice (1356.0, 2183.0, 192.0, 1889.0, 193.0, 1905.0, 2092.0, 191.0, 1347.0) 
Voter 10: ID 174; Choice (1356.0, 2183.0, 192.0, 1889.0, 193.0, 1905.0, 2092.0, 191.0, 1347.0) 
Voter 11: ID 685; Choice (1356.0, 2183.0, 192.0, 1889.0, 193.0, 1905.0, 2092.0, 191.0, 1347.0) 
Voter 12: ID 379; Choice (1356.0, 2183.0, 192.0, 1889.0, 193.0, 1905.0, 2092.0, 191.0, 1347.0) 
Voter 13: ID 515; Choice (1356.0, 2183.0, 192.0, 1889.0, 193.0, 1905.0, 2092.0, 191.0, 1347.0) 
Voter 14: ID 17; Choice (1356.0, 2183.0, 192.0, 1889.0, 193.0, 1905.0, 2092.0, 191.0, 1347.0) 
Voter 15: ID 232; Choice (1356.0, 2183.0, 192.0, 1889.0, 193.0, 1905.0, 2092.0, 191.0, 1347.0) 
Voter 16: ID 118; Choice (1356.0, 2183.0, 192.0, 1889.0, 193.0, 1905.0, 2092.0, 191.0, 1347.0) 
Voter 17: ID 193; Choice (1356.0, 2183.0, 192.0, 1889.0, 193.0, 1905.0, 2092.0, 191.0, 1347.0) 
Voter 18: ID 520; Choice (1356.0, 2183.0, 192.0, 1889.0, 193.0, 1905.0, 2092.0, 191.0, 1347.0) 
Voter 19: ID 681; Choice (1356.0, 2183.0, 192.0, 1889.0, 193.0, 1905.0, 2092.0, 191.0, 1347.0) 
Voter 20: ID 675; Choice (1356.0, 2183.0, 192.0, 1889.0, 193.0, 1905.0, 2092.0, 191.0, 1347.0) 
Voter 21: ID 658; Choice (1356.0, 2183.0, 192.0, 1889.0, 193.0, 1905.0, 2092.0, 191.0, 1347.0) 
Voter 22: ID 505; Choice (1356.0, 2183.0, 192.0, 1889.0, 193.0, 1905.0, 2092.0, 191.0, 1347.0) 
Voter 23: ID 417; Choice (1356.0, 2183.0, 192.0, 1889.0, 193.0, 1905.0, 2092.0, 191.0, 1347.0) 
Voter 24: ID 272; Choice (1356.0, 2183.0, 192.0, 1889.0, 193.0, 1905.0, 2092.0, 191.0, 1347.0) 
Voter 25: ID 669; Choice (1356.0, 2183.0, 192.0, 1889.0, 193.0, 1905.0, 2092.0, 191.0, 1347.0) 
Voter 26: ID 28; Choice (1356.0, 2183.0, 192.0, 1889.0, 193.0, 1905.0, 2092.0, 191.0, 1347.0) 
Voter 27: ID 466; Choice (1356.0, 2183.0, 192.0, 1889.0, 193.0, 1905.0, 2092.0, 191.0, 1347.0) 
Voter 28: ID 44; Choice (1356.0, 2183.0, 192.0, 1889.0, 193.0, 1905.0, 2092.0, 191.0, 1347.0) 
Voter 29: ID 34; Choice (1356.0, 2183.0, 192.0, 1889.0, 193.0, 1905.0, 2092.0, 191.0, 1347.0) 
Voter 30: ID 266; Choice (1356.0, 2183.0, 192.0, 1889.0, 193.0, 1905.0, 2092.0, 191.0, 1347.0) 
Voter 31: ID 472; Choice (1356.0, 2183.0, 192.0, 1889.0, 193.0, 1905.0, 2092.0, 191.0, 1347.0) 
Voter 32: ID 562; Choice (1356.0, 2183.0, 192.0, 1889.0, 193.0, 1905.0, 2092.0, 191.0, 1347.0) 
Voter 33: ID 424; Choice (1356.0, 2183.0, 192.0, 1889.0, 193.0, 1905.0, 2092.0, 191.0, 1347.0) 
Voter 34: ID 651; Choice (1356.0, 2183.0, 192.0, 1889.0, 193.0, 1905.0, 2092.0, 191.0, 1347.0) 
Voter 35: ID 666; Choice (1356.0, 2183.0, 192.0, 1889.0, 193.0, 1905.0, 2092.0, 191.0, 1347.0) 
Voter 36: ID 352; Choice (1356.0, 2183.0, 192.0, 1889.0, 193.0, 1905.0, 2092.0, 191.0, 1347.0) 
Voter 37: ID 693; Choice (1356.0, 2183.0, 192.0, 1889.0, 193.0, 1905.0, 2092.0, 191.0, 1347.0) 
Voter 38: ID 461; Choice (1356.0, 2183.0, 192.0, 1889.0, 193.0, 1905.0, 2092.0, 191.0, 1347.0) 
Voter 39: ID 673; Choice (1211.0, 1356.0, 2183.0, 192.0, 1889.0, 193.0, 1905.0, 2092.0, 191.0) 
Voter 40: ID 445; Choice (1356.0, 2183.0, 192.0, 1889.0, 193.0, 1905.0, 2092.0, 191.0, 1347.0) 
Voter 41: ID 173; Choice (1356.0, 2183.0, 192.0, 1889.0, 193.0, 1905.0, 2092.0, 191.0, 1347.0) 
Voter 42: ID 502; Choice (1356.0, 2183.0, 192.0, 1889.0, 193.0, 1905.0, 2092.0, 191.0, 1347.0) 
Voter 43: ID 188; Choice (1356.0, 2183.0, 192.0, 1889.0, 193.0, 1905.0, 2092.0, 191.0, 1347.0) 
Voter 44: ID 51; Choice (1356.0, 2183.0, 192.0, 1889.0, 193.0, 1905.0, 2092.0, 191.0, 1347.0) 
Voter 45: ID 476; Choice (1356.0, 2183.0, 192.0, 1889.0, 193.0, 1905.0, 2092.0, 191.0, 1347.0) 
Voter 46: ID 312; Choice (1356.0, 2183.0, 192.0, 1889.0, 193.0, 1905.0, 2092.0, 191.0, 1347.0) 
Voter 47: ID 670; Choice (1356.0, 2183.0, 192.0, 1889.0, 193.0, 1905.0, 2092.0, 191.0, 1347.0) 
Voter 48: ID 540; Choice (1356.0, 2183.0, 192.0, 1889.0, 193.0, 1905.0, 2092.0, 191.0, 1347.0) 
Voter 49: ID 496; Choice (1356.0, 2183.0, 192.0, 1889.0, 193.0, 1905.0, 2092.0, 191.0, 1347.0) 
Voter 50: ID 156; Choice (1356.0, 2183.0, 192.0, 1889.0, 193.0, 1905.0, 2092.0, 191.0, 1347.0) 
---------------------------------------------------------------------------
After Iteration 9 :
Voter 1: ID 55; Choice (1356.0, 2183.0, 192.0, 1889.0, 193.0, 1905.0, 2092.0, 191.0, 1347.0) 
Voter 2: ID 95; Choice (1356.0, 2183.0, 192.0, 1889.0, 193.0, 1905.0, 2092.0, 191.0, 1347.0) 
Voter 3: ID 484; Choice (1356.0, 2183.0, 192.0, 1889.0, 193.0, 1905.0, 2092.0, 191.0, 1347.0) 
Voter 4: ID 4; Choice (1356.0, 2183.0, 192.0, 1889.0, 193.0, 1905.0, 2092.0, 191.0, 1347.0) 
Voter 5: ID 320; Choice (1356.0, 2183.0, 192.0, 1889.0, 193.0, 1905.0, 2092.0, 191.0, 1347.0) 
Voter 6: ID 564; Choice (1356.0, 2183.0, 192.0, 1889.0, 193.0, 1905.0, 2092.0, 191.0, 1347.0) 
Voter 7: ID 68; Choice (1356.0, 2183.0, 192.0, 1889.0, 193.0, 1905.0, 2092.0, 191.0, 1347.0) 
Voter 8: ID 23; Choice (1356.0, 2183.0, 192.0, 1889.0, 193.0, 1905.0, 2092.0, 191.0, 1347.0) 
Voter 9: ID 463; Choice (1356.0, 2183.0, 192.0, 1889.0, 193.0, 1905.0, 2092.0, 191.0, 1347.0) 
Voter 10: ID 174; Choice (1356.0, 2183.0, 192.0, 1889.0, 193.0, 1905.0, 2092.0, 191.0, 1347.0) 
Voter 11: ID 685; Choice (1356.0, 2183.0, 192.0, 1889.0, 193.0, 1905.0, 2092.0, 191.0, 1347.0) 
Voter 12: ID 379; Choice (1356.0, 2183.0, 192.0, 1889.0, 193.0, 1905.0, 2092.0, 191.0, 1347.0) 
Voter 13: ID 515; Choice (1356.0, 2183.0, 192.0, 1889.0, 193.0, 1905.0, 2092.0, 191.0, 1347.0) 
Voter 14: ID 17; Choice (1356.0, 2183.0, 192.0, 1889.0, 193.0, 1905.0, 2092.0, 191.0, 1347.0) 
Voter 15: ID 232; Choice (1356.0, 2183.0, 192.0, 1889.0, 193.0, 1905.0, 2092.0, 191.0, 1347.0) 
Voter 16: ID 118; Choice (2141.0, 2183.0, 433.0, 1889.0, 1347.0, 1905.0, 2121.0, 191.0) 
Voter 17: ID 193; Choice (1356.0, 2183.0, 192.0, 1889.0, 193.0, 1905.0, 2092.0, 191.0, 1347.0) 
Voter 18: ID 520; Choice (1356.0, 2183.0, 192.0, 1889.0, 193.0, 1905.0, 2092.0, 191.0, 1347.0) 
Voter 19: ID 681; Choice (1356.0, 2183.0, 192.0, 1889.0, 193.0, 1905.0, 2092.0, 191.0, 1347.0) 
Voter 20: ID 675; Choice (1356.0, 2183.0, 192.0, 1889.0, 193.0, 1905.0, 2092.0, 191.0, 1347.0) 
Voter 21: ID 658; Choice (1356.0, 2183.0, 192.0, 1889.0, 193.0, 1905.0, 2092.0, 191.0, 1347.0) 
Voter 22: ID 505; Choice (1356.0, 2183.0, 192.0, 1889.0, 193.0, 1905.0, 2092.0, 191.0, 1347.0) 
Voter 23: ID 417; Choice (1356.0, 2183.0, 192.0, 1889.0, 193.0, 1905.0, 2092.0, 191.0, 1347.0) 
Voter 24: ID 272; Choice (1356.0, 2183.0, 192.0, 1889.0, 193.0, 1905.0, 2092.0, 191.0, 1347.0) 
Voter 25: ID 669; Choice (1356.0, 2183.0, 192.0, 1889.0, 193.0, 1905.0, 2092.0, 191.0, 1347.0) 
Voter 26: ID 28; Choice (1356.0, 2183.0, 192.0, 1889.0, 193.0, 1905.0, 2092.0, 191.0, 1347.0) 
Voter 27: ID 466; Choice (1356.0, 2183.0, 192.0, 1889.0, 193.0, 1905.0, 2092.0, 191.0, 1347.0) 
Voter 28: ID 44; Choice (1356.0, 2183.0, 192.0, 1889.0, 193.0, 1905.0, 2092.0, 191.0, 1347.0) 
Voter 29: ID 34; Choice (1356.0, 2183.0, 192.0, 1889.0, 193.0, 1905.0, 2092.0, 191.0, 1347.0) 
Voter 30: ID 266; Choice (1356.0, 2183.0, 192.0, 1889.0, 193.0, 1905.0, 2092.0, 191.0, 1347.0) 
Voter 31: ID 472; Choice (1356.0, 2183.0, 192.0, 1889.0, 193.0, 1905.0, 2092.0, 191.0, 1347.0) 
Voter 32: ID 562; Choice (1356.0, 2183.0, 192.0, 1889.0, 193.0, 1905.0, 2092.0, 191.0, 1347.0) 
Voter 33: ID 424; Choice (1356.0, 2183.0, 192.0, 1889.0, 193.0, 1905.0, 2092.0, 191.0, 1347.0) 
Voter 34: ID 651; Choice (1356.0, 2183.0, 192.0, 1889.0, 193.0, 1905.0, 2092.0, 191.0, 1347.0) 
Voter 35: ID 666; Choice (1356.0, 2183.0, 192.0, 1889.0, 193.0, 1905.0, 2092.0, 191.0, 1347.0) 
Voter 36: ID 352; Choice (1356.0, 2183.0, 192.0, 1889.0, 193.0, 1905.0, 2092.0, 191.0, 1347.0) 
Voter 37: ID 693; Choice (1356.0, 2183.0, 192.0, 1889.0, 193.0, 1905.0, 2092.0, 191.0, 1347.0) 
Voter 38: ID 461; Choice (1356.0, 2183.0, 192.0, 1889.0, 193.0, 1905.0, 2092.0, 191.0, 1347.0) 
Voter 39: ID 673; Choice (1356.0, 2183.0, 192.0, 1889.0, 193.0, 1905.0, 2092.0, 191.0, 1347.0) 
Voter 40: ID 445; Choice (1356.0, 2183.0, 192.0, 1889.0, 193.0, 1905.0, 2092.0, 191.0, 1347.0) 
Voter 41: ID 173; Choice (1356.0, 2183.0, 192.0, 1889.0, 193.0, 1905.0, 2092.0, 191.0, 1347.0) 
Voter 42: ID 502; Choice (1356.0, 2183.0, 192.0, 1889.0, 193.0, 1905.0, 2092.0, 191.0, 1347.0) 
Voter 43: ID 188; Choice (1356.0, 2183.0, 192.0, 1889.0, 193.0, 1905.0, 2092.0, 191.0, 1347.0) 
Voter 44: ID 51; Choice (1356.0, 2183.0, 192.0, 1889.0, 193.0, 1905.0, 2092.0, 191.0, 1347.0) 
Voter 45: ID 476; Choice (1356.0, 2183.0, 192.0, 1889.0, 193.0, 1905.0, 2092.0, 191.0, 1347.0) 
Voter 46: ID 312; Choice (1356.0, 2183.0, 192.0, 1889.0, 193.0, 1905.0, 2092.0, 191.0, 1347.0) 
Voter 47: ID 670; Choice (1356.0, 2183.0, 192.0, 1889.0, 193.0, 1905.0, 2092.0, 191.0, 1347.0) 
Voter 48: ID 540; Choice (1356.0, 2183.0, 192.0, 1889.0, 193.0, 1905.0, 2092.0, 191.0, 1347.0) 
Voter 49: ID 496; Choice (1356.0, 2183.0, 192.0, 1889.0, 193.0, 1905.0, 2092.0, 191.0, 1347.0) 
Voter 50: ID 156; Choice (1356.0, 2183.0, 192.0, 1889.0, 193.0, 1905.0, 2092.0, 191.0, 1347.0) 
---------------------------------------------------------------------------
After Iteration 10 :
Voter 1: ID 55; Choice (1356.0, 2183.0, 192.0, 1889.0, 193.0, 1905.0, 2092.0, 191.0, 1347.0) 
Voter 2: ID 95; Choice (1356.0, 2183.0, 192.0, 1889.0, 193.0, 1905.0, 2092.0, 191.0, 1347.0) 
Voter 3: ID 484; Choice (1356.0, 2183.0, 192.0, 1889.0, 193.0, 1905.0, 2092.0, 191.0, 1347.0) 
Voter 4: ID 4; Choice (1356.0, 2183.0, 192.0, 1889.0, 193.0, 1905.0, 2092.0, 191.0, 1347.0) 
Voter 5: ID 320; Choice (1356.0, 2183.0, 192.0, 1889.0, 193.0, 1905.0, 2092.0, 191.0, 1347.0) 
Voter 6: ID 564; Choice (1356.0, 2183.0, 192.0, 1889.0, 193.0, 1905.0, 2092.0, 191.0, 1347.0) 
Voter 7: ID 68; Choice (1356.0, 2183.0, 192.0, 1889.0, 193.0, 1905.0, 2092.0, 191.0, 1347.0) 
Voter 8: ID 23; Choice (1356.0, 2183.0, 192.0, 1889.0, 193.0, 1905.0, 2092.0, 191.0, 1347.0) 
Voter 9: ID 463; Choice (1356.0, 2183.0, 192.0, 1889.0, 193.0, 1905.0, 2092.0, 191.0, 1347.0) 
Voter 10: ID 174; Choice (1356.0, 2183.0, 192.0, 1889.0, 193.0, 1905.0, 2092.0, 191.0, 1347.0) 
Voter 11: ID 685; Choice (1356.0, 2183.0, 192.0, 1889.0, 193.0, 1905.0, 2092.0, 191.0, 1347.0) 
Voter 12: ID 379; Choice (1356.0, 2183.0, 192.0, 1889.0, 193.0, 1905.0, 2092.0, 191.0, 1347.0) 
Voter 13: ID 515; Choice (1356.0, 2183.0, 192.0, 1889.0, 193.0, 1905.0, 2092.0, 191.0, 1347.0) 
Voter 14: ID 17; Choice (1356.0, 2183.0, 192.0, 1889.0, 193.0, 1905.0, 2092.0, 191.0, 1347.0) 
Voter 15: ID 232; Choice (1356.0, 2183.0, 192.0, 1889.0, 193.0, 1905.0, 2092.0, 191.0, 1347.0) 
Voter 16: ID 118; Choice (1356.0, 2183.0, 192.0, 1889.0, 193.0, 1905.0, 2092.0, 191.0, 1347.0) 
Voter 17: ID 193; Choice (1356.0, 2183.0, 192.0, 1889.0, 193.0, 1905.0, 2092.0, 191.0, 1347.0) 
Voter 18: ID 520; Choice (1356.0, 2183.0, 192.0, 1889.0, 193.0, 1905.0, 2092.0, 191.0, 1347.0) 
Voter 19: ID 681; Choice (1356.0, 2183.0, 192.0, 1889.0, 193.0, 1905.0, 2092.0, 191.0, 1347.0) 
Voter 20: ID 675; Choice (1356.0, 2183.0, 192.0, 1889.0, 193.0, 1905.0, 2092.0, 191.0, 1347.0) 
Voter 21: ID 658; Choice (1356.0, 2183.0, 192.0, 1889.0, 193.0, 1905.0, 2092.0, 191.0, 1347.0) 
Voter 22: ID 505; Choice (1356.0, 2183.0, 192.0, 1889.0, 193.0, 1905.0, 2092.0, 191.0, 1347.0) 
Voter 23: ID 417; Choice (1356.0, 2183.0, 192.0, 1889.0, 193.0, 1905.0, 2092.0, 191.0, 1347.0) 
Voter 24: ID 272; Choice (1356.0, 2183.0, 192.0, 1889.0, 193.0, 1905.0, 2092.0, 191.0, 1347.0) 
Voter 25: ID 669; Choice (1356.0, 2183.0, 192.0, 1889.0, 193.0, 1905.0, 2092.0, 191.0, 1347.0) 
Voter 26: ID 28; Choice (1356.0, 2183.0, 192.0, 1889.0, 193.0, 1905.0, 2092.0, 191.0, 1347.0) 
Voter 27: ID 466; Choice (1356.0, 2183.0, 192.0, 1889.0, 193.0, 1905.0, 2092.0, 191.0, 1347.0) 
Voter 28: ID 44; Choice (1356.0, 2183.0, 192.0, 1889.0, 193.0, 1905.0, 2092.0, 191.0, 1347.0) 
Voter 29: ID 34; Choice (1356.0, 2183.0, 192.0, 1889.0, 193.0, 1905.0, 2092.0, 191.0, 1347.0) 
Voter 30: ID 266; Choice (1356.0, 2183.0, 192.0, 1889.0, 193.0, 1905.0, 2092.0, 191.0, 1347.0) 
Voter 31: ID 472; Choice (1356.0, 2183.0, 192.0, 1889.0, 193.0, 1905.0, 2092.0, 191.0, 1347.0) 
Voter 32: ID 562; Choice (1356.0, 2183.0, 192.0, 1889.0, 193.0, 1905.0, 2092.0, 191.0, 1347.0) 
Voter 33: ID 424; Choice (1356.0, 2183.0, 192.0, 1889.0, 193.0, 1905.0, 2092.0, 191.0, 1347.0) 
Voter 34: ID 651; Choice (1356.0, 2183.0, 192.0, 1889.0, 193.0, 1905.0, 2092.0, 191.0, 1347.0) 
Voter 35: ID 666; Choice (1356.0, 2183.0, 192.0, 1889.0, 193.0, 1905.0, 2092.0, 191.0, 1347.0) 
Voter 36: ID 352; Choice (1356.0, 2183.0, 192.0, 1889.0, 193.0, 1905.0, 2092.0, 191.0, 1347.0) 
Voter 37: ID 693; Choice (1356.0, 2183.0, 192.0, 1889.0, 193.0, 1905.0, 2092.0, 191.0, 1347.0) 
Voter 38: ID 461; Choice (1356.0, 2183.0, 192.0, 1889.0, 193.0, 1905.0, 2092.0, 191.0, 1347.0) 
Voter 39: ID 673; Choice (1356.0, 2183.0, 192.0, 1889.0, 193.0, 1905.0, 2092.0, 191.0, 1347.0) 
Voter 40: ID 445; Choice (1356.0, 2183.0, 192.0, 1889.0, 193.0, 1905.0, 2092.0, 191.0, 1347.0) 
Voter 41: ID 173; Choice (1356.0, 2183.0, 192.0, 1889.0, 193.0, 1905.0, 2092.0, 191.0, 1347.0) 
Voter 42: ID 502; Choice (1356.0, 2183.0, 192.0, 1889.0, 193.0, 1905.0, 2092.0, 191.0, 1347.0) 
Voter 43: ID 188; Choice (1356.0, 2183.0, 192.0, 1889.0, 193.0, 1905.0, 2092.0, 191.0, 1347.0) 
Voter 44: ID 51; Choice (1356.0, 2183.0, 192.0, 1889.0, 193.0, 1905.0, 2092.0, 191.0, 1347.0) 
Voter 45: ID 476; Choice (1356.0, 2183.0, 192.0, 1889.0, 193.0, 1905.0, 2092.0, 191.0, 1347.0) 
Voter 46: ID 312; Choice (1356.0, 2183.0, 192.0, 1889.0, 193.0, 1905.0, 2092.0, 191.0, 1347.0) 
Voter 47: ID 670; Choice (1356.0, 2183.0, 192.0, 1889.0, 193.0, 1905.0, 2092.0, 191.0, 1347.0) 
Voter 48: ID 540; Choice (1356.0, 2183.0, 192.0, 1889.0, 193.0, 1905.0, 2092.0, 191.0, 1347.0) 
Voter 49: ID 496; Choice (1356.0, 2183.0, 192.0, 1889.0, 193.0, 1905.0, 2092.0, 191.0, 1347.0) 
Voter 50: ID 156; Choice (1356.0, 2183.0, 192.0, 1889.0, 193.0, 1905.0, 2092.0, 191.0, 1347.0) 
---------------------------------------------------------------------------
Concensus reached after 10 iterations.
Max degree: 24 Number of valid combinations: 85 Using random find.
There are 1 opinions after all iterations.
(1356.0, 2183.0, 192.0, 1889.0, 193.0, 1905.0, 2092.0, 191.0, 1347.0) count: 50
