    project id    reward
0       1211.0 -0.444988
1       2141.0 -0.057202
2       1356.0  0.331482
3       2183.0  0.343395
4        433.0 -0.263659
5        192.0  0.232709
6       1889.0  0.302624
7        193.0  0.251523
8       1347.0  0.192139
9       1905.0  0.121838
10      2092.0  0.245409
11      2121.0 -0.136063
12       191.0  0.215283
Valid Combinations are:
(1356.0, 2183.0, 192.0, 1889.0, 193.0, 1905.0, 2092.0, 191.0, 1347.0)
(1356.0, 2183.0, 192.0, 1889.0, 193.0, 1905.0, 2092.0, 191.0)
(1211.0, 2141.0, 1356.0, 2183.0, 192.0, 193.0)
(2141.0, 1356.0, 2183.0, 433.0, 1889.0, 193.0, 1347.0, 1905.0, 2092.0, 191.0)
(2141.0, 1356.0, 433.0, 192.0, 1889.0, 193.0, 1347.0, 1905.0, 2092.0, 191.0)
(2141.0, 2183.0, 192.0, 1889.0, 193.0, 1347.0, 1905.0, 2092.0, 2121.0, 191.0)
(1356.0, 2183.0, 433.0, 192.0, 1889.0, 1347.0, 1905.0, 2092.0, 2121.0, 191.0)
(2141.0, 1356.0, 2183.0, 433.0, 192.0, 1889.0, 193.0, 1905.0, 191.0)
(2141.0, 1356.0, 2183.0, 192.0, 1889.0, 193.0, 1347.0, 1905.0, 2121.0)
(2141.0, 1356.0, 2183.0, 192.0, 1889.0, 193.0, 1347.0, 2121.0, 191.0)
(2141.0, 1356.0, 2183.0, 192.0, 1889.0, 193.0, 2092.0, 2121.0, 191.0)
(2141.0, 1356.0, 2183.0, 192.0, 193.0, 1347.0, 1905.0, 2092.0, 2121.0)
(2141.0, 1356.0, 2183.0, 1889.0, 193.0, 1347.0, 1905.0, 2121.0, 191.0)
(2141.0, 1356.0, 2183.0, 1889.0, 193.0, 1905.0, 2092.0, 2121.0, 191.0)
(2141.0, 1356.0, 2183.0, 193.0, 1347.0, 1905.0, 2092.0, 2121.0, 191.0)
(2141.0, 1356.0, 192.0, 1889.0, 193.0, 1347.0, 1905.0, 2121.0, 191.0)
(2141.0, 1356.0, 192.0, 1889.0, 1347.0, 1905.0, 2092.0, 2121.0, 191.0)
(2141.0, 1356.0, 1889.0, 193.0, 1347.0, 1905.0, 2092.0, 2121.0, 191.0)
(2141.0, 2183.0, 433.0, 192.0, 1889.0, 193.0, 1905.0, 2092.0, 2121.0)
(2141.0, 2183.0, 433.0, 192.0, 1889.0, 193.0, 1905.0, 2092.0, 191.0)
(2141.0, 2183.0, 433.0, 192.0, 1889.0, 193.0, 2092.0, 2121.0, 191.0)
(2141.0, 2183.0, 433.0, 192.0, 1889.0, 1905.0, 2092.0, 2121.0, 191.0)
(2141.0, 433.0, 192.0, 1889.0, 193.0, 1905.0, 2092.0, 2121.0, 191.0)
(1356.0, 2183.0, 433.0, 192.0, 1889.0, 193.0, 1347.0, 1905.0, 2092.0)
(1356.0, 2183.0, 433.0, 192.0, 1889.0, 193.0, 1347.0, 2092.0, 2121.0)
(1356.0, 2183.0, 433.0, 192.0, 1889.0, 193.0, 1905.0, 2092.0, 191.0)
(1356.0, 2183.0, 433.0, 1889.0, 193.0, 1347.0, 1905.0, 2092.0, 2121.0)
(1356.0, 2183.0, 192.0, 1889.0, 193.0, 1347.0, 1905.0, 2092.0, 2121.0)
(1356.0, 2183.0, 192.0, 1889.0, 193.0, 1347.0, 1905.0, 2121.0, 191.0)
(1356.0, 2183.0, 192.0, 1889.0, 193.0, 1905.0, 2092.0, 2121.0, 191.0)
(1356.0, 433.0, 192.0, 193.0, 1347.0, 1905.0, 2092.0, 2121.0, 191.0)
(1356.0, 433.0, 1889.0, 193.0, 1347.0, 1905.0, 2092.0, 2121.0, 191.0)
(2183.0, 433.0, 192.0, 193.0, 1347.0, 1905.0, 2092.0, 2121.0, 191.0)
(1211.0, 1356.0, 2183.0, 192.0, 1889.0, 193.0, 1905.0, 191.0)
(1211.0, 1356.0, 2183.0, 192.0, 1889.0, 193.0, 2092.0, 191.0)
(1211.0, 1356.0, 2183.0, 192.0, 193.0, 1347.0, 1905.0, 2092.0)
(1211.0, 1356.0, 2183.0, 1889.0, 193.0, 1347.0, 1905.0, 191.0)
(1211.0, 2183.0, 192.0, 1889.0, 193.0, 1347.0, 1905.0, 2092.0)
(2141.0, 1356.0, 2183.0, 433.0, 192.0, 1889.0, 193.0, 1347.0)
(2141.0, 1356.0, 2183.0, 433.0, 192.0, 1889.0, 2121.0, 191.0)
(2141.0, 1356.0, 2183.0, 433.0, 192.0, 193.0, 2092.0, 191.0)
(2141.0, 1356.0, 2183.0, 433.0, 192.0, 1347.0, 1905.0, 2092.0)
(2141.0, 1356.0, 2183.0, 433.0, 193.0, 1905.0, 2121.0, 191.0)
(2141.0, 1356.0, 2183.0, 192.0, 1889.0, 193.0, 1347.0, 2092.0)
(2141.0, 1356.0, 2183.0, 192.0, 1889.0, 1347.0, 1905.0, 2092.0)
(2141.0, 1356.0, 2183.0, 192.0, 1889.0, 1347.0, 2092.0, 2121.0)
(2141.0, 1356.0, 2183.0, 192.0, 1889.0, 1347.0, 2092.0, 191.0)
(2141.0, 1356.0, 2183.0, 1889.0, 193.0, 1347.0, 2092.0, 2121.0)
(2141.0, 1356.0, 192.0, 193.0, 1905.0, 2092.0, 2121.0, 191.0)
(2141.0, 2183.0, 433.0, 192.0, 1889.0, 193.0, 1347.0, 191.0)
(2141.0, 2183.0, 433.0, 192.0, 193.0, 1347.0, 2092.0, 191.0)
(2141.0, 2183.0, 433.0, 192.0, 193.0, 1347.0, 2121.0, 191.0)
(2141.0, 2183.0, 433.0, 1889.0, 193.0, 1905.0, 2121.0, 191.0)
(1356.0, 2183.0, 433.0, 192.0, 193.0, 1347.0, 1905.0, 2121.0)
(1356.0, 2183.0, 433.0, 192.0, 193.0, 1347.0, 1905.0, 191.0)
(1356.0, 2183.0, 433.0, 192.0, 193.0, 1347.0, 2092.0, 191.0)
(1356.0, 2183.0, 433.0, 192.0, 193.0, 1347.0, 2121.0, 191.0)
(1356.0, 2183.0, 433.0, 1889.0, 193.0, 1347.0, 2121.0, 191.0)
(1356.0, 2183.0, 433.0, 1889.0, 193.0, 2092.0, 2121.0, 191.0)
(1356.0, 2183.0, 433.0, 193.0, 1347.0, 1905.0, 2121.0, 191.0)
(1356.0, 2183.0, 433.0, 193.0, 1905.0, 2092.0, 2121.0, 191.0)
(2183.0, 433.0, 1889.0, 193.0, 1905.0, 2092.0, 2121.0, 191.0)
(1211.0, 1356.0, 2183.0, 192.0, 1889.0, 1347.0, 1905.0)
(1211.0, 1356.0, 2183.0, 193.0, 1347.0, 2092.0, 191.0)
(1211.0, 1356.0, 192.0, 1889.0, 193.0, 1347.0, 2092.0)
(1211.0, 1356.0, 192.0, 1889.0, 1347.0, 1905.0, 2092.0)
(1211.0, 1356.0, 192.0, 1889.0, 1347.0, 1905.0, 191.0)
(1211.0, 1356.0, 193.0, 1347.0, 1905.0, 2092.0, 191.0)
(1211.0, 2183.0, 192.0, 1889.0, 1905.0, 2092.0, 191.0)
(1211.0, 192.0, 1889.0, 193.0, 1347.0, 1905.0, 191.0)
(1211.0, 1889.0, 193.0, 1347.0, 1905.0, 2092.0, 191.0)
(2141.0, 1356.0, 2183.0, 433.0, 192.0, 1347.0, 191.0)
(2141.0, 1356.0, 2183.0, 433.0, 1889.0, 193.0, 2121.0)
(2141.0, 1356.0, 2183.0, 433.0, 1889.0, 2092.0, 2121.0)
(2141.0, 1356.0, 2183.0, 433.0, 193.0, 2092.0, 2121.0)
Initial Choices:
---------------------------------------------------------------------------
Voter 1: ID 362; Choice (1356.0, 2183.0, 433.0, 1889.0, 193.0, 1347.0, 2121.0, 191.0) 
Voter 2: ID 730; Choice (2141.0, 2183.0, 433.0, 192.0, 193.0, 1347.0, 2121.0, 191.0) 
Voter 3: ID 30; Choice (1211.0, 1356.0, 2183.0, 192.0, 193.0, 1347.0, 1905.0, 2092.0) 
Voter 4: ID 725; Choice (2183.0, 433.0, 192.0, 193.0, 1347.0, 1905.0, 2092.0, 2121.0, 191.0) 
Voter 5: ID 643; Choice (2141.0, 1356.0, 2183.0, 192.0, 1889.0, 1347.0, 2092.0, 2121.0) 
Voter 6: ID 63; Choice (2141.0, 1356.0, 2183.0, 192.0, 1889.0, 1347.0, 1905.0, 2092.0) 
Voter 7: ID 99; Choice (2141.0, 2183.0, 433.0, 192.0, 1889.0, 1905.0, 2092.0, 2121.0, 191.0) 
Voter 8: ID 449; Choice (2141.0, 1356.0, 2183.0, 192.0, 1889.0, 193.0, 2092.0, 2121.0, 191.0) 
Voter 9: ID 207; Choice (1356.0, 2183.0, 192.0, 1889.0, 193.0, 1905.0, 2092.0, 191.0) 
Voter 10: ID 165; Choice (2141.0, 1356.0, 2183.0, 433.0, 192.0, 1889.0, 193.0, 1905.0, 191.0) 
Voter 11: ID 738; Choice (1356.0, 2183.0, 192.0, 1889.0, 193.0, 1347.0, 1905.0, 2092.0, 2121.0) 
Voter 12: ID 688; Choice (2141.0, 1356.0, 2183.0, 192.0, 1889.0, 193.0, 1347.0, 2121.0, 191.0) 
Voter 13: ID 309; Choice (2141.0, 1356.0, 2183.0, 433.0, 192.0, 1889.0, 193.0, 1347.0) 
Voter 14: ID 675; Choice (1211.0, 2183.0, 192.0, 1889.0, 1905.0, 2092.0, 191.0) 
Voter 15: ID 199; Choice (2141.0, 1356.0, 2183.0, 1889.0, 193.0, 1347.0, 2092.0, 2121.0) 
Voter 16: ID 42; Choice (2141.0, 1356.0, 433.0, 192.0, 1889.0, 193.0, 1347.0, 1905.0, 2092.0, 191.0) 
Voter 17: ID 604; Choice (2141.0, 1356.0, 2183.0, 433.0, 192.0, 193.0, 2092.0, 191.0) 
Voter 18: ID 481; Choice (1356.0, 2183.0, 433.0, 1889.0, 193.0, 1347.0, 1905.0, 2092.0, 2121.0) 
Voter 19: ID 18; Choice (1356.0, 2183.0, 433.0, 192.0, 193.0, 1347.0, 2092.0, 191.0) 
Voter 20: ID 542; Choice (2141.0, 1356.0, 1889.0, 193.0, 1347.0, 1905.0, 2092.0, 2121.0, 191.0) 
Voter 21: ID 95; Choice (2183.0, 433.0, 192.0, 193.0, 1347.0, 1905.0, 2092.0, 2121.0, 191.0) 
Voter 22: ID 125; Choice (1211.0, 192.0, 1889.0, 193.0, 1347.0, 1905.0, 191.0) 
Voter 23: ID 565; Choice (1356.0, 2183.0, 433.0, 192.0, 1889.0, 193.0, 1905.0, 2092.0, 191.0) 
Voter 24: ID 413; Choice (1211.0, 1356.0, 2183.0, 192.0, 193.0, 1347.0, 1905.0, 2092.0) 
Voter 25: ID 28; Choice (2141.0, 1356.0, 2183.0, 433.0, 192.0, 193.0, 2092.0, 191.0) 
Voter 26: ID 371; Choice (1356.0, 2183.0, 433.0, 1889.0, 193.0, 1347.0, 1905.0, 2092.0, 2121.0) 
Voter 27: ID 155; Choice (2141.0, 1356.0, 433.0, 192.0, 1889.0, 193.0, 1347.0, 1905.0, 2092.0, 191.0) 
Voter 28: ID 73; Choice (1356.0, 2183.0, 433.0, 1889.0, 193.0, 1347.0, 2121.0, 191.0) 
Voter 29: ID 54; Choice (2141.0, 1356.0, 192.0, 193.0, 1905.0, 2092.0, 2121.0, 191.0) 
Voter 30: ID 238; Choice (1356.0, 2183.0, 433.0, 192.0, 193.0, 1347.0, 2121.0, 191.0) 
Voter 31: ID 275; Choice (1356.0, 2183.0, 433.0, 1889.0, 193.0, 1347.0, 1905.0, 2092.0, 2121.0) 
Voter 32: ID 6; Choice (1211.0, 1356.0, 192.0, 1889.0, 1347.0, 1905.0, 2092.0) 
Voter 33: ID 375; Choice (2141.0, 1356.0, 2183.0, 433.0, 192.0, 1347.0, 1905.0, 2092.0) 
Voter 34: ID 720; Choice (1211.0, 2183.0, 192.0, 1889.0, 193.0, 1347.0, 1905.0, 2092.0) 
Voter 35: ID 313; Choice (1356.0, 433.0, 192.0, 193.0, 1347.0, 1905.0, 2092.0, 2121.0, 191.0) 
Voter 36: ID 465; Choice (2141.0, 1356.0, 2183.0, 433.0, 192.0, 1889.0, 193.0, 1905.0, 191.0) 
Voter 37: ID 108; Choice (1356.0, 433.0, 1889.0, 193.0, 1347.0, 1905.0, 2092.0, 2121.0, 191.0) 
Voter 38: ID 74; Choice (2141.0, 1356.0, 2183.0, 192.0, 1889.0, 193.0, 1347.0, 1905.0, 2121.0) 
Voter 39: ID 712; Choice (2141.0, 1356.0, 2183.0, 1889.0, 193.0, 1905.0, 2092.0, 2121.0, 191.0) 
Voter 40: ID 483; Choice (1211.0, 1356.0, 193.0, 1347.0, 1905.0, 2092.0, 191.0) 
Voter 41: ID 693; Choice (2141.0, 1356.0, 2183.0, 192.0, 1889.0, 1347.0, 2092.0, 191.0) 
Voter 42: ID 669; Choice (2141.0, 1356.0, 2183.0, 192.0, 1889.0, 193.0, 1347.0, 1905.0, 2121.0) 
Voter 43: ID 68; Choice (1211.0, 1356.0, 2183.0, 192.0, 1889.0, 193.0, 1905.0, 191.0) 
Voter 44: ID 446; Choice (2141.0, 1356.0, 2183.0, 192.0, 1889.0, 1347.0, 1905.0, 2092.0) 
Voter 45: ID 202; Choice (2141.0, 2183.0, 433.0, 192.0, 1889.0, 1905.0, 2092.0, 2121.0, 191.0) 
Voter 46: ID 22; Choice (2141.0, 1356.0, 2183.0, 433.0, 192.0, 1889.0, 2121.0, 191.0) 
Voter 47: ID 695; Choice (2141.0, 2183.0, 433.0, 192.0, 1889.0, 193.0, 2092.0, 2121.0, 191.0) 
Voter 48: ID 346; Choice (2141.0, 2183.0, 433.0, 192.0, 1889.0, 193.0, 1347.0, 191.0) 
Voter 49: ID 400; Choice (2141.0, 1356.0, 2183.0, 433.0, 1889.0, 193.0, 2121.0) 
Voter 50: ID 684; Choice (1356.0, 2183.0, 192.0, 1889.0, 193.0, 1905.0, 2092.0, 2121.0, 191.0) 
---------------------------------------------------------------------------
After Iteration 1 :
Voter 1: ID 362; Choice (2141.0, 1356.0, 2183.0, 192.0, 1889.0, 1347.0, 1905.0, 2092.0) 
Voter 2: ID 730; Choice (2141.0, 1356.0, 2183.0, 433.0, 1889.0, 2092.0, 2121.0) 
Voter 3: ID 30; Choice (2141.0, 1356.0, 433.0, 192.0, 1889.0, 193.0, 1347.0, 1905.0, 2092.0, 191.0) 
Voter 4: ID 725; Choice (2183.0, 433.0, 192.0, 193.0, 1347.0, 1905.0, 2092.0, 2121.0, 191.0) 
Voter 5: ID 643; Choice (2141.0, 1356.0, 2183.0, 1889.0, 193.0, 1905.0, 2092.0, 2121.0, 191.0) 
Voter 6: ID 63; Choice (2141.0, 1356.0, 192.0, 1889.0, 193.0, 1347.0, 1905.0, 2121.0, 191.0) 
Voter 7: ID 99; Choice (2141.0, 1356.0, 2183.0, 192.0, 1889.0, 1347.0, 2092.0, 2121.0) 
Voter 8: ID 449; Choice (2141.0, 1356.0, 2183.0, 192.0, 1889.0, 193.0, 2092.0, 2121.0, 191.0) 
Voter 9: ID 207; Choice (2141.0, 1356.0, 2183.0, 192.0, 1889.0, 1347.0, 1905.0, 2092.0) 
Voter 10: ID 165; Choice (1356.0, 2183.0, 192.0, 1889.0, 193.0, 1905.0, 2092.0, 2121.0, 191.0) 
Voter 11: ID 738; Choice (2141.0, 1356.0, 2183.0, 433.0, 193.0, 2092.0, 2121.0) 
Voter 12: ID 688; Choice (2141.0, 2183.0, 433.0, 192.0, 1889.0, 193.0, 1905.0, 2092.0, 2121.0) 
Voter 13: ID 309; Choice (2183.0, 433.0, 192.0, 193.0, 1347.0, 1905.0, 2092.0, 2121.0, 191.0) 
Voter 14: ID 675; Choice (1356.0, 2183.0, 433.0, 193.0, 1347.0, 1905.0, 2121.0, 191.0) 
Voter 15: ID 199; Choice (2141.0, 1356.0, 2183.0, 1889.0, 193.0, 1347.0, 1905.0, 2121.0, 191.0) 
Voter 16: ID 42; Choice (1211.0, 1356.0, 193.0, 1347.0, 1905.0, 2092.0, 191.0) 
Voter 17: ID 604; Choice (2141.0, 1356.0, 2183.0, 433.0, 193.0, 1905.0, 2121.0, 191.0) 
Voter 18: ID 481; Choice (1356.0, 433.0, 1889.0, 193.0, 1347.0, 1905.0, 2092.0, 2121.0, 191.0) 
Voter 19: ID 18; Choice (1211.0, 2183.0, 192.0, 1889.0, 193.0, 1347.0, 1905.0, 2092.0) 
Voter 20: ID 542; Choice (2141.0, 1356.0, 2183.0, 1889.0, 193.0, 1347.0, 1905.0, 2121.0, 191.0) 
Voter 21: ID 95; Choice (1211.0, 1356.0, 2183.0, 1889.0, 193.0, 1347.0, 1905.0, 191.0) 
Voter 22: ID 125; Choice (2183.0, 433.0, 192.0, 193.0, 1347.0, 1905.0, 2092.0, 2121.0, 191.0) 
Voter 23: ID 565; Choice (1356.0, 2183.0, 192.0, 1889.0, 193.0, 1905.0, 2092.0, 191.0) 
Voter 24: ID 413; Choice (2141.0, 1356.0, 192.0, 1889.0, 193.0, 1347.0, 1905.0, 2121.0, 191.0) 
Voter 25: ID 28; Choice (1356.0, 2183.0, 433.0, 192.0, 1889.0, 1347.0, 1905.0, 2092.0, 2121.0, 191.0) 
Voter 26: ID 371; Choice (2141.0, 1356.0, 433.0, 192.0, 1889.0, 193.0, 1347.0, 1905.0, 2092.0, 191.0) 
Voter 27: ID 155; Choice (1211.0, 1356.0, 193.0, 1347.0, 1905.0, 2092.0, 191.0) 
Voter 28: ID 73; Choice (1211.0, 1889.0, 193.0, 1347.0, 1905.0, 2092.0, 191.0) 
Voter 29: ID 54; Choice (1356.0, 433.0, 192.0, 193.0, 1347.0, 1905.0, 2092.0, 2121.0, 191.0) 
Voter 30: ID 238; Choice (1356.0, 2183.0, 433.0, 192.0, 1889.0, 193.0, 1905.0, 2092.0, 191.0) 
Voter 31: ID 275; Choice (1356.0, 2183.0, 192.0, 1889.0, 193.0, 1905.0, 2092.0, 2121.0, 191.0) 
Voter 32: ID 6; Choice (2141.0, 1356.0, 2183.0, 192.0, 1889.0, 193.0, 1347.0, 2121.0, 191.0) 
Voter 33: ID 375; Choice (2141.0, 1356.0, 2183.0, 192.0, 193.0, 1347.0, 1905.0, 2092.0, 2121.0) 
Voter 34: ID 720; Choice (1211.0, 1356.0, 2183.0, 192.0, 1889.0, 193.0, 2092.0, 191.0) 
Voter 35: ID 313; Choice (1211.0, 1356.0, 192.0, 1889.0, 1347.0, 1905.0, 2092.0) 
Voter 36: ID 465; Choice (2141.0, 1356.0, 192.0, 1889.0, 193.0, 1347.0, 1905.0, 2121.0, 191.0) 
Voter 37: ID 108; Choice (1356.0, 2183.0, 433.0, 192.0, 1889.0, 193.0, 1905.0, 2092.0, 191.0) 
Voter 38: ID 74; Choice (2141.0, 2183.0, 433.0, 192.0, 1889.0, 1905.0, 2092.0, 2121.0, 191.0) 
Voter 39: ID 712; Choice (2141.0, 1356.0, 192.0, 193.0, 1905.0, 2092.0, 2121.0, 191.0) 
Voter 40: ID 483; Choice (2141.0, 433.0, 192.0, 1889.0, 193.0, 1905.0, 2092.0, 2121.0, 191.0) 
Voter 41: ID 693; Choice (2183.0, 433.0, 1889.0, 193.0, 1905.0, 2092.0, 2121.0, 191.0) 
Voter 42: ID 669; Choice (2141.0, 2183.0, 433.0, 192.0, 1889.0, 1905.0, 2092.0, 2121.0, 191.0) 
Voter 43: ID 68; Choice (1211.0, 2183.0, 192.0, 1889.0, 193.0, 1347.0, 1905.0, 2092.0) 
Voter 44: ID 446; Choice (1356.0, 2183.0, 433.0, 192.0, 1889.0, 193.0, 1347.0, 2092.0, 2121.0) 
Voter 45: ID 202; Choice (1356.0, 2183.0, 433.0, 1889.0, 193.0, 1347.0, 2121.0, 191.0) 
Voter 46: ID 22; Choice (2141.0, 2183.0, 433.0, 192.0, 1889.0, 1905.0, 2092.0, 2121.0, 191.0) 
Voter 47: ID 695; Choice (1356.0, 2183.0, 433.0, 192.0, 193.0, 1347.0, 2092.0, 191.0) 
Voter 48: ID 346; Choice (2141.0, 2183.0, 433.0, 1889.0, 193.0, 1905.0, 2121.0, 191.0) 
Voter 49: ID 400; Choice (2141.0, 1356.0, 2183.0, 433.0, 1889.0, 193.0, 2121.0) 
Voter 50: ID 684; Choice (1356.0, 2183.0, 433.0, 193.0, 1905.0, 2092.0, 2121.0, 191.0) 
---------------------------------------------------------------------------
---------------------------------------------------------------------------
{(1356.0, 2183.0, 192.0, 1889.0, 193.0, 1905.0, 2092.0, 191.0, 1347.0): 0, (1356.0, 2183.0, 192.0, 1889.0, 193.0, 1905.0, 2092.0, 191.0): 0, (1211.0, 2141.0, 1356.0, 2183.0, 192.0, 193.0): 0, (2141.0, 1356.0, 2183.0, 433.0, 1889.0, 193.0, 1347.0, 1905.0, 2092.0, 191.0): 0, (2141.0, 1356.0, 433.0, 192.0, 1889.0, 193.0, 1347.0, 1905.0, 2092.0, 191.0): 0.15721469264506283, (2141.0, 2183.0, 192.0, 1889.0, 193.0, 1347.0, 1905.0, 2092.0, 2121.0, 191.0): 0, (1356.0, 2183.0, 433.0, 192.0, 1889.0, 1347.0, 1905.0, 2092.0, 2121.0, 191.0): 0, (2141.0, 1356.0, 2183.0, 433.0, 192.0, 1889.0, 193.0, 1905.0, 191.0): 0, (2141.0, 1356.0, 2183.0, 192.0, 1889.0, 193.0, 1347.0, 1905.0, 2121.0): 0.1582446193430951, (2141.0, 1356.0, 2183.0, 192.0, 1889.0, 193.0, 1347.0, 2121.0, 191.0): 0.1675890357895034, (2141.0, 1356.0, 2183.0, 192.0, 1889.0, 193.0, 2092.0, 2121.0, 191.0): 0, (2141.0, 1356.0, 2183.0, 192.0, 193.0, 1347.0, 1905.0, 2092.0, 2121.0): 0, (2141.0, 1356.0, 2183.0, 1889.0, 193.0, 1347.0, 1905.0, 2121.0, 191.0): 0, (2141.0, 1356.0, 2183.0, 1889.0, 193.0, 1905.0, 2092.0, 2121.0, 191.0): 0.16182894377067863, (2141.0, 1356.0, 2183.0, 193.0, 1347.0, 1905.0, 2092.0, 2121.0, 191.0): 0, (2141.0, 1356.0, 192.0, 1889.0, 193.0, 1347.0, 1905.0, 2121.0, 191.0): 0, (2141.0, 1356.0, 192.0, 1889.0, 1347.0, 1905.0, 2092.0, 2121.0, 191.0): 0, (2141.0, 1356.0, 1889.0, 193.0, 1347.0, 1905.0, 2092.0, 2121.0, 191.0): 0.1467033680542005, (2141.0, 2183.0, 433.0, 192.0, 1889.0, 193.0, 1905.0, 2092.0, 2121.0): 0, (2141.0, 2183.0, 433.0, 192.0, 1889.0, 193.0, 1905.0, 2092.0, 191.0): 0, (2141.0, 2183.0, 433.0, 192.0, 1889.0, 193.0, 2092.0, 2121.0, 191.0): 0.11340191613718648, (2141.0, 2183.0, 433.0, 192.0, 1889.0, 1905.0, 2092.0, 2121.0, 191.0): 0.100433457043834, (2141.0, 433.0, 192.0, 1889.0, 193.0, 1905.0, 2092.0, 2121.0, 191.0): 0, (1356.0, 2183.0, 433.0, 192.0, 1889.0, 193.0, 1347.0, 1905.0, 2092.0): 0, (1356.0, 2183.0, 433.0, 192.0, 1889.0, 193.0, 1347.0, 2092.0, 2121.0): 0, (1356.0, 2183.0, 433.0, 192.0, 1889.0, 193.0, 1905.0, 2092.0, 191.0): 0.17806050328277742, (1356.0, 2183.0, 433.0, 1889.0, 193.0, 1347.0, 1905.0, 2092.0, 2121.0): 0.13886900191513268, (1356.0, 2183.0, 192.0, 1889.0, 193.0, 1347.0, 1905.0, 2092.0, 2121.0): 0.18850576140801423, (1356.0, 2183.0, 192.0, 1889.0, 193.0, 1347.0, 1905.0, 2121.0, 191.0): 0, (1356.0, 2183.0, 192.0, 1889.0, 193.0, 1905.0, 2092.0, 2121.0, 191.0): 0, (1356.0, 433.0, 192.0, 193.0, 1347.0, 1905.0, 2092.0, 2121.0, 191.0): 0, (1356.0, 433.0, 1889.0, 193.0, 1347.0, 1905.0, 2092.0, 2121.0, 191.0): 0, (2183.0, 433.0, 192.0, 193.0, 1347.0, 1905.0, 2092.0, 2121.0, 191.0): 0, (1211.0, 1356.0, 2183.0, 192.0, 1889.0, 193.0, 1905.0, 191.0): 0, (1211.0, 1356.0, 2183.0, 192.0, 1889.0, 193.0, 2092.0, 191.0): 0, (1211.0, 1356.0, 2183.0, 192.0, 193.0, 1347.0, 1905.0, 2092.0): 0.12735086294471634, (1211.0, 1356.0, 2183.0, 1889.0, 193.0, 1347.0, 1905.0, 191.0): 0, (1211.0, 2183.0, 192.0, 1889.0, 193.0, 1347.0, 1905.0, 2092.0): 0.12446499667502547, (2141.0, 1356.0, 2183.0, 433.0, 192.0, 1889.0, 193.0, 1347.0): 0, (2141.0, 1356.0, 2183.0, 433.0, 192.0, 1889.0, 2121.0, 191.0): 0, (2141.0, 1356.0, 2183.0, 433.0, 192.0, 193.0, 2092.0, 191.0): 0.12989405226856743, (2141.0, 1356.0, 2183.0, 433.0, 192.0, 1347.0, 1905.0, 2092.0): 0.11461126878028723, (2141.0, 1356.0, 2183.0, 433.0, 193.0, 1905.0, 2121.0, 191.0): 0, (2141.0, 1356.0, 2183.0, 192.0, 1889.0, 193.0, 1347.0, 2092.0): 0, (2141.0, 1356.0, 2183.0, 192.0, 1889.0, 1347.0, 1905.0, 2092.0): 0.17123948743183282, (2141.0, 1356.0, 2183.0, 192.0, 1889.0, 1347.0, 2092.0, 2121.0): 0, (2141.0, 1356.0, 2183.0, 192.0, 1889.0, 1347.0, 2092.0, 191.0): 0.18058390387824108, (2141.0, 1356.0, 2183.0, 1889.0, 193.0, 1347.0, 2092.0, 2121.0): 0.14733076955246827, (2141.0, 1356.0, 192.0, 193.0, 1905.0, 2092.0, 2121.0, 191.0): 0, (2141.0, 2183.0, 433.0, 192.0, 1889.0, 193.0, 1347.0, 191.0): 0, (2141.0, 2183.0, 433.0, 192.0, 193.0, 1347.0, 2092.0, 191.0): 0, (2141.0, 2183.0, 433.0, 192.0, 193.0, 1347.0, 2121.0, 191.0): 0.07781258459857605, (2141.0, 2183.0, 433.0, 1889.0, 193.0, 1905.0, 2121.0, 191.0): 0, (1356.0, 2183.0, 433.0, 192.0, 193.0, 1347.0, 1905.0, 2121.0): 0, (1356.0, 2183.0, 433.0, 192.0, 193.0, 1347.0, 1905.0, 191.0): 0, (1356.0, 2183.0, 433.0, 192.0, 193.0, 1347.0, 2092.0, 191.0): 0.15482822906456706, (1356.0, 2183.0, 433.0, 192.0, 193.0, 1347.0, 2121.0, 191.0): 0, (1356.0, 2183.0, 433.0, 1889.0, 193.0, 1347.0, 2121.0, 191.0): 0.12367251121785827, (1356.0, 2183.0, 433.0, 1889.0, 193.0, 2092.0, 2121.0, 191.0): 0, (1356.0, 2183.0, 433.0, 193.0, 1347.0, 1905.0, 2121.0, 191.0): 0, (1356.0, 2183.0, 433.0, 193.0, 1905.0, 2092.0, 2121.0, 191.0): 0, (2183.0, 433.0, 1889.0, 193.0, 1905.0, 2092.0, 2121.0, 191.0): 0, (1211.0, 1356.0, 2183.0, 192.0, 1889.0, 1347.0, 1905.0): 0, (1211.0, 1356.0, 2183.0, 193.0, 1347.0, 2092.0, 191.0): 0, (1211.0, 1356.0, 192.0, 1889.0, 193.0, 1347.0, 2092.0): 0, (1211.0, 1356.0, 192.0, 1889.0, 1347.0, 1905.0, 2092.0): 0, (1211.0, 1356.0, 192.0, 1889.0, 1347.0, 1905.0, 191.0): 0, (1211.0, 1356.0, 193.0, 1347.0, 1905.0, 2092.0, 191.0): 0.09126870451213909, (1211.0, 2183.0, 192.0, 1889.0, 1905.0, 2092.0, 191.0): 0.10162701215331814, (1211.0, 192.0, 1889.0, 193.0, 1347.0, 1905.0, 191.0): 0, (1211.0, 1889.0, 193.0, 1347.0, 1905.0, 2092.0, 191.0): 0, (2141.0, 1356.0, 2183.0, 433.0, 192.0, 1347.0, 191.0): 0, (2141.0, 1356.0, 2183.0, 433.0, 1889.0, 193.0, 2121.0): 0, (2141.0, 1356.0, 2183.0, 433.0, 1889.0, 2092.0, 2121.0): 0, (2141.0, 1356.0, 2183.0, 433.0, 193.0, 2092.0, 2121.0): 0}
After Iteration 2 :
Voter 1: ID 362; Choice (2141.0, 433.0, 192.0, 1889.0, 193.0, 1905.0, 2092.0, 2121.0, 191.0) 
Voter 2: ID 730; Choice (1211.0, 2183.0, 192.0, 1889.0, 1905.0, 2092.0, 191.0) 
Voter 3: ID 30; Choice (1211.0, 1889.0, 193.0, 1347.0, 1905.0, 2092.0, 191.0) 
Voter 4: ID 725; Choice (1356.0, 2183.0, 433.0, 192.0, 1889.0, 193.0, 1905.0, 2092.0, 191.0) 
Voter 5: ID 643; Choice (1211.0, 1356.0, 2183.0, 193.0, 1347.0, 2092.0, 191.0) 
Voter 6: ID 63; Choice (2141.0, 1356.0, 2183.0, 1889.0, 193.0, 1347.0, 2092.0, 2121.0) 
Voter 7: ID 99; Choice (1211.0, 2141.0, 1356.0, 2183.0, 192.0, 193.0) 
Voter 8: ID 449; Choice (1211.0, 1356.0, 192.0, 1889.0, 1347.0, 1905.0, 191.0) 
Voter 9: ID 207; Choice (2141.0, 1356.0, 2183.0, 433.0, 193.0, 2092.0, 2121.0) 
Voter 10: ID 165; Choice (1356.0, 2183.0, 433.0, 1889.0, 193.0, 1347.0, 1905.0, 2092.0, 2121.0) 
Voter 11: ID 738; Choice (1356.0, 2183.0, 433.0, 192.0, 193.0, 1347.0, 1905.0, 191.0) 
Voter 12: ID 688; Choice (1211.0, 1356.0, 2183.0, 192.0, 193.0, 1347.0, 1905.0, 2092.0) 
Voter 13: ID 309; Choice (1356.0, 2183.0, 433.0, 192.0, 193.0, 1347.0, 1905.0, 2121.0) 
Voter 14: ID 675; Choice (1356.0, 2183.0, 433.0, 1889.0, 193.0, 2092.0, 2121.0, 191.0) 
Voter 15: ID 199; Choice (2141.0, 1356.0, 2183.0, 433.0, 1889.0, 193.0, 2121.0) 
Voter 16: ID 42; Choice (1356.0, 433.0, 1889.0, 193.0, 1347.0, 1905.0, 2092.0, 2121.0, 191.0) 
Voter 17: ID 604; Choice (2141.0, 1356.0, 2183.0, 433.0, 1889.0, 2092.0, 2121.0) 
Voter 18: ID 481; Choice (1211.0, 1356.0, 192.0, 1889.0, 193.0, 1347.0, 2092.0) 
Voter 19: ID 18; Choice (1356.0, 2183.0, 433.0, 192.0, 193.0, 1347.0, 1905.0, 2121.0) 
Voter 20: ID 542; Choice (2141.0, 1356.0, 2183.0, 433.0, 192.0, 1347.0, 191.0) 
Voter 21: ID 95; Choice (1211.0, 2183.0, 192.0, 1889.0, 193.0, 1347.0, 1905.0, 2092.0) 
Voter 22: ID 125; Choice (2141.0, 1356.0, 2183.0, 433.0, 1889.0, 193.0, 1347.0, 1905.0, 2092.0, 191.0) 
Voter 23: ID 565; Choice (1211.0, 1889.0, 193.0, 1347.0, 1905.0, 2092.0, 191.0) 
Voter 24: ID 413; Choice (2141.0, 1356.0, 1889.0, 193.0, 1347.0, 1905.0, 2092.0, 2121.0, 191.0) 
Voter 25: ID 28; Choice (1211.0, 1356.0, 2183.0, 192.0, 1889.0, 193.0, 2092.0, 191.0) 
Voter 26: ID 371; Choice (2141.0, 1356.0, 2183.0, 192.0, 1889.0, 1347.0, 2092.0, 2121.0) 
Voter 27: ID 155; Choice (1356.0, 2183.0, 433.0, 1889.0, 193.0, 1347.0, 2121.0, 191.0) 
Voter 28: ID 73; Choice (1356.0, 2183.0, 433.0, 1889.0, 193.0, 2092.0, 2121.0, 191.0) 
Voter 29: ID 54; Choice (2141.0, 1356.0, 2183.0, 433.0, 192.0, 1889.0, 193.0, 1905.0, 191.0) 
Voter 30: ID 238; Choice (1211.0, 2183.0, 192.0, 1889.0, 193.0, 1347.0, 1905.0, 2092.0) 
Voter 31: ID 275; Choice (1356.0, 2183.0, 433.0, 192.0, 193.0, 1347.0, 1905.0, 2121.0) 
Voter 32: ID 6; Choice (2141.0, 1356.0, 2183.0, 433.0, 192.0, 1347.0, 1905.0, 2092.0) 
Voter 33: ID 375; Choice (1211.0, 1356.0, 2183.0, 193.0, 1347.0, 2092.0, 191.0) 
Voter 34: ID 720; Choice (2141.0, 2183.0, 433.0, 192.0, 1889.0, 193.0, 1347.0, 191.0) 
Voter 35: ID 313; Choice (1356.0, 2183.0, 433.0, 192.0, 193.0, 1347.0, 1905.0, 2121.0) 
Voter 36: ID 465; Choice (2141.0, 1356.0, 2183.0, 1889.0, 193.0, 1347.0, 1905.0, 2121.0, 191.0) 
Voter 37: ID 108; Choice (1356.0, 2183.0, 433.0, 1889.0, 193.0, 2092.0, 2121.0, 191.0) 
Voter 38: ID 74; Choice (2141.0, 1356.0, 1889.0, 193.0, 1347.0, 1905.0, 2092.0, 2121.0, 191.0) 
Voter 39: ID 712; Choice (1211.0, 1356.0, 2183.0, 192.0, 193.0, 1347.0, 1905.0, 2092.0) 
Voter 40: ID 483; Choice (1356.0, 2183.0, 192.0, 1889.0, 193.0, 1905.0, 2092.0, 191.0, 1347.0) 
Voter 41: ID 693; Choice (2141.0, 1356.0, 2183.0, 433.0, 193.0, 1905.0, 2121.0, 191.0) 
Voter 42: ID 669; Choice (1356.0, 2183.0, 192.0, 1889.0, 193.0, 1347.0, 1905.0, 2092.0, 2121.0) 
Voter 43: ID 68; Choice (1356.0, 2183.0, 192.0, 1889.0, 193.0, 1905.0, 2092.0, 2121.0, 191.0) 
Voter 44: ID 446; Choice (2141.0, 1356.0, 2183.0, 433.0, 1889.0, 193.0, 2121.0) 
Voter 45: ID 202; Choice (2141.0, 1356.0, 2183.0, 193.0, 1347.0, 1905.0, 2092.0, 2121.0, 191.0) 
Voter 46: ID 22; Choice (2141.0, 1356.0, 2183.0, 192.0, 1889.0, 1347.0, 2092.0, 191.0) 
Voter 47: ID 695; Choice (2141.0, 1356.0, 2183.0, 192.0, 1889.0, 1347.0, 2092.0, 191.0) 
Voter 48: ID 346; Choice (1356.0, 2183.0, 192.0, 1889.0, 193.0, 1905.0, 2092.0, 191.0) 
Voter 49: ID 400; Choice (1211.0, 1356.0, 2183.0, 192.0, 193.0, 1347.0, 1905.0, 2092.0) 
Voter 50: ID 684; Choice (2141.0, 1356.0, 2183.0, 192.0, 1889.0, 1347.0, 2092.0, 2121.0) 
---------------------------------------------------------------------------
After Iteration 3 :
Voter 1: ID 362; Choice (1211.0, 1356.0, 193.0, 1347.0, 1905.0, 2092.0, 191.0) 
Voter 2: ID 730; Choice (2141.0, 2183.0, 192.0, 1889.0, 193.0, 1347.0, 1905.0, 2092.0, 2121.0, 191.0) 
Voter 3: ID 30; Choice (1211.0, 1356.0, 192.0, 1889.0, 1347.0, 1905.0, 2092.0) 
Voter 4: ID 725; Choice (1356.0, 2183.0, 433.0, 1889.0, 193.0, 1347.0, 1905.0, 2092.0, 2121.0) 
Voter 5: ID 643; Choice (1211.0, 1356.0, 2183.0, 192.0, 1889.0, 193.0, 1905.0, 191.0) 
Voter 6: ID 63; Choice (2141.0, 1356.0, 2183.0, 433.0, 192.0, 193.0, 2092.0, 191.0) 
Voter 7: ID 99; Choice (1356.0, 2183.0, 433.0, 1889.0, 193.0, 2092.0, 2121.0, 191.0) 
Voter 8: ID 449; Choice (1356.0, 433.0, 192.0, 193.0, 1347.0, 1905.0, 2092.0, 2121.0, 191.0) 
Voter 9: ID 207; Choice (1356.0, 2183.0, 433.0, 192.0, 193.0, 1347.0, 2121.0, 191.0) 
Voter 10: ID 165; Choice (1356.0, 2183.0, 433.0, 193.0, 1905.0, 2092.0, 2121.0, 191.0) 
Voter 11: ID 738; Choice (2141.0, 433.0, 192.0, 1889.0, 193.0, 1905.0, 2092.0, 2121.0, 191.0) 
Voter 12: ID 688; Choice (2141.0, 1356.0, 2183.0, 192.0, 1889.0, 1347.0, 1905.0, 2092.0) 
Voter 13: ID 309; Choice (2141.0, 1356.0, 2183.0, 433.0, 192.0, 1889.0, 193.0, 1347.0) 
Voter 14: ID 675; Choice (2141.0, 1356.0, 2183.0, 1889.0, 193.0, 1347.0, 1905.0, 2121.0, 191.0) 
Voter 15: ID 199; Choice (2141.0, 1356.0, 192.0, 1889.0, 1347.0, 1905.0, 2092.0, 2121.0, 191.0) 
Voter 16: ID 42; Choice (2141.0, 1356.0, 2183.0, 433.0, 192.0, 1889.0, 193.0, 1347.0) 
Voter 17: ID 604; Choice (1356.0, 2183.0, 433.0, 192.0, 193.0, 1347.0, 1905.0, 191.0) 
Voter 18: ID 481; Choice (1211.0, 2183.0, 192.0, 1889.0, 1905.0, 2092.0, 191.0) 
Voter 19: ID 18; Choice (2141.0, 1356.0, 2183.0, 433.0, 192.0, 193.0, 2092.0, 191.0) 
Voter 20: ID 542; Choice (1211.0, 1889.0, 193.0, 1347.0, 1905.0, 2092.0, 191.0) 
Voter 21: ID 95; Choice (1211.0, 1356.0, 2183.0, 192.0, 193.0, 1347.0, 1905.0, 2092.0) 
Voter 22: ID 125; Choice (2141.0, 1356.0, 2183.0, 433.0, 192.0, 1347.0, 191.0) 
Voter 23: ID 565; Choice (2141.0, 1356.0, 2183.0, 192.0, 1889.0, 1347.0, 1905.0, 2092.0) 
Voter 24: ID 413; Choice (2141.0, 2183.0, 433.0, 192.0, 1889.0, 1905.0, 2092.0, 2121.0, 191.0) 
Voter 25: ID 28; Choice (2141.0, 1356.0, 2183.0, 433.0, 192.0, 1889.0, 193.0, 1905.0, 191.0) 
Voter 26: ID 371; Choice (1356.0, 2183.0, 192.0, 1889.0, 193.0, 1347.0, 1905.0, 2092.0, 2121.0) 
Voter 27: ID 155; Choice (2141.0, 1356.0, 2183.0, 433.0, 192.0, 1347.0, 1905.0, 2092.0) 
Voter 28: ID 73; Choice (1211.0, 2183.0, 192.0, 1889.0, 1905.0, 2092.0, 191.0) 
Voter 29: ID 54; Choice (2141.0, 2183.0, 433.0, 192.0, 1889.0, 193.0, 1905.0, 2092.0, 191.0) 
Voter 30: ID 238; Choice (1211.0, 2141.0, 1356.0, 2183.0, 192.0, 193.0) 
Voter 31: ID 275; Choice (1356.0, 2183.0, 433.0, 192.0, 193.0, 1347.0, 1905.0, 191.0) 
Voter 32: ID 6; Choice (1356.0, 2183.0, 192.0, 1889.0, 193.0, 1905.0, 2092.0, 2121.0, 191.0) 
Voter 33: ID 375; Choice (1211.0, 1889.0, 193.0, 1347.0, 1905.0, 2092.0, 191.0) 
Voter 34: ID 720; Choice (1356.0, 2183.0, 433.0, 192.0, 193.0, 1347.0, 1905.0, 2121.0) 
Voter 35: ID 313; Choice (2141.0, 1356.0, 2183.0, 192.0, 1889.0, 193.0, 1347.0, 1905.0, 2121.0) 
Voter 36: ID 465; Choice (1356.0, 2183.0, 433.0, 192.0, 193.0, 1347.0, 1905.0, 191.0) 
Voter 37: ID 108; Choice (2141.0, 1356.0, 192.0, 1889.0, 193.0, 1347.0, 1905.0, 2121.0, 191.0) 
Voter 38: ID 74; Choice (2141.0, 1356.0, 192.0, 1889.0, 1347.0, 1905.0, 2092.0, 2121.0, 191.0) 
Voter 39: ID 712; Choice (2141.0, 1356.0, 1889.0, 193.0, 1347.0, 1905.0, 2092.0, 2121.0, 191.0) 
Voter 40: ID 483; Choice (2141.0, 1356.0, 192.0, 1889.0, 1347.0, 1905.0, 2092.0, 2121.0, 191.0) 
Voter 41: ID 693; Choice (2141.0, 1356.0, 2183.0, 192.0, 1889.0, 193.0, 1347.0, 1905.0, 2121.0) 
Voter 42: ID 669; Choice (1356.0, 2183.0, 192.0, 1889.0, 193.0, 1905.0, 2092.0, 191.0) 
Voter 43: ID 68; Choice (2141.0, 2183.0, 433.0, 192.0, 1889.0, 193.0, 1905.0, 2092.0, 2121.0) 
Voter 44: ID 446; Choice (1356.0, 2183.0, 433.0, 1889.0, 193.0, 1347.0, 1905.0, 2092.0, 2121.0) 
Voter 45: ID 202; Choice (1211.0, 1356.0, 2183.0, 192.0, 1889.0, 193.0, 1905.0, 191.0) 
Voter 46: ID 22; Choice (2141.0, 1356.0, 2183.0, 192.0, 1889.0, 193.0, 1347.0, 2121.0, 191.0) 
Voter 47: ID 695; Choice (1211.0, 1356.0, 193.0, 1347.0, 1905.0, 2092.0, 191.0) 
Voter 48: ID 346; Choice (1356.0, 2183.0, 433.0, 193.0, 1905.0, 2092.0, 2121.0, 191.0) 
Voter 49: ID 400; Choice (2141.0, 1356.0, 1889.0, 193.0, 1347.0, 1905.0, 2092.0, 2121.0, 191.0) 
Voter 50: ID 684; Choice (1356.0, 2183.0, 433.0, 192.0, 193.0, 1347.0, 2092.0, 191.0) 
---------------------------------------------------------------------------
After Iteration 4 :
Voter 1: ID 362; Choice (2141.0, 1356.0, 433.0, 192.0, 1889.0, 193.0, 1347.0, 1905.0, 2092.0, 191.0) 
Voter 2: ID 730; Choice (2141.0, 1356.0, 2183.0, 192.0, 1889.0, 1347.0, 2092.0, 191.0) 
Voter 3: ID 30; Choice (2141.0, 1356.0, 433.0, 192.0, 1889.0, 193.0, 1347.0, 1905.0, 2092.0, 191.0) 
Voter 4: ID 725; Choice (2141.0, 1356.0, 2183.0, 192.0, 1889.0, 1347.0, 2092.0, 191.0) 
Voter 5: ID 643; Choice (2141.0, 1356.0, 2183.0, 433.0, 192.0, 1347.0, 1905.0, 2092.0) 
Voter 6: ID 63; Choice (2141.0, 1356.0, 433.0, 192.0, 1889.0, 193.0, 1347.0, 1905.0, 2092.0, 191.0) 
Voter 7: ID 99; Choice (2141.0, 1356.0, 2183.0, 192.0, 1889.0, 1347.0, 2092.0, 2121.0) 
Voter 8: ID 449; Choice (2141.0, 1356.0, 2183.0, 192.0, 1889.0, 1347.0, 2092.0, 191.0) 
Voter 9: ID 207; Choice (1356.0, 2183.0, 192.0, 1889.0, 193.0, 1905.0, 2092.0, 191.0) 
Voter 10: ID 165; Choice (2141.0, 1356.0, 2183.0, 192.0, 1889.0, 1347.0, 2092.0, 191.0) 
Voter 11: ID 738; Choice (2141.0, 1356.0, 433.0, 192.0, 1889.0, 193.0, 1347.0, 1905.0, 2092.0, 191.0) 
Voter 12: ID 688; Choice (2141.0, 1356.0, 433.0, 192.0, 1889.0, 193.0, 1347.0, 1905.0, 2092.0, 191.0) 
Voter 13: ID 309; Choice (2141.0, 1356.0, 433.0, 192.0, 1889.0, 193.0, 1347.0, 1905.0, 2092.0, 191.0) 
Voter 14: ID 675; Choice (2141.0, 1356.0, 433.0, 192.0, 1889.0, 193.0, 1347.0, 1905.0, 2092.0, 191.0) 
Voter 15: ID 199; Choice (1356.0, 2183.0, 192.0, 1889.0, 193.0, 1905.0, 2092.0, 191.0) 
Voter 16: ID 42; Choice (2141.0, 1356.0, 433.0, 192.0, 1889.0, 193.0, 1347.0, 1905.0, 2092.0, 191.0) 
Voter 17: ID 604; Choice (2141.0, 1356.0, 1889.0, 193.0, 1347.0, 1905.0, 2092.0, 2121.0, 191.0) 
Voter 18: ID 481; Choice (2141.0, 1356.0, 433.0, 192.0, 1889.0, 193.0, 1347.0, 1905.0, 2092.0, 191.0) 
Voter 19: ID 18; Choice (2141.0, 1356.0, 433.0, 192.0, 1889.0, 193.0, 1347.0, 1905.0, 2092.0, 191.0) 
Voter 20: ID 542; Choice (2141.0, 1356.0, 433.0, 192.0, 1889.0, 193.0, 1347.0, 1905.0, 2092.0, 191.0) 
Voter 21: ID 95; Choice (2141.0, 1356.0, 433.0, 192.0, 1889.0, 193.0, 1347.0, 1905.0, 2092.0, 191.0) 
Voter 22: ID 125; Choice (1356.0, 2183.0, 192.0, 1889.0, 193.0, 1905.0, 2092.0, 191.0) 
Voter 23: ID 565; Choice (1356.0, 2183.0, 192.0, 1889.0, 193.0, 1905.0, 2092.0, 191.0) 
Voter 24: ID 413; Choice (2141.0, 1356.0, 1889.0, 193.0, 1347.0, 1905.0, 2092.0, 2121.0, 191.0) 
Voter 25: ID 28; Choice (2141.0, 1356.0, 433.0, 192.0, 1889.0, 193.0, 1347.0, 1905.0, 2092.0, 191.0) 
Voter 26: ID 371; Choice (2141.0, 1356.0, 433.0, 192.0, 1889.0, 193.0, 1347.0, 1905.0, 2092.0, 191.0) 
Voter 27: ID 155; Choice (2141.0, 1356.0, 433.0, 192.0, 1889.0, 193.0, 1347.0, 1905.0, 2092.0, 191.0) 
Voter 28: ID 73; Choice (2141.0, 1356.0, 2183.0, 192.0, 1889.0, 1347.0, 2092.0, 191.0) 
Voter 29: ID 54; Choice (2141.0, 1356.0, 2183.0, 192.0, 1889.0, 1347.0, 2092.0, 191.0) 
Voter 30: ID 238; Choice (2141.0, 1356.0, 2183.0, 192.0, 1889.0, 1347.0, 2092.0, 191.0) 
Voter 31: ID 275; Choice (2141.0, 1356.0, 1889.0, 193.0, 1347.0, 1905.0, 2092.0, 2121.0, 191.0) 
Voter 32: ID 6; Choice (2141.0, 1356.0, 1889.0, 193.0, 1347.0, 1905.0, 2092.0, 2121.0, 191.0) 
Voter 33: ID 375; Choice (2141.0, 1356.0, 433.0, 192.0, 1889.0, 193.0, 1347.0, 1905.0, 2092.0, 191.0) 
Voter 34: ID 720; Choice (2141.0, 1356.0, 433.0, 192.0, 1889.0, 193.0, 1347.0, 1905.0, 2092.0, 191.0) 
Voter 35: ID 313; Choice (1356.0, 2183.0, 192.0, 1889.0, 193.0, 1905.0, 2092.0, 191.0) 
Voter 36: ID 465; Choice (2141.0, 1356.0, 2183.0, 192.0, 1889.0, 1347.0, 2092.0, 191.0) 
Voter 37: ID 108; Choice (2141.0, 1356.0, 2183.0, 192.0, 1889.0, 1347.0, 2092.0, 191.0) 
Voter 38: ID 74; Choice (2141.0, 1356.0, 433.0, 192.0, 1889.0, 193.0, 1347.0, 1905.0, 2092.0, 191.0) 
Voter 39: ID 712; Choice (2141.0, 1356.0, 433.0, 192.0, 1889.0, 193.0, 1347.0, 1905.0, 2092.0, 191.0) 
Voter 40: ID 483; Choice (2141.0, 1356.0, 2183.0, 192.0, 1889.0, 1347.0, 2092.0, 191.0) 
Voter 41: ID 693; Choice (1356.0, 2183.0, 192.0, 1889.0, 193.0, 1905.0, 2092.0, 191.0) 
Voter 42: ID 669; Choice (2141.0, 1356.0, 433.0, 192.0, 1889.0, 193.0, 1347.0, 1905.0, 2092.0, 191.0) 
Voter 43: ID 68; Choice (2141.0, 1356.0, 433.0, 192.0, 1889.0, 193.0, 1347.0, 1905.0, 2092.0, 191.0) 
Voter 44: ID 446; Choice (2141.0, 1356.0, 433.0, 192.0, 1889.0, 193.0, 1347.0, 1905.0, 2092.0, 191.0) 
Voter 45: ID 202; Choice (2141.0, 1356.0, 1889.0, 193.0, 1347.0, 1905.0, 2092.0, 2121.0, 191.0) 
Voter 46: ID 22; Choice (2141.0, 1356.0, 1889.0, 193.0, 1347.0, 1905.0, 2092.0, 2121.0, 191.0) 
Voter 47: ID 695; Choice (2141.0, 1356.0, 433.0, 192.0, 1889.0, 193.0, 1347.0, 1905.0, 2092.0, 191.0) 
Voter 48: ID 346; Choice (2141.0, 1356.0, 2183.0, 433.0, 192.0, 1347.0, 1905.0, 2092.0) 
Voter 49: ID 400; Choice (2141.0, 1356.0, 1889.0, 193.0, 1347.0, 1905.0, 2092.0, 2121.0, 191.0) 
Voter 50: ID 684; Choice (1356.0, 2183.0, 192.0, 1889.0, 193.0, 1905.0, 2092.0, 191.0) 
---------------------------------------------------------------------------
After Iteration 5 :
Voter 1: ID 362; Choice (2141.0, 1356.0, 433.0, 192.0, 1889.0, 193.0, 1347.0, 1905.0, 2092.0, 191.0) 
Voter 2: ID 730; Choice (2141.0, 1356.0, 433.0, 192.0, 1889.0, 193.0, 1347.0, 1905.0, 2092.0, 191.0) 
Voter 3: ID 30; Choice (2141.0, 1356.0, 433.0, 192.0, 1889.0, 193.0, 1347.0, 1905.0, 2092.0, 191.0) 
Voter 4: ID 725; Choice (2141.0, 1356.0, 2183.0, 192.0, 1889.0, 1347.0, 2092.0, 191.0) 
Voter 5: ID 643; Choice (2141.0, 1356.0, 2183.0, 433.0, 192.0, 1347.0, 1905.0, 2092.0) 
Voter 6: ID 63; Choice (2141.0, 1356.0, 433.0, 192.0, 1889.0, 193.0, 1347.0, 1905.0, 2092.0, 191.0) 
Voter 7: ID 99; Choice (2141.0, 1356.0, 2183.0, 192.0, 1889.0, 1347.0, 2092.0, 2121.0) 
Voter 8: ID 449; Choice (2141.0, 1356.0, 2183.0, 192.0, 1889.0, 1347.0, 2092.0, 191.0) 
Voter 9: ID 207; Choice (1356.0, 2183.0, 433.0, 192.0, 193.0, 1347.0, 2121.0, 191.0) 
Voter 10: ID 165; Choice (2141.0, 1356.0, 1889.0, 193.0, 1347.0, 1905.0, 2092.0, 2121.0, 191.0) 
Voter 11: ID 738; Choice (2141.0, 1356.0, 433.0, 192.0, 1889.0, 193.0, 1347.0, 1905.0, 2092.0, 191.0) 
Voter 12: ID 688; Choice (2141.0, 1356.0, 433.0, 192.0, 1889.0, 193.0, 1347.0, 1905.0, 2092.0, 191.0) 
Voter 13: ID 309; Choice (2141.0, 1356.0, 433.0, 192.0, 1889.0, 193.0, 1347.0, 1905.0, 2092.0, 191.0) 
Voter 14: ID 675; Choice (2141.0, 1356.0, 433.0, 192.0, 1889.0, 193.0, 1347.0, 1905.0, 2092.0, 191.0) 
Voter 15: ID 199; Choice (1356.0, 2183.0, 192.0, 1889.0, 193.0, 1905.0, 2092.0, 191.0) 
Voter 16: ID 42; Choice (2141.0, 1356.0, 433.0, 192.0, 1889.0, 193.0, 1347.0, 1905.0, 2092.0, 191.0) 
Voter 17: ID 604; Choice (2141.0, 1356.0, 1889.0, 193.0, 1347.0, 1905.0, 2092.0, 2121.0, 191.0) 
Voter 18: ID 481; Choice (2141.0, 1356.0, 433.0, 192.0, 1889.0, 193.0, 1347.0, 1905.0, 2092.0, 191.0) 
Voter 19: ID 18; Choice (2141.0, 1356.0, 433.0, 192.0, 1889.0, 193.0, 1347.0, 1905.0, 2092.0, 191.0) 
Voter 20: ID 542; Choice (2141.0, 1356.0, 433.0, 192.0, 1889.0, 193.0, 1347.0, 1905.0, 2092.0, 191.0) 
Voter 21: ID 95; Choice (2141.0, 1356.0, 433.0, 192.0, 1889.0, 193.0, 1347.0, 1905.0, 2092.0, 191.0) 
Voter 22: ID 125; Choice (1356.0, 2183.0, 192.0, 1889.0, 193.0, 1905.0, 2092.0, 191.0) 
Voter 23: ID 565; Choice (2141.0, 1356.0, 433.0, 192.0, 1889.0, 193.0, 1347.0, 1905.0, 2092.0, 191.0) 
Voter 24: ID 413; Choice (2141.0, 1356.0, 1889.0, 193.0, 1347.0, 1905.0, 2092.0, 2121.0, 191.0) 
Voter 25: ID 28; Choice (2141.0, 1356.0, 433.0, 192.0, 1889.0, 193.0, 1347.0, 1905.0, 2092.0, 191.0) 
Voter 26: ID 371; Choice (2141.0, 1356.0, 433.0, 192.0, 1889.0, 193.0, 1347.0, 1905.0, 2092.0, 191.0) 
Voter 27: ID 155; Choice (1211.0, 1356.0, 192.0, 1889.0, 193.0, 1347.0, 2092.0) 
Voter 28: ID 73; Choice (2141.0, 1356.0, 2183.0, 192.0, 1889.0, 1347.0, 2092.0, 191.0) 
Voter 29: ID 54; Choice (2141.0, 1356.0, 2183.0, 433.0, 192.0, 1889.0, 193.0, 1905.0, 191.0) 
Voter 30: ID 238; Choice (2141.0, 1356.0, 433.0, 192.0, 1889.0, 193.0, 1347.0, 1905.0, 2092.0, 191.0) 
Voter 31: ID 275; Choice (2141.0, 1356.0, 1889.0, 193.0, 1347.0, 1905.0, 2092.0, 2121.0, 191.0) 
Voter 32: ID 6; Choice (2141.0, 1356.0, 2183.0, 192.0, 1889.0, 193.0, 1347.0, 1905.0, 2121.0) 
Voter 33: ID 375; Choice (2141.0, 1356.0, 433.0, 192.0, 1889.0, 193.0, 1347.0, 1905.0, 2092.0, 191.0) 
Voter 34: ID 720; Choice (2141.0, 1356.0, 433.0, 192.0, 1889.0, 193.0, 1347.0, 1905.0, 2092.0, 191.0) 
Voter 35: ID 313; Choice (2141.0, 1356.0, 2183.0, 192.0, 1889.0, 193.0, 1347.0, 1905.0, 2121.0) 
Voter 36: ID 465; Choice (2141.0, 1356.0, 433.0, 192.0, 1889.0, 193.0, 1347.0, 1905.0, 2092.0, 191.0) 
Voter 37: ID 108; Choice (2141.0, 1356.0, 2183.0, 192.0, 1889.0, 1347.0, 2092.0, 191.0) 
Voter 38: ID 74; Choice (2141.0, 1356.0, 433.0, 192.0, 1889.0, 193.0, 1347.0, 1905.0, 2092.0, 191.0) 
Voter 39: ID 712; Choice (2141.0, 1356.0, 433.0, 192.0, 1889.0, 193.0, 1347.0, 1905.0, 2092.0, 191.0) 
Voter 40: ID 483; Choice (2141.0, 1356.0, 433.0, 192.0, 1889.0, 193.0, 1347.0, 1905.0, 2092.0, 191.0) 
Voter 41: ID 693; Choice (2141.0, 1356.0, 2183.0, 192.0, 1889.0, 193.0, 1347.0, 1905.0, 2121.0) 
Voter 42: ID 669; Choice (2141.0, 1356.0, 433.0, 192.0, 1889.0, 193.0, 1347.0, 1905.0, 2092.0, 191.0) 
Voter 43: ID 68; Choice (2141.0, 1356.0, 433.0, 192.0, 1889.0, 193.0, 1347.0, 1905.0, 2092.0, 191.0) 
Voter 44: ID 446; Choice (2141.0, 1356.0, 433.0, 192.0, 1889.0, 193.0, 1347.0, 1905.0, 2092.0, 191.0) 
Voter 45: ID 202; Choice (2141.0, 1356.0, 1889.0, 193.0, 1347.0, 1905.0, 2092.0, 2121.0, 191.0) 
Voter 46: ID 22; Choice (2141.0, 1356.0, 2183.0, 192.0, 1889.0, 193.0, 1347.0, 2121.0, 191.0) 
Voter 47: ID 695; Choice (2141.0, 1356.0, 433.0, 192.0, 1889.0, 193.0, 1347.0, 1905.0, 2092.0, 191.0) 
Voter 48: ID 346; Choice (2141.0, 1356.0, 1889.0, 193.0, 1347.0, 1905.0, 2092.0, 2121.0, 191.0) 
Voter 49: ID 400; Choice (2141.0, 1356.0, 1889.0, 193.0, 1347.0, 1905.0, 2092.0, 2121.0, 191.0) 
Voter 50: ID 684; Choice (1356.0, 2183.0, 433.0, 192.0, 193.0, 1347.0, 2092.0, 191.0) 
---------------------------------------------------------------------------
After Iteration 6 :
Voter 1: ID 362; Choice (2141.0, 1356.0, 433.0, 192.0, 1889.0, 193.0, 1347.0, 1905.0, 2092.0, 191.0) 
Voter 2: ID 730; Choice (2141.0, 1356.0, 433.0, 192.0, 1889.0, 193.0, 1347.0, 1905.0, 2092.0, 191.0) 
Voter 3: ID 30; Choice (2141.0, 1356.0, 433.0, 192.0, 1889.0, 193.0, 1347.0, 1905.0, 2092.0, 191.0) 
Voter 4: ID 725; Choice (2141.0, 1356.0, 433.0, 192.0, 1889.0, 193.0, 1347.0, 1905.0, 2092.0, 191.0) 
Voter 5: ID 643; Choice (2141.0, 1356.0, 2183.0, 192.0, 1889.0, 193.0, 1347.0, 1905.0, 2121.0) 
Voter 6: ID 63; Choice (2141.0, 1356.0, 433.0, 192.0, 1889.0, 193.0, 1347.0, 1905.0, 2092.0, 191.0) 
Voter 7: ID 99; Choice (2141.0, 1356.0, 2183.0, 192.0, 1889.0, 1347.0, 2092.0, 2121.0) 
Voter 8: ID 449; Choice (2141.0, 1356.0, 2183.0, 192.0, 1889.0, 193.0, 1347.0, 1905.0, 2121.0) 
Voter 9: ID 207; Choice (1356.0, 2183.0, 192.0, 1889.0, 193.0, 1905.0, 2092.0, 191.0) 
Voter 10: ID 165; Choice (2141.0, 1356.0, 2183.0, 192.0, 1889.0, 193.0, 1347.0, 1905.0, 2121.0) 
Voter 11: ID 738; Choice (2141.0, 1356.0, 433.0, 192.0, 1889.0, 193.0, 1347.0, 1905.0, 2092.0, 191.0) 
Voter 12: ID 688; Choice (2141.0, 1356.0, 433.0, 192.0, 1889.0, 193.0, 1347.0, 1905.0, 2092.0, 191.0) 
Voter 13: ID 309; Choice (2141.0, 1356.0, 433.0, 192.0, 1889.0, 193.0, 1347.0, 1905.0, 2092.0, 191.0) 
Voter 14: ID 675; Choice (2141.0, 1356.0, 433.0, 192.0, 1889.0, 193.0, 1347.0, 1905.0, 2092.0, 191.0) 
Voter 15: ID 199; Choice (2141.0, 1356.0, 433.0, 192.0, 1889.0, 193.0, 1347.0, 1905.0, 2092.0, 191.0) 
Voter 16: ID 42; Choice (2141.0, 1356.0, 2183.0, 192.0, 1889.0, 193.0, 1347.0, 1905.0, 2121.0) 
Voter 17: ID 604; Choice (2141.0, 1356.0, 1889.0, 193.0, 1347.0, 1905.0, 2092.0, 2121.0, 191.0) 
Voter 18: ID 481; Choice (2141.0, 1356.0, 2183.0, 192.0, 1889.0, 193.0, 1347.0, 1905.0, 2121.0) 
Voter 19: ID 18; Choice (2141.0, 1356.0, 2183.0, 192.0, 1889.0, 193.0, 1347.0, 1905.0, 2121.0) 
Voter 20: ID 542; Choice (2141.0, 1356.0, 433.0, 192.0, 1889.0, 193.0, 1347.0, 1905.0, 2092.0, 191.0) 
Voter 21: ID 95; Choice (2141.0, 1356.0, 433.0, 192.0, 1889.0, 193.0, 1347.0, 1905.0, 2092.0, 191.0) 
Voter 22: ID 125; Choice (1356.0, 2183.0, 192.0, 1889.0, 193.0, 1905.0, 2092.0, 191.0) 
Voter 23: ID 565; Choice (2141.0, 1356.0, 2183.0, 192.0, 1889.0, 193.0, 1347.0, 1905.0, 2121.0) 
Voter 24: ID 413; Choice (2141.0, 1356.0, 1889.0, 193.0, 1347.0, 1905.0, 2092.0, 2121.0, 191.0) 
Voter 25: ID 28; Choice (2141.0, 1356.0, 433.0, 192.0, 1889.0, 193.0, 1347.0, 1905.0, 2092.0, 191.0) 
Voter 26: ID 371; Choice (2141.0, 1356.0, 433.0, 192.0, 1889.0, 193.0, 1347.0, 1905.0, 2092.0, 191.0) 
Voter 27: ID 155; Choice (2141.0, 1356.0, 433.0, 192.0, 1889.0, 193.0, 1347.0, 1905.0, 2092.0, 191.0) 
Voter 28: ID 73; Choice (2141.0, 1356.0, 2183.0, 192.0, 1889.0, 1347.0, 2092.0, 191.0) 
Voter 29: ID 54; Choice (2141.0, 1356.0, 2183.0, 192.0, 1889.0, 1347.0, 2092.0, 191.0) 
Voter 30: ID 238; Choice (2141.0, 1356.0, 433.0, 192.0, 1889.0, 193.0, 1347.0, 1905.0, 2092.0, 191.0) 
Voter 31: ID 275; Choice (2141.0, 1356.0, 1889.0, 193.0, 1347.0, 1905.0, 2092.0, 2121.0, 191.0) 
Voter 32: ID 6; Choice (2141.0, 1356.0, 1889.0, 193.0, 1347.0, 1905.0, 2092.0, 2121.0, 191.0) 
Voter 33: ID 375; Choice (2141.0, 1356.0, 433.0, 192.0, 1889.0, 193.0, 1347.0, 1905.0, 2092.0, 191.0) 
Voter 34: ID 720; Choice (2141.0, 1356.0, 433.0, 192.0, 1889.0, 193.0, 1347.0, 1905.0, 2092.0, 191.0) 
Voter 35: ID 313; Choice (1356.0, 2183.0, 192.0, 1889.0, 193.0, 1905.0, 2092.0, 191.0) 
Voter 36: ID 465; Choice (2141.0, 1356.0, 2183.0, 192.0, 1889.0, 1347.0, 2092.0, 191.0) 
Voter 37: ID 108; Choice (2141.0, 1356.0, 433.0, 192.0, 1889.0, 193.0, 1347.0, 1905.0, 2092.0, 191.0) 
Voter 38: ID 74; Choice (2141.0, 1356.0, 433.0, 192.0, 1889.0, 193.0, 1347.0, 1905.0, 2092.0, 191.0) 
Voter 39: ID 712; Choice (2141.0, 1356.0, 433.0, 192.0, 1889.0, 193.0, 1347.0, 1905.0, 2092.0, 191.0) 
Voter 40: ID 483; Choice (2141.0, 1356.0, 433.0, 192.0, 1889.0, 193.0, 1347.0, 1905.0, 2092.0, 191.0) 
Voter 41: ID 693; Choice (2141.0, 1356.0, 2183.0, 192.0, 1889.0, 193.0, 1347.0, 1905.0, 2121.0) 
Voter 42: ID 669; Choice (2141.0, 1356.0, 433.0, 192.0, 1889.0, 193.0, 1347.0, 1905.0, 2092.0, 191.0) 
Voter 43: ID 68; Choice (2141.0, 1356.0, 433.0, 192.0, 1889.0, 193.0, 1347.0, 1905.0, 2092.0, 191.0) 
Voter 44: ID 446; Choice (2141.0, 1356.0, 433.0, 192.0, 1889.0, 193.0, 1347.0, 1905.0, 2092.0, 191.0) 
Voter 45: ID 202; Choice (2141.0, 1356.0, 1889.0, 193.0, 1347.0, 1905.0, 2092.0, 2121.0, 191.0) 
Voter 46: ID 22; Choice (2141.0, 1356.0, 1889.0, 193.0, 1347.0, 1905.0, 2092.0, 2121.0, 191.0) 
Voter 47: ID 695; Choice (2141.0, 1356.0, 433.0, 192.0, 1889.0, 193.0, 1347.0, 1905.0, 2092.0, 191.0) 
Voter 48: ID 346; Choice (2141.0, 1356.0, 433.0, 192.0, 1889.0, 193.0, 1347.0, 1905.0, 2092.0, 191.0) 
Voter 49: ID 400; Choice (2141.0, 1356.0, 1889.0, 193.0, 1347.0, 1905.0, 2092.0, 2121.0, 191.0) 
Voter 50: ID 684; Choice (1356.0, 2183.0, 433.0, 192.0, 193.0, 1347.0, 2092.0, 191.0) 
---------------------------------------------------------------------------
After Iteration 7 :
Voter 1: ID 362; Choice (2141.0, 1356.0, 1889.0, 193.0, 1347.0, 1905.0, 2092.0, 2121.0, 191.0) 
Voter 2: ID 730; Choice (2141.0, 1356.0, 1889.0, 193.0, 1347.0, 1905.0, 2092.0, 2121.0, 191.0) 
Voter 3: ID 30; Choice (2141.0, 1356.0, 433.0, 192.0, 1889.0, 193.0, 1347.0, 1905.0, 2092.0, 191.0) 
Voter 4: ID 725; Choice (2141.0, 1356.0, 2183.0, 192.0, 1889.0, 1347.0, 2092.0, 191.0) 
Voter 5: ID 643; Choice (2141.0, 1356.0, 433.0, 192.0, 1889.0, 193.0, 1347.0, 1905.0, 2092.0, 191.0) 
Voter 6: ID 63; Choice (2141.0, 1356.0, 1889.0, 193.0, 1347.0, 1905.0, 2092.0, 2121.0, 191.0) 
Voter 7: ID 99; Choice (1356.0, 2183.0, 433.0, 192.0, 193.0, 1347.0, 2121.0, 191.0) 
Voter 8: ID 449; Choice (2141.0, 1356.0, 2183.0, 192.0, 1889.0, 193.0, 1347.0, 1905.0, 2121.0) 
Voter 9: ID 207; Choice (2141.0, 1356.0, 433.0, 192.0, 1889.0, 193.0, 1347.0, 1905.0, 2092.0, 191.0) 
Voter 10: ID 165; Choice (2141.0, 1356.0, 433.0, 192.0, 1889.0, 193.0, 1347.0, 1905.0, 2092.0, 191.0) 
Voter 11: ID 738; Choice (2141.0, 1356.0, 1889.0, 193.0, 1347.0, 1905.0, 2092.0, 2121.0, 191.0) 
Voter 12: ID 688; Choice (2141.0, 1356.0, 2183.0, 192.0, 1889.0, 193.0, 1347.0, 1905.0, 2121.0) 
Voter 13: ID 309; Choice (2141.0, 1356.0, 2183.0, 192.0, 1889.0, 193.0, 1347.0, 1905.0, 2121.0) 
Voter 14: ID 675; Choice (2141.0, 1356.0, 433.0, 192.0, 1889.0, 193.0, 1347.0, 1905.0, 2092.0, 191.0) 
Voter 15: ID 199; Choice (1356.0, 2183.0, 192.0, 1889.0, 193.0, 1905.0, 2092.0, 191.0) 
Voter 16: ID 42; Choice (2141.0, 1356.0, 2183.0, 192.0, 1889.0, 193.0, 1347.0, 1905.0, 2121.0) 
Voter 17: ID 604; Choice (2141.0, 1356.0, 433.0, 192.0, 1889.0, 193.0, 1347.0, 1905.0, 2092.0, 191.0) 
Voter 18: ID 481; Choice (2141.0, 1356.0, 2183.0, 192.0, 1889.0, 193.0, 1347.0, 1905.0, 2121.0) 
Voter 19: ID 18; Choice (2141.0, 1356.0, 433.0, 192.0, 1889.0, 193.0, 1347.0, 1905.0, 2092.0, 191.0) 
Voter 20: ID 542; Choice (2141.0, 1356.0, 433.0, 192.0, 1889.0, 193.0, 1347.0, 1905.0, 2092.0, 191.0) 
Voter 21: ID 95; Choice (2141.0, 1356.0, 1889.0, 193.0, 1347.0, 1905.0, 2092.0, 2121.0, 191.0) 
Voter 22: ID 125; Choice (1356.0, 2183.0, 192.0, 1889.0, 193.0, 1905.0, 2092.0, 191.0) 
Voter 23: ID 565; Choice (2141.0, 1356.0, 433.0, 192.0, 1889.0, 193.0, 1347.0, 1905.0, 2092.0, 191.0) 
Voter 24: ID 413; Choice (2141.0, 1356.0, 1889.0, 193.0, 1347.0, 1905.0, 2092.0, 2121.0, 191.0) 
Voter 25: ID 28; Choice (2141.0, 1356.0, 433.0, 192.0, 1889.0, 193.0, 1347.0, 1905.0, 2092.0, 191.0) 
Voter 26: ID 371; Choice (2141.0, 1356.0, 433.0, 192.0, 1889.0, 193.0, 1347.0, 1905.0, 2092.0, 191.0) 
Voter 27: ID 155; Choice (2141.0, 1356.0, 433.0, 192.0, 1889.0, 193.0, 1347.0, 1905.0, 2092.0, 191.0) 
Voter 28: ID 73; Choice (2141.0, 1356.0, 1889.0, 193.0, 1347.0, 1905.0, 2092.0, 2121.0, 191.0) 
Voter 29: ID 54; Choice (2141.0, 1356.0, 433.0, 192.0, 1889.0, 193.0, 1347.0, 1905.0, 2092.0, 191.0) 
Voter 30: ID 238; Choice (2141.0, 1356.0, 433.0, 192.0, 1889.0, 193.0, 1347.0, 1905.0, 2092.0, 191.0) 
Voter 31: ID 275; Choice (2141.0, 1356.0, 1889.0, 193.0, 1347.0, 1905.0, 2092.0, 2121.0, 191.0) 
Voter 32: ID 6; Choice (2141.0, 1356.0, 2183.0, 192.0, 1889.0, 193.0, 1347.0, 1905.0, 2121.0) 
Voter 33: ID 375; Choice (2141.0, 1356.0, 433.0, 192.0, 1889.0, 193.0, 1347.0, 1905.0, 2092.0, 191.0) 
Voter 34: ID 720; Choice (2141.0, 1356.0, 1889.0, 193.0, 1347.0, 1905.0, 2092.0, 2121.0, 191.0) 
Voter 35: ID 313; Choice (2141.0, 1356.0, 433.0, 192.0, 1889.0, 193.0, 1347.0, 1905.0, 2092.0, 191.0) 
Voter 36: ID 465; Choice (2141.0, 1356.0, 2183.0, 192.0, 1889.0, 193.0, 1347.0, 1905.0, 2121.0) 
Voter 37: ID 108; Choice (2141.0, 1356.0, 1889.0, 193.0, 1347.0, 1905.0, 2092.0, 2121.0, 191.0) 
Voter 38: ID 74; Choice (2141.0, 1356.0, 433.0, 192.0, 1889.0, 193.0, 1347.0, 1905.0, 2092.0, 191.0) 
Voter 39: ID 712; Choice (2141.0, 1356.0, 433.0, 192.0, 1889.0, 193.0, 1347.0, 1905.0, 2092.0, 191.0) 
Voter 40: ID 483; Choice (2141.0, 1356.0, 433.0, 192.0, 1889.0, 193.0, 1347.0, 1905.0, 2092.0, 191.0) 
Voter 41: ID 693; Choice (2141.0, 1356.0, 2183.0, 192.0, 1889.0, 193.0, 1347.0, 1905.0, 2121.0) 
Voter 42: ID 669; Choice (2141.0, 1356.0, 1889.0, 193.0, 1347.0, 1905.0, 2092.0, 2121.0, 191.0) 
Voter 43: ID 68; Choice (2141.0, 1356.0, 433.0, 192.0, 1889.0, 193.0, 1347.0, 1905.0, 2092.0, 191.0) 
Voter 44: ID 446; Choice (2141.0, 1356.0, 433.0, 192.0, 1889.0, 193.0, 1347.0, 1905.0, 2092.0, 191.0) 
Voter 45: ID 202; Choice (2141.0, 1356.0, 433.0, 192.0, 1889.0, 193.0, 1347.0, 1905.0, 2092.0, 191.0) 
Voter 46: ID 22; Choice (2141.0, 1356.0, 2183.0, 192.0, 1889.0, 193.0, 1347.0, 2121.0, 191.0) 
Voter 47: ID 695; Choice (1356.0, 2183.0, 192.0, 1889.0, 193.0, 1905.0, 2092.0, 191.0) 
Voter 48: ID 346; Choice (2141.0, 1356.0, 433.0, 192.0, 1889.0, 193.0, 1347.0, 1905.0, 2092.0, 191.0) 
Voter 49: ID 400; Choice (2141.0, 1356.0, 1889.0, 193.0, 1347.0, 1905.0, 2092.0, 2121.0, 191.0) 
Voter 50: ID 684; Choice (1356.0, 2183.0, 433.0, 192.0, 193.0, 1347.0, 2092.0, 191.0) 
---------------------------------------------------------------------------
After Iteration 8 :
Voter 1: ID 362; Choice (2141.0, 1356.0, 433.0, 192.0, 1889.0, 193.0, 1347.0, 1905.0, 2092.0, 191.0) 
Voter 2: ID 730; Choice (2141.0, 1356.0, 433.0, 192.0, 1889.0, 193.0, 1347.0, 1905.0, 2092.0, 191.0) 
Voter 3: ID 30; Choice (2141.0, 1356.0, 433.0, 192.0, 1889.0, 193.0, 1347.0, 1905.0, 2092.0, 191.0) 
Voter 4: ID 725; Choice (2141.0, 1356.0, 2183.0, 192.0, 1889.0, 1347.0, 2092.0, 191.0) 
Voter 5: ID 643; Choice (2141.0, 1356.0, 433.0, 192.0, 1889.0, 193.0, 1347.0, 1905.0, 2092.0, 191.0) 
Voter 6: ID 63; Choice (2141.0, 1356.0, 433.0, 192.0, 1889.0, 193.0, 1347.0, 1905.0, 2092.0, 191.0) 
Voter 7: ID 99; Choice (2141.0, 1356.0, 433.0, 192.0, 1889.0, 193.0, 1347.0, 1905.0, 2092.0, 191.0) 
Voter 8: ID 449; Choice (2141.0, 1356.0, 2183.0, 192.0, 1889.0, 193.0, 1347.0, 1905.0, 2121.0) 
Voter 9: ID 207; Choice (2141.0, 1356.0, 1889.0, 193.0, 1347.0, 1905.0, 2092.0, 2121.0, 191.0) 
Voter 10: ID 165; Choice (2141.0, 1356.0, 2183.0, 192.0, 1889.0, 193.0, 1347.0, 1905.0, 2121.0) 
Voter 11: ID 738; Choice (2141.0, 1356.0, 433.0, 192.0, 1889.0, 193.0, 1347.0, 1905.0, 2092.0, 191.0) 
Voter 12: ID 688; Choice (2141.0, 1356.0, 433.0, 192.0, 1889.0, 193.0, 1347.0, 1905.0, 2092.0, 191.0) 
Voter 13: ID 309; Choice (2141.0, 1356.0, 433.0, 192.0, 1889.0, 193.0, 1347.0, 1905.0, 2092.0, 191.0) 
Voter 14: ID 675; Choice (2141.0, 1356.0, 433.0, 192.0, 1889.0, 193.0, 1347.0, 1905.0, 2092.0, 191.0) 
Voter 15: ID 199; Choice (2141.0, 1356.0, 433.0, 192.0, 1889.0, 193.0, 1347.0, 1905.0, 2092.0, 191.0) 
Voter 16: ID 42; Choice (2141.0, 1356.0, 2183.0, 192.0, 1889.0, 193.0, 1347.0, 1905.0, 2121.0) 
Voter 17: ID 604; Choice (2141.0, 1356.0, 433.0, 192.0, 1889.0, 193.0, 1347.0, 1905.0, 2092.0, 191.0) 
Voter 18: ID 481; Choice (2141.0, 1356.0, 1889.0, 193.0, 1347.0, 1905.0, 2092.0, 2121.0, 191.0) 
Voter 19: ID 18; Choice (2141.0, 1356.0, 433.0, 192.0, 1889.0, 193.0, 1347.0, 1905.0, 2092.0, 191.0) 
Voter 20: ID 542; Choice (2141.0, 1356.0, 433.0, 192.0, 1889.0, 193.0, 1347.0, 1905.0, 2092.0, 191.0) 
Voter 21: ID 95; Choice (2141.0, 1356.0, 433.0, 192.0, 1889.0, 193.0, 1347.0, 1905.0, 2092.0, 191.0) 
Voter 22: ID 125; Choice (2141.0, 1356.0, 433.0, 192.0, 1889.0, 193.0, 1347.0, 1905.0, 2092.0, 191.0) 
Voter 23: ID 565; Choice (2141.0, 1356.0, 433.0, 192.0, 1889.0, 193.0, 1347.0, 1905.0, 2092.0, 191.0) 
Voter 24: ID 413; Choice (2141.0, 1356.0, 433.0, 192.0, 1889.0, 193.0, 1347.0, 1905.0, 2092.0, 191.0) 
Voter 25: ID 28; Choice (2141.0, 1356.0, 1889.0, 193.0, 1347.0, 1905.0, 2092.0, 2121.0, 191.0) 
Voter 26: ID 371; Choice (2141.0, 1356.0, 433.0, 192.0, 1889.0, 193.0, 1347.0, 1905.0, 2092.0, 191.0) 
Voter 27: ID 155; Choice (2141.0, 1356.0, 1889.0, 193.0, 1347.0, 1905.0, 2092.0, 2121.0, 191.0) 
Voter 28: ID 73; Choice (2141.0, 1356.0, 1889.0, 193.0, 1347.0, 1905.0, 2092.0, 2121.0, 191.0) 
Voter 29: ID 54; Choice (2141.0, 1356.0, 1889.0, 193.0, 1347.0, 1905.0, 2092.0, 2121.0, 191.0) 
Voter 30: ID 238; Choice (2141.0, 1356.0, 433.0, 192.0, 1889.0, 193.0, 1347.0, 1905.0, 2092.0, 191.0) 
Voter 31: ID 275; Choice (2141.0, 1356.0, 1889.0, 193.0, 1347.0, 1905.0, 2092.0, 2121.0, 191.0) 
Voter 32: ID 6; Choice (2141.0, 1356.0, 1889.0, 193.0, 1347.0, 1905.0, 2092.0, 2121.0, 191.0) 
Voter 33: ID 375; Choice (2141.0, 1356.0, 1889.0, 193.0, 1347.0, 1905.0, 2092.0, 2121.0, 191.0) 
Voter 34: ID 720; Choice (2141.0, 1356.0, 433.0, 192.0, 1889.0, 193.0, 1347.0, 1905.0, 2092.0, 191.0) 
Voter 35: ID 313; Choice (2141.0, 1356.0, 433.0, 192.0, 1889.0, 193.0, 1347.0, 1905.0, 2092.0, 191.0) 
Voter 36: ID 465; Choice (2141.0, 1356.0, 433.0, 192.0, 1889.0, 193.0, 1347.0, 1905.0, 2092.0, 191.0) 
Voter 37: ID 108; Choice (2141.0, 1356.0, 433.0, 192.0, 1889.0, 193.0, 1347.0, 1905.0, 2092.0, 191.0) 
Voter 38: ID 74; Choice (2141.0, 1356.0, 433.0, 192.0, 1889.0, 193.0, 1347.0, 1905.0, 2092.0, 191.0) 
Voter 39: ID 712; Choice (2141.0, 1356.0, 433.0, 192.0, 1889.0, 193.0, 1347.0, 1905.0, 2092.0, 191.0) 
Voter 40: ID 483; Choice (2141.0, 1356.0, 433.0, 192.0, 1889.0, 193.0, 1347.0, 1905.0, 2092.0, 191.0) 
Voter 41: ID 693; Choice (2141.0, 1356.0, 2183.0, 192.0, 1889.0, 193.0, 1347.0, 1905.0, 2121.0) 
Voter 42: ID 669; Choice (2141.0, 1356.0, 433.0, 192.0, 1889.0, 193.0, 1347.0, 1905.0, 2092.0, 191.0) 
Voter 43: ID 68; Choice (2141.0, 1356.0, 433.0, 192.0, 1889.0, 193.0, 1347.0, 1905.0, 2092.0, 191.0) 
Voter 44: ID 446; Choice (2141.0, 1356.0, 1889.0, 193.0, 1347.0, 1905.0, 2092.0, 2121.0, 191.0) 
Voter 45: ID 202; Choice (2141.0, 1356.0, 1889.0, 193.0, 1347.0, 1905.0, 2092.0, 2121.0, 191.0) 
Voter 46: ID 22; Choice (2141.0, 1356.0, 2183.0, 192.0, 1889.0, 193.0, 1347.0, 2121.0, 191.0) 
Voter 47: ID 695; Choice (2141.0, 1356.0, 433.0, 192.0, 1889.0, 193.0, 1347.0, 1905.0, 2092.0, 191.0) 
Voter 48: ID 346; Choice (2141.0, 1356.0, 433.0, 192.0, 1889.0, 193.0, 1347.0, 1905.0, 2092.0, 191.0) 
Voter 49: ID 400; Choice (2141.0, 1356.0, 433.0, 192.0, 1889.0, 193.0, 1347.0, 1905.0, 2092.0, 191.0) 
Voter 50: ID 684; Choice (2141.0, 1356.0, 1889.0, 193.0, 1347.0, 1905.0, 2092.0, 2121.0, 191.0) 
---------------------------------------------------------------------------
After Iteration 9 :
Voter 1: ID 362; Choice (2141.0, 2183.0, 433.0, 192.0, 1889.0, 193.0, 1905.0, 2092.0, 2121.0) 
Voter 2: ID 730; Choice (2141.0, 1356.0, 2183.0, 192.0, 1889.0, 193.0, 1347.0, 1905.0, 2121.0) 
Voter 3: ID 30; Choice (2141.0, 1356.0, 433.0, 192.0, 1889.0, 193.0, 1347.0, 1905.0, 2092.0, 191.0) 
Voter 4: ID 725; Choice (2141.0, 1356.0, 433.0, 192.0, 1889.0, 193.0, 1347.0, 1905.0, 2092.0, 191.0) 
Voter 5: ID 643; Choice (2141.0, 1356.0, 433.0, 192.0, 1889.0, 193.0, 1347.0, 1905.0, 2092.0, 191.0) 
Voter 6: ID 63; Choice (2141.0, 1356.0, 433.0, 192.0, 1889.0, 193.0, 1347.0, 1905.0, 2092.0, 191.0) 
Voter 7: ID 99; Choice (1356.0, 2183.0, 433.0, 192.0, 193.0, 1347.0, 2121.0, 191.0) 
Voter 8: ID 449; Choice (2141.0, 1356.0, 2183.0, 192.0, 1889.0, 193.0, 1347.0, 1905.0, 2121.0) 
Voter 9: ID 207; Choice (2141.0, 1356.0, 433.0, 192.0, 1889.0, 193.0, 1347.0, 1905.0, 2092.0, 191.0) 
Voter 10: ID 165; Choice (2141.0, 1356.0, 433.0, 192.0, 1889.0, 193.0, 1347.0, 1905.0, 2092.0, 191.0) 
Voter 11: ID 738; Choice (2141.0, 1356.0, 1889.0, 193.0, 1347.0, 1905.0, 2092.0, 2121.0, 191.0) 
Voter 12: ID 688; Choice (2141.0, 1356.0, 2183.0, 192.0, 1889.0, 193.0, 1347.0, 1905.0, 2121.0) 
Voter 13: ID 309; Choice (2141.0, 1356.0, 2183.0, 192.0, 1889.0, 193.0, 1347.0, 1905.0, 2121.0) 
Voter 14: ID 675; Choice (2141.0, 1356.0, 433.0, 192.0, 1889.0, 193.0, 1347.0, 1905.0, 2092.0, 191.0) 
Voter 15: ID 199; Choice (1356.0, 2183.0, 192.0, 1889.0, 193.0, 1905.0, 2092.0, 191.0) 
Voter 16: ID 42; Choice (2141.0, 1356.0, 2183.0, 192.0, 1889.0, 193.0, 1347.0, 1905.0, 2121.0) 
Voter 17: ID 604; Choice (2141.0, 1356.0, 433.0, 192.0, 1889.0, 193.0, 1347.0, 1905.0, 2092.0, 191.0) 
Voter 18: ID 481; Choice (2141.0, 1356.0, 2183.0, 192.0, 1889.0, 193.0, 1347.0, 1905.0, 2121.0) 
Voter 19: ID 18; Choice (2141.0, 1356.0, 433.0, 192.0, 1889.0, 193.0, 1347.0, 1905.0, 2092.0, 191.0) 
Voter 20: ID 542; Choice (2141.0, 1356.0, 433.0, 192.0, 1889.0, 193.0, 1347.0, 1905.0, 2092.0, 191.0) 
Voter 21: ID 95; Choice (2141.0, 1356.0, 2183.0, 192.0, 1889.0, 193.0, 1347.0, 1905.0, 2121.0) 
Voter 22: ID 125; Choice (2141.0, 1356.0, 2183.0, 192.0, 1889.0, 193.0, 1347.0, 1905.0, 2121.0) 
Voter 23: ID 565; Choice (2141.0, 1356.0, 433.0, 192.0, 1889.0, 193.0, 1347.0, 1905.0, 2092.0, 191.0) 
Voter 24: ID 413; Choice (2141.0, 1356.0, 1889.0, 193.0, 1347.0, 1905.0, 2092.0, 2121.0, 191.0) 
Voter 25: ID 28; Choice (2141.0, 1356.0, 433.0, 192.0, 1889.0, 193.0, 1347.0, 1905.0, 2092.0, 191.0) 
Voter 26: ID 371; Choice (2141.0, 1356.0, 433.0, 192.0, 1889.0, 193.0, 1347.0, 1905.0, 2092.0, 191.0) 
Voter 27: ID 155; Choice (2141.0, 1356.0, 433.0, 192.0, 1889.0, 193.0, 1347.0, 1905.0, 2092.0, 191.0) 
Voter 28: ID 73; Choice (2141.0, 1356.0, 2183.0, 192.0, 1889.0, 193.0, 1347.0, 1905.0, 2121.0) 
Voter 29: ID 54; Choice (2141.0, 1356.0, 433.0, 192.0, 1889.0, 193.0, 1347.0, 1905.0, 2092.0, 191.0) 
Voter 30: ID 238; Choice (2141.0, 1356.0, 433.0, 192.0, 1889.0, 193.0, 1347.0, 1905.0, 2092.0, 191.0) 
Voter 31: ID 275; Choice (2141.0, 1356.0, 1889.0, 193.0, 1347.0, 1905.0, 2092.0, 2121.0, 191.0) 
Voter 32: ID 6; Choice (2141.0, 1356.0, 1889.0, 193.0, 1347.0, 1905.0, 2092.0, 2121.0, 191.0) 
Voter 33: ID 375; Choice (2141.0, 1356.0, 433.0, 192.0, 1889.0, 193.0, 1347.0, 1905.0, 2092.0, 191.0) 
Voter 34: ID 720; Choice (2141.0, 1356.0, 1889.0, 193.0, 1347.0, 1905.0, 2092.0, 2121.0, 191.0) 
Voter 35: ID 313; Choice (2141.0, 1356.0, 433.0, 192.0, 1889.0, 193.0, 1347.0, 1905.0, 2092.0, 191.0) 
Voter 36: ID 465; Choice (2141.0, 1356.0, 2183.0, 192.0, 1889.0, 193.0, 1347.0, 1905.0, 2121.0) 
Voter 37: ID 108; Choice (2141.0, 1356.0, 1889.0, 193.0, 1347.0, 1905.0, 2092.0, 2121.0, 191.0) 
Voter 38: ID 74; Choice (2141.0, 1356.0, 433.0, 192.0, 1889.0, 193.0, 1347.0, 1905.0, 2092.0, 191.0) 
Voter 39: ID 712; Choice (2141.0, 1356.0, 433.0, 192.0, 1889.0, 193.0, 1347.0, 1905.0, 2092.0, 191.0) 
Voter 40: ID 483; Choice (2141.0, 1356.0, 433.0, 192.0, 1889.0, 193.0, 1347.0, 1905.0, 2092.0, 191.0) 
Voter 41: ID 693; Choice (2141.0, 1356.0, 2183.0, 192.0, 1889.0, 193.0, 1347.0, 1905.0, 2121.0) 
Voter 42: ID 669; Choice (2141.0, 1356.0, 2183.0, 1889.0, 193.0, 1347.0, 1905.0, 2121.0, 191.0) 
Voter 43: ID 68; Choice (2141.0, 1356.0, 433.0, 192.0, 1889.0, 193.0, 1347.0, 1905.0, 2092.0, 191.0) 
Voter 44: ID 446; Choice (2141.0, 1356.0, 1889.0, 193.0, 1347.0, 1905.0, 2092.0, 2121.0, 191.0) 
Voter 45: ID 202; Choice (2141.0, 1356.0, 433.0, 192.0, 1889.0, 193.0, 1347.0, 1905.0, 2092.0, 191.0) 
Voter 46: ID 22; Choice (2141.0, 1356.0, 2183.0, 192.0, 1889.0, 193.0, 1347.0, 2121.0, 191.0) 
Voter 47: ID 695; Choice (2141.0, 1356.0, 2183.0, 192.0, 1889.0, 193.0, 1347.0, 1905.0, 2121.0) 
Voter 48: ID 346; Choice (2141.0, 1356.0, 433.0, 192.0, 1889.0, 193.0, 1347.0, 1905.0, 2092.0, 191.0) 
Voter 49: ID 400; Choice (2141.0, 1356.0, 1889.0, 193.0, 1347.0, 1905.0, 2092.0, 2121.0, 191.0) 
Voter 50: ID 684; Choice (2141.0, 1356.0, 2183.0, 192.0, 1889.0, 193.0, 1347.0, 1905.0, 2121.0) 
---------------------------------------------------------------------------
After Iteration 10 :
Voter 1: ID 362; Choice (2141.0, 1356.0, 433.0, 192.0, 1889.0, 193.0, 1347.0, 1905.0, 2092.0, 191.0) 
Voter 2: ID 730; Choice (2141.0, 1356.0, 433.0, 192.0, 1889.0, 193.0, 1347.0, 1905.0, 2092.0, 191.0) 
Voter 3: ID 30; Choice (2141.0, 1356.0, 433.0, 192.0, 1889.0, 193.0, 1347.0, 1905.0, 2092.0, 191.0) 
Voter 4: ID 725; Choice (2141.0, 1356.0, 2183.0, 192.0, 1889.0, 1347.0, 2092.0, 191.0) 
Voter 5: ID 643; Choice (2141.0, 1356.0, 433.0, 192.0, 1889.0, 193.0, 1347.0, 1905.0, 2092.0, 191.0) 
Voter 6: ID 63; Choice (2141.0, 1356.0, 433.0, 192.0, 1889.0, 193.0, 1347.0, 1905.0, 2092.0, 191.0) 
Voter 7: ID 99; Choice (2141.0, 1356.0, 433.0, 192.0, 1889.0, 193.0, 1347.0, 1905.0, 2092.0, 191.0) 
Voter 8: ID 449; Choice (2141.0, 1356.0, 2183.0, 192.0, 1889.0, 193.0, 1347.0, 1905.0, 2121.0) 
Voter 9: ID 207; Choice (2141.0, 1356.0, 433.0, 192.0, 1889.0, 193.0, 1347.0, 1905.0, 2092.0, 191.0) 
Voter 10: ID 165; Choice (2141.0, 1356.0, 433.0, 192.0, 1889.0, 193.0, 1347.0, 1905.0, 2092.0, 191.0) 
Voter 11: ID 738; Choice (2141.0, 1356.0, 433.0, 192.0, 1889.0, 193.0, 1347.0, 1905.0, 2092.0, 191.0) 
Voter 12: ID 688; Choice (2141.0, 1356.0, 433.0, 192.0, 1889.0, 193.0, 1347.0, 1905.0, 2092.0, 191.0) 
Voter 13: ID 309; Choice (2141.0, 1356.0, 433.0, 192.0, 1889.0, 193.0, 1347.0, 1905.0, 2092.0, 191.0) 
Voter 14: ID 675; Choice (2141.0, 1356.0, 433.0, 192.0, 1889.0, 193.0, 1347.0, 1905.0, 2092.0, 191.0) 
Voter 15: ID 199; Choice (2141.0, 1356.0, 433.0, 192.0, 1889.0, 193.0, 1347.0, 1905.0, 2092.0, 191.0) 
Voter 16: ID 42; Choice (2141.0, 1356.0, 433.0, 192.0, 1889.0, 193.0, 1347.0, 1905.0, 2092.0, 191.0) 
Voter 17: ID 604; Choice (2141.0, 1356.0, 433.0, 192.0, 1889.0, 193.0, 1347.0, 1905.0, 2092.0, 191.0) 
Voter 18: ID 481; Choice (2141.0, 1356.0, 1889.0, 193.0, 1347.0, 1905.0, 2092.0, 2121.0, 191.0) 
Voter 19: ID 18; Choice (2141.0, 1356.0, 433.0, 192.0, 1889.0, 193.0, 1347.0, 1905.0, 2092.0, 191.0) 
Voter 20: ID 542; Choice (2141.0, 1356.0, 433.0, 192.0, 1889.0, 193.0, 1347.0, 1905.0, 2092.0, 191.0) 
Voter 21: ID 95; Choice (2141.0, 1356.0, 433.0, 192.0, 1889.0, 193.0, 1347.0, 1905.0, 2092.0, 191.0) 
Voter 22: ID 125; Choice (2141.0, 1356.0, 433.0, 192.0, 1889.0, 193.0, 1347.0, 1905.0, 2092.0, 191.0) 
Voter 23: ID 565; Choice (2141.0, 1356.0, 433.0, 192.0, 1889.0, 193.0, 1347.0, 1905.0, 2092.0, 191.0) 
Voter 24: ID 413; Choice (2141.0, 1356.0, 433.0, 192.0, 1889.0, 193.0, 1347.0, 1905.0, 2092.0, 191.0) 
Voter 25: ID 28; Choice (2141.0, 1356.0, 433.0, 192.0, 1889.0, 193.0, 1347.0, 1905.0, 2092.0, 191.0) 
Voter 26: ID 371; Choice (2141.0, 1356.0, 433.0, 192.0, 1889.0, 193.0, 1347.0, 1905.0, 2092.0, 191.0) 
Voter 27: ID 155; Choice (2141.0, 1356.0, 433.0, 192.0, 1889.0, 193.0, 1347.0, 1905.0, 2092.0, 191.0) 
Voter 28: ID 73; Choice (2141.0, 1356.0, 1889.0, 193.0, 1347.0, 1905.0, 2092.0, 2121.0, 191.0) 
Voter 29: ID 54; Choice (2141.0, 1356.0, 433.0, 192.0, 1889.0, 193.0, 1347.0, 1905.0, 2092.0, 191.0) 
Voter 30: ID 238; Choice (2141.0, 1356.0, 433.0, 192.0, 1889.0, 193.0, 1347.0, 1905.0, 2092.0, 191.0) 
Voter 31: ID 275; Choice (2141.0, 1356.0, 1889.0, 193.0, 1347.0, 1905.0, 2092.0, 2121.0, 191.0) 
Voter 32: ID 6; Choice (2141.0, 1356.0, 1889.0, 193.0, 1347.0, 1905.0, 2092.0, 2121.0, 191.0) 
Voter 33: ID 375; Choice (2141.0, 1356.0, 433.0, 192.0, 1889.0, 193.0, 1347.0, 1905.0, 2092.0, 191.0) 
Voter 34: ID 720; Choice (2141.0, 1356.0, 433.0, 192.0, 1889.0, 193.0, 1347.0, 1905.0, 2092.0, 191.0) 
Voter 35: ID 313; Choice (2141.0, 1356.0, 433.0, 192.0, 1889.0, 193.0, 1347.0, 1905.0, 2092.0, 191.0) 
Voter 36: ID 465; Choice (2141.0, 1356.0, 433.0, 192.0, 1889.0, 193.0, 1347.0, 1905.0, 2092.0, 191.0) 
Voter 37: ID 108; Choice (2141.0, 1356.0, 433.0, 192.0, 1889.0, 193.0, 1347.0, 1905.0, 2092.0, 191.0) 
Voter 38: ID 74; Choice (2141.0, 1356.0, 433.0, 192.0, 1889.0, 193.0, 1347.0, 1905.0, 2092.0, 191.0) 
Voter 39: ID 712; Choice (2141.0, 1356.0, 433.0, 192.0, 1889.0, 193.0, 1347.0, 1905.0, 2092.0, 191.0) 
Voter 40: ID 483; Choice (2141.0, 1356.0, 433.0, 192.0, 1889.0, 193.0, 1347.0, 1905.0, 2092.0, 191.0) 
Voter 41: ID 693; Choice (2141.0, 1356.0, 1889.0, 193.0, 1347.0, 1905.0, 2092.0, 2121.0, 191.0) 
Voter 42: ID 669; Choice (2141.0, 1356.0, 433.0, 192.0, 1889.0, 193.0, 1347.0, 1905.0, 2092.0, 191.0) 
Voter 43: ID 68; Choice (2141.0, 1356.0, 433.0, 192.0, 1889.0, 193.0, 1347.0, 1905.0, 2092.0, 191.0) 
Voter 44: ID 446; Choice (2141.0, 1356.0, 1889.0, 193.0, 1347.0, 1905.0, 2092.0, 2121.0, 191.0) 
Voter 45: ID 202; Choice (2141.0, 1356.0, 433.0, 192.0, 1889.0, 193.0, 1347.0, 1905.0, 2092.0, 191.0) 
Voter 46: ID 22; Choice (2141.0, 1356.0, 433.0, 192.0, 1889.0, 193.0, 1347.0, 1905.0, 2092.0, 191.0) 
Voter 47: ID 695; Choice (2141.0, 1356.0, 433.0, 192.0, 1889.0, 193.0, 1347.0, 1905.0, 2092.0, 191.0) 
Voter 48: ID 346; Choice (2141.0, 1356.0, 433.0, 192.0, 1889.0, 193.0, 1347.0, 1905.0, 2092.0, 191.0) 
Voter 49: ID 400; Choice (2141.0, 1356.0, 433.0, 192.0, 1889.0, 193.0, 1347.0, 1905.0, 2092.0, 191.0) 
Voter 50: ID 684; Choice (2141.0, 1356.0, 1889.0, 193.0, 1347.0, 1905.0, 2092.0, 2121.0, 191.0) 
---------------------------------------------------------------------------
After Iteration 11 :
Voter 1: ID 362; Choice (2141.0, 1356.0, 433.0, 192.0, 1889.0, 193.0, 1347.0, 1905.0, 2092.0, 191.0) 
Voter 2: ID 730; Choice (2141.0, 1356.0, 433.0, 192.0, 1889.0, 193.0, 1347.0, 1905.0, 2092.0, 191.0) 
Voter 3: ID 30; Choice (2141.0, 1356.0, 433.0, 192.0, 1889.0, 193.0, 1347.0, 1905.0, 2092.0, 191.0) 
Voter 4: ID 725; Choice (2141.0, 1356.0, 433.0, 192.0, 1889.0, 193.0, 1347.0, 1905.0, 2092.0, 191.0) 
Voter 5: ID 643; Choice (2141.0, 1356.0, 433.0, 192.0, 1889.0, 193.0, 1347.0, 1905.0, 2092.0, 191.0) 
Voter 6: ID 63; Choice (2141.0, 1356.0, 433.0, 192.0, 1889.0, 193.0, 1347.0, 1905.0, 2092.0, 191.0) 
Voter 7: ID 99; Choice (2141.0, 1356.0, 433.0, 192.0, 1889.0, 193.0, 1347.0, 1905.0, 2092.0, 191.0) 
Voter 8: ID 449; Choice (2141.0, 1356.0, 2183.0, 192.0, 1889.0, 193.0, 1347.0, 1905.0, 2121.0) 
Voter 9: ID 207; Choice (2141.0, 1356.0, 1889.0, 193.0, 1347.0, 1905.0, 2092.0, 2121.0, 191.0) 
Voter 10: ID 165; Choice (2141.0, 1356.0, 1889.0, 193.0, 1347.0, 1905.0, 2092.0, 2121.0, 191.0) 
Voter 11: ID 738; Choice (2141.0, 1356.0, 433.0, 192.0, 1889.0, 193.0, 1347.0, 1905.0, 2092.0, 191.0) 
Voter 12: ID 688; Choice (2141.0, 1356.0, 1889.0, 193.0, 1347.0, 1905.0, 2092.0, 2121.0, 191.0) 
Voter 13: ID 309; Choice (2141.0, 1356.0, 433.0, 192.0, 1889.0, 193.0, 1347.0, 1905.0, 2092.0, 191.0) 
Voter 14: ID 675; Choice (2141.0, 1356.0, 433.0, 192.0, 1889.0, 193.0, 1347.0, 1905.0, 2092.0, 191.0) 
Voter 15: ID 199; Choice (1356.0, 2183.0, 192.0, 1889.0, 193.0, 1905.0, 2092.0, 191.0) 
Voter 16: ID 42; Choice (2141.0, 1356.0, 433.0, 192.0, 1889.0, 193.0, 1347.0, 1905.0, 2092.0, 191.0) 
Voter 17: ID 604; Choice (2141.0, 1356.0, 433.0, 192.0, 1889.0, 193.0, 1347.0, 1905.0, 2092.0, 191.0) 
Voter 18: ID 481; Choice (2141.0, 1356.0, 1889.0, 193.0, 1347.0, 1905.0, 2092.0, 2121.0, 191.0) 
Voter 19: ID 18; Choice (2141.0, 1356.0, 433.0, 192.0, 1889.0, 193.0, 1347.0, 1905.0, 2092.0, 191.0) 
Voter 20: ID 542; Choice (2141.0, 1356.0, 433.0, 192.0, 1889.0, 193.0, 1347.0, 1905.0, 2092.0, 191.0) 
Voter 21: ID 95; Choice (2141.0, 1356.0, 1889.0, 193.0, 1347.0, 1905.0, 2092.0, 2121.0, 191.0) 
Voter 22: ID 125; Choice (2141.0, 1356.0, 433.0, 192.0, 1889.0, 193.0, 1347.0, 1905.0, 2092.0, 191.0) 
Voter 23: ID 565; Choice (2141.0, 1356.0, 1889.0, 193.0, 1347.0, 1905.0, 2092.0, 2121.0, 191.0) 
Voter 24: ID 413; Choice (2141.0, 1356.0, 433.0, 192.0, 1889.0, 193.0, 1347.0, 1905.0, 2092.0, 191.0) 
Voter 25: ID 28; Choice (2141.0, 1356.0, 433.0, 192.0, 1889.0, 193.0, 1347.0, 1905.0, 2092.0, 191.0) 
Voter 26: ID 371; Choice (2141.0, 1356.0, 433.0, 192.0, 1889.0, 193.0, 1347.0, 1905.0, 2092.0, 191.0) 
Voter 27: ID 155; Choice (2141.0, 1356.0, 1889.0, 193.0, 1347.0, 1905.0, 2092.0, 2121.0, 191.0) 
Voter 28: ID 73; Choice (2141.0, 1356.0, 433.0, 192.0, 1889.0, 193.0, 1347.0, 1905.0, 2092.0, 191.0) 
Voter 29: ID 54; Choice (2141.0, 1356.0, 433.0, 192.0, 1889.0, 193.0, 1347.0, 1905.0, 2092.0, 191.0) 
Voter 30: ID 238; Choice (2141.0, 1356.0, 433.0, 192.0, 1889.0, 193.0, 1347.0, 1905.0, 2092.0, 191.0) 
Voter 31: ID 275; Choice (2141.0, 1356.0, 433.0, 192.0, 1889.0, 193.0, 1347.0, 1905.0, 2092.0, 191.0) 
Voter 32: ID 6; Choice (2141.0, 1356.0, 1889.0, 193.0, 1347.0, 1905.0, 2092.0, 2121.0, 191.0) 
Voter 33: ID 375; Choice (2141.0, 1356.0, 1889.0, 193.0, 1347.0, 1905.0, 2092.0, 2121.0, 191.0) 
Voter 34: ID 720; Choice (2141.0, 1356.0, 1889.0, 193.0, 1347.0, 1905.0, 2092.0, 2121.0, 191.0) 
Voter 35: ID 313; Choice (2141.0, 1356.0, 433.0, 192.0, 1889.0, 193.0, 1347.0, 1905.0, 2092.0, 191.0) 
Voter 36: ID 465; Choice (2141.0, 1356.0, 433.0, 192.0, 1889.0, 193.0, 1347.0, 1905.0, 2092.0, 191.0) 
Voter 37: ID 108; Choice (2141.0, 1356.0, 1889.0, 193.0, 1347.0, 1905.0, 2092.0, 2121.0, 191.0) 
Voter 38: ID 74; Choice (2141.0, 1356.0, 433.0, 192.0, 1889.0, 193.0, 1347.0, 1905.0, 2092.0, 191.0) 
Voter 39: ID 712; Choice (2141.0, 1356.0, 433.0, 192.0, 1889.0, 193.0, 1347.0, 1905.0, 2092.0, 191.0) 
Voter 40: ID 483; Choice (2141.0, 1356.0, 433.0, 192.0, 1889.0, 193.0, 1347.0, 1905.0, 2092.0, 191.0) 
Voter 41: ID 693; Choice (2141.0, 1356.0, 433.0, 192.0, 1889.0, 193.0, 1347.0, 1905.0, 2092.0, 191.0) 
Voter 42: ID 669; Choice (2141.0, 1356.0, 1889.0, 193.0, 1347.0, 1905.0, 2092.0, 2121.0, 191.0) 
Voter 43: ID 68; Choice (2141.0, 1356.0, 433.0, 192.0, 1889.0, 193.0, 1347.0, 1905.0, 2092.0, 191.0) 
Voter 44: ID 446; Choice (2141.0, 1356.0, 433.0, 192.0, 1889.0, 193.0, 1347.0, 1905.0, 2092.0, 191.0) 
Voter 45: ID 202; Choice (2141.0, 1356.0, 433.0, 192.0, 1889.0, 193.0, 1347.0, 1905.0, 2092.0, 191.0) 
Voter 46: ID 22; Choice (2141.0, 1356.0, 433.0, 192.0, 1889.0, 193.0, 1347.0, 1905.0, 2092.0, 191.0) 
Voter 47: ID 695; Choice (2141.0, 1356.0, 433.0, 192.0, 1889.0, 193.0, 1347.0, 1905.0, 2092.0, 191.0) 
Voter 48: ID 346; Choice (2141.0, 1356.0, 2183.0, 192.0, 1889.0, 193.0, 1347.0, 2121.0, 191.0) 
Voter 49: ID 400; Choice (2141.0, 1356.0, 1889.0, 193.0, 1347.0, 1905.0, 2092.0, 2121.0, 191.0) 
Voter 50: ID 684; Choice (2141.0, 1356.0, 2183.0, 192.0, 1889.0, 193.0, 1347.0, 1905.0, 2121.0) 
---------------------------------------------------------------------------
After Iteration 12 :
Voter 1: ID 362; Choice (2141.0, 1356.0, 433.0, 192.0, 1889.0, 193.0, 1347.0, 1905.0, 2092.0, 191.0) 
Voter 2: ID 730; Choice (2141.0, 1356.0, 433.0, 192.0, 1889.0, 193.0, 1347.0, 1905.0, 2092.0, 191.0) 
Voter 3: ID 30; Choice (2141.0, 1356.0, 1889.0, 193.0, 1347.0, 1905.0, 2092.0, 2121.0, 191.0) 
Voter 4: ID 725; Choice (2141.0, 1356.0, 433.0, 192.0, 1889.0, 193.0, 1347.0, 1905.0, 2092.0, 191.0) 
Voter 5: ID 643; Choice (2141.0, 1356.0, 433.0, 192.0, 1889.0, 193.0, 1347.0, 1905.0, 2092.0, 191.0) 
Voter 6: ID 63; Choice (2141.0, 1356.0, 433.0, 192.0, 1889.0, 193.0, 1347.0, 1905.0, 2092.0, 191.0) 
Voter 7: ID 99; Choice (2141.0, 1356.0, 433.0, 192.0, 1889.0, 193.0, 1347.0, 1905.0, 2092.0, 191.0) 
Voter 8: ID 449; Choice (2141.0, 1356.0, 2183.0, 192.0, 1889.0, 193.0, 1347.0, 1905.0, 2121.0) 
Voter 9: ID 207; Choice (2141.0, 1356.0, 433.0, 192.0, 1889.0, 193.0, 1347.0, 1905.0, 2092.0, 191.0) 
Voter 10: ID 165; Choice (2141.0, 1356.0, 433.0, 192.0, 1889.0, 193.0, 1347.0, 1905.0, 2092.0, 191.0) 
Voter 11: ID 738; Choice (2141.0, 1356.0, 1889.0, 193.0, 1347.0, 1905.0, 2092.0, 2121.0, 191.0) 
Voter 12: ID 688; Choice (2141.0, 1356.0, 1889.0, 193.0, 1347.0, 1905.0, 2092.0, 2121.0, 191.0) 
Voter 13: ID 309; Choice (2141.0, 1356.0, 1889.0, 193.0, 1347.0, 1905.0, 2092.0, 2121.0, 191.0) 
Voter 14: ID 675; Choice (2141.0, 1356.0, 433.0, 192.0, 1889.0, 193.0, 1347.0, 1905.0, 2092.0, 191.0) 
Voter 15: ID 199; Choice (2141.0, 1356.0, 433.0, 192.0, 1889.0, 193.0, 1347.0, 1905.0, 2092.0, 191.0) 
Voter 16: ID 42; Choice (2141.0, 1356.0, 1889.0, 193.0, 1347.0, 1905.0, 2092.0, 2121.0, 191.0) 
Voter 17: ID 604; Choice (2141.0, 1356.0, 433.0, 192.0, 1889.0, 193.0, 1347.0, 1905.0, 2092.0, 191.0) 
Voter 18: ID 481; Choice (2141.0, 1356.0, 1889.0, 193.0, 1347.0, 1905.0, 2092.0, 2121.0, 191.0) 
Voter 19: ID 18; Choice (2141.0, 1356.0, 433.0, 192.0, 1889.0, 193.0, 1347.0, 1905.0, 2092.0, 191.0) 
Voter 20: ID 542; Choice (2141.0, 1356.0, 433.0, 192.0, 1889.0, 193.0, 1347.0, 1905.0, 2092.0, 191.0) 
Voter 21: ID 95; Choice (2141.0, 1356.0, 1889.0, 193.0, 1347.0, 1905.0, 2092.0, 2121.0, 191.0) 
Voter 22: ID 125; Choice (2141.0, 1356.0, 433.0, 192.0, 1889.0, 193.0, 1347.0, 1905.0, 2092.0, 191.0) 
Voter 23: ID 565; Choice (2141.0, 1356.0, 433.0, 192.0, 1889.0, 193.0, 1347.0, 1905.0, 2092.0, 191.0) 
Voter 24: ID 413; Choice (2141.0, 1356.0, 433.0, 192.0, 1889.0, 193.0, 1347.0, 1905.0, 2092.0, 191.0) 
Voter 25: ID 28; Choice (2141.0, 1356.0, 433.0, 192.0, 1889.0, 193.0, 1347.0, 1905.0, 2092.0, 191.0) 
Voter 26: ID 371; Choice (2141.0, 1356.0, 433.0, 192.0, 1889.0, 193.0, 1347.0, 1905.0, 2092.0, 191.0) 
Voter 27: ID 155; Choice (2141.0, 1356.0, 433.0, 192.0, 1889.0, 193.0, 1347.0, 1905.0, 2092.0, 191.0) 
Voter 28: ID 73; Choice (2141.0, 1356.0, 433.0, 192.0, 1889.0, 193.0, 1347.0, 1905.0, 2092.0, 191.0) 
Voter 29: ID 54; Choice (2141.0, 1356.0, 433.0, 192.0, 1889.0, 193.0, 1347.0, 1905.0, 2092.0, 191.0) 
Voter 30: ID 238; Choice (2141.0, 1356.0, 433.0, 192.0, 1889.0, 193.0, 1347.0, 1905.0, 2092.0, 191.0) 
Voter 31: ID 275; Choice (2141.0, 1356.0, 433.0, 192.0, 1889.0, 193.0, 1347.0, 1905.0, 2092.0, 191.0) 
Voter 32: ID 6; Choice (2141.0, 1356.0, 1889.0, 193.0, 1347.0, 1905.0, 2092.0, 2121.0, 191.0) 
Voter 33: ID 375; Choice (2141.0, 1356.0, 1889.0, 193.0, 1347.0, 1905.0, 2092.0, 2121.0, 191.0) 
Voter 34: ID 720; Choice (1211.0, 192.0, 1889.0, 193.0, 1347.0, 1905.0, 191.0) 
Voter 35: ID 313; Choice (2141.0, 1356.0, 433.0, 192.0, 1889.0, 193.0, 1347.0, 1905.0, 2092.0, 191.0) 
Voter 36: ID 465; Choice (2141.0, 1356.0, 433.0, 192.0, 1889.0, 193.0, 1347.0, 1905.0, 2092.0, 191.0) 
Voter 37: ID 108; Choice (2141.0, 1356.0, 433.0, 192.0, 1889.0, 193.0, 1347.0, 1905.0, 2092.0, 191.0) 
Voter 38: ID 74; Choice (2141.0, 1356.0, 433.0, 192.0, 1889.0, 193.0, 1347.0, 1905.0, 2092.0, 191.0) 
Voter 39: ID 712; Choice (2141.0, 1356.0, 433.0, 192.0, 1889.0, 193.0, 1347.0, 1905.0, 2092.0, 191.0) 
Voter 40: ID 483; Choice (2141.0, 1356.0, 433.0, 192.0, 1889.0, 193.0, 1347.0, 1905.0, 2092.0, 191.0) 
Voter 41: ID 693; Choice (2141.0, 1356.0, 433.0, 192.0, 1889.0, 193.0, 1347.0, 1905.0, 2092.0, 191.0) 
Voter 42: ID 669; Choice (2141.0, 1356.0, 433.0, 192.0, 1889.0, 193.0, 1347.0, 1905.0, 2092.0, 191.0) 
Voter 43: ID 68; Choice (2141.0, 1356.0, 1889.0, 193.0, 1347.0, 1905.0, 2092.0, 2121.0, 191.0) 
Voter 44: ID 446; Choice (2141.0, 1356.0, 433.0, 192.0, 1889.0, 193.0, 1347.0, 1905.0, 2092.0, 191.0) 
Voter 45: ID 202; Choice (2141.0, 1356.0, 433.0, 192.0, 1889.0, 193.0, 1347.0, 1905.0, 2092.0, 191.0) 
Voter 46: ID 22; Choice (2141.0, 1356.0, 433.0, 192.0, 1889.0, 193.0, 1347.0, 1905.0, 2092.0, 191.0) 
Voter 47: ID 695; Choice (2141.0, 1356.0, 1889.0, 193.0, 1347.0, 1905.0, 2092.0, 2121.0, 191.0) 
Voter 48: ID 346; Choice (2141.0, 1356.0, 433.0, 192.0, 1889.0, 193.0, 1347.0, 1905.0, 2092.0, 191.0) 
Voter 49: ID 400; Choice (2141.0, 1356.0, 1889.0, 193.0, 1347.0, 1905.0, 2092.0, 2121.0, 191.0) 
Voter 50: ID 684; Choice (2141.0, 1356.0, 433.0, 192.0, 1889.0, 193.0, 1347.0, 1905.0, 2092.0, 191.0) 
---------------------------------------------------------------------------
After Iteration 13 :
Voter 1: ID 362; Choice (2141.0, 1356.0, 433.0, 192.0, 1889.0, 193.0, 1347.0, 1905.0, 2092.0, 191.0) 
Voter 2: ID 730; Choice (2141.0, 1356.0, 433.0, 192.0, 1889.0, 193.0, 1347.0, 1905.0, 2092.0, 191.0) 
Voter 3: ID 30; Choice (2141.0, 1356.0, 433.0, 192.0, 1889.0, 193.0, 1347.0, 1905.0, 2092.0, 191.0) 
Voter 4: ID 725; Choice (2141.0, 1356.0, 433.0, 192.0, 1889.0, 193.0, 1347.0, 1905.0, 2092.0, 191.0) 
Voter 5: ID 643; Choice (2141.0, 1356.0, 433.0, 192.0, 1889.0, 193.0, 1347.0, 1905.0, 2092.0, 191.0) 
Voter 6: ID 63; Choice (2141.0, 1356.0, 433.0, 192.0, 1889.0, 193.0, 1347.0, 1905.0, 2092.0, 191.0) 
Voter 7: ID 99; Choice (2141.0, 1356.0, 433.0, 192.0, 1889.0, 193.0, 1347.0, 1905.0, 2092.0, 191.0) 
Voter 8: ID 449; Choice (2141.0, 1356.0, 433.0, 192.0, 1889.0, 193.0, 1347.0, 1905.0, 2092.0, 191.0) 
Voter 9: ID 207; Choice (2141.0, 1356.0, 433.0, 192.0, 1889.0, 193.0, 1347.0, 1905.0, 2092.0, 191.0) 
Voter 10: ID 165; Choice (2141.0, 1356.0, 433.0, 192.0, 1889.0, 193.0, 1347.0, 1905.0, 2092.0, 191.0) 
Voter 11: ID 738; Choice (2141.0, 1356.0, 433.0, 192.0, 1889.0, 193.0, 1347.0, 1905.0, 2092.0, 191.0) 
Voter 12: ID 688; Choice (2141.0, 1356.0, 1889.0, 193.0, 1347.0, 1905.0, 2092.0, 2121.0, 191.0) 
Voter 13: ID 309; Choice (2141.0, 1356.0, 433.0, 192.0, 1889.0, 193.0, 1347.0, 1905.0, 2092.0, 191.0) 
Voter 14: ID 675; Choice (2141.0, 1356.0, 433.0, 192.0, 1889.0, 193.0, 1347.0, 1905.0, 2092.0, 191.0) 
Voter 15: ID 199; Choice (1356.0, 2183.0, 192.0, 1889.0, 193.0, 1905.0, 2092.0, 191.0) 
Voter 16: ID 42; Choice (2141.0, 1356.0, 433.0, 192.0, 1889.0, 193.0, 1347.0, 1905.0, 2092.0, 191.0) 
Voter 17: ID 604; Choice (2141.0, 1356.0, 433.0, 192.0, 1889.0, 193.0, 1347.0, 1905.0, 2092.0, 191.0) 
Voter 18: ID 481; Choice (2141.0, 1356.0, 1889.0, 193.0, 1347.0, 1905.0, 2092.0, 2121.0, 191.0) 
Voter 19: ID 18; Choice (2141.0, 1356.0, 433.0, 192.0, 1889.0, 193.0, 1347.0, 1905.0, 2092.0, 191.0) 
Voter 20: ID 542; Choice (2141.0, 1356.0, 433.0, 192.0, 1889.0, 193.0, 1347.0, 1905.0, 2092.0, 191.0) 
Voter 21: ID 95; Choice (2141.0, 1356.0, 433.0, 192.0, 1889.0, 193.0, 1347.0, 1905.0, 2092.0, 191.0) 
Voter 22: ID 125; Choice (2141.0, 1356.0, 433.0, 192.0, 1889.0, 193.0, 1347.0, 1905.0, 2092.0, 191.0) 
Voter 23: ID 565; Choice (2141.0, 1356.0, 433.0, 192.0, 1889.0, 193.0, 1347.0, 1905.0, 2092.0, 191.0) 
Voter 24: ID 413; Choice (2141.0, 1356.0, 433.0, 192.0, 1889.0, 193.0, 1347.0, 1905.0, 2092.0, 191.0) 
Voter 25: ID 28; Choice (2141.0, 1356.0, 433.0, 192.0, 1889.0, 193.0, 1347.0, 1905.0, 2092.0, 191.0) 
Voter 26: ID 371; Choice (2141.0, 1356.0, 433.0, 192.0, 1889.0, 193.0, 1347.0, 1905.0, 2092.0, 191.0) 
Voter 27: ID 155; Choice (2141.0, 1356.0, 433.0, 192.0, 1889.0, 193.0, 1347.0, 1905.0, 2092.0, 191.0) 
Voter 28: ID 73; Choice (2141.0, 1356.0, 433.0, 192.0, 1889.0, 193.0, 1347.0, 1905.0, 2092.0, 191.0) 
Voter 29: ID 54; Choice (2141.0, 1356.0, 433.0, 192.0, 1889.0, 193.0, 1347.0, 1905.0, 2092.0, 191.0) 
Voter 30: ID 238; Choice (2141.0, 1356.0, 433.0, 192.0, 1889.0, 193.0, 1347.0, 1905.0, 2092.0, 191.0) 
Voter 31: ID 275; Choice (2141.0, 1356.0, 433.0, 192.0, 1889.0, 193.0, 1347.0, 1905.0, 2092.0, 191.0) 
Voter 32: ID 6; Choice (2141.0, 1356.0, 433.0, 192.0, 1889.0, 193.0, 1347.0, 1905.0, 2092.0, 191.0) 
Voter 33: ID 375; Choice (2141.0, 1356.0, 433.0, 192.0, 1889.0, 193.0, 1347.0, 1905.0, 2092.0, 191.0) 
Voter 34: ID 720; Choice (2141.0, 1356.0, 433.0, 192.0, 1889.0, 193.0, 1347.0, 1905.0, 2092.0, 191.0) 
Voter 35: ID 313; Choice (2141.0, 1356.0, 433.0, 192.0, 1889.0, 193.0, 1347.0, 1905.0, 2092.0, 191.0) 
Voter 36: ID 465; Choice (2141.0, 1356.0, 433.0, 192.0, 1889.0, 193.0, 1347.0, 1905.0, 2092.0, 191.0) 
Voter 37: ID 108; Choice (2141.0, 1356.0, 433.0, 192.0, 1889.0, 193.0, 1347.0, 1905.0, 2092.0, 191.0) 
Voter 38: ID 74; Choice (2141.0, 1356.0, 433.0, 192.0, 1889.0, 193.0, 1347.0, 1905.0, 2092.0, 191.0) 
Voter 39: ID 712; Choice (2141.0, 1356.0, 433.0, 192.0, 1889.0, 193.0, 1347.0, 1905.0, 2092.0, 191.0) 
Voter 40: ID 483; Choice (2141.0, 1356.0, 433.0, 192.0, 1889.0, 193.0, 1347.0, 1905.0, 2092.0, 191.0) 
Voter 41: ID 693; Choice (2141.0, 1356.0, 433.0, 192.0, 1889.0, 193.0, 1347.0, 1905.0, 2092.0, 191.0) 
Voter 42: ID 669; Choice (2141.0, 1356.0, 433.0, 192.0, 1889.0, 193.0, 1347.0, 1905.0, 2092.0, 191.0) 
Voter 43: ID 68; Choice (2141.0, 1356.0, 433.0, 192.0, 1889.0, 193.0, 1347.0, 1905.0, 2092.0, 191.0) 
Voter 44: ID 446; Choice (2141.0, 1356.0, 433.0, 192.0, 1889.0, 193.0, 1347.0, 1905.0, 2092.0, 191.0) 
Voter 45: ID 202; Choice (2141.0, 1356.0, 433.0, 192.0, 1889.0, 193.0, 1347.0, 1905.0, 2092.0, 191.0) 
Voter 46: ID 22; Choice (2141.0, 1356.0, 433.0, 192.0, 1889.0, 193.0, 1347.0, 1905.0, 2092.0, 191.0) 
Voter 47: ID 695; Choice (2141.0, 1356.0, 433.0, 192.0, 1889.0, 193.0, 1347.0, 1905.0, 2092.0, 191.0) 
Voter 48: ID 346; Choice (2141.0, 1356.0, 433.0, 192.0, 1889.0, 193.0, 1347.0, 1905.0, 2092.0, 191.0) 
Voter 49: ID 400; Choice (2141.0, 1356.0, 433.0, 192.0, 1889.0, 193.0, 1347.0, 1905.0, 2092.0, 191.0) 
Voter 50: ID 684; Choice (2141.0, 1356.0, 433.0, 192.0, 1889.0, 193.0, 1347.0, 1905.0, 2092.0, 191.0) 
---------------------------------------------------------------------------
After Iteration 14 :
Voter 1: ID 362; Choice (2141.0, 1356.0, 433.0, 192.0, 1889.0, 193.0, 1347.0, 1905.0, 2092.0, 191.0) 
Voter 2: ID 730; Choice (2141.0, 1356.0, 433.0, 192.0, 1889.0, 193.0, 1347.0, 1905.0, 2092.0, 191.0) 
Voter 3: ID 30; Choice (2141.0, 1356.0, 433.0, 192.0, 1889.0, 193.0, 1347.0, 1905.0, 2092.0, 191.0) 
Voter 4: ID 725; Choice (2141.0, 1356.0, 433.0, 192.0, 1889.0, 193.0, 1347.0, 1905.0, 2092.0, 191.0) 
Voter 5: ID 643; Choice (2141.0, 1356.0, 433.0, 192.0, 1889.0, 193.0, 1347.0, 1905.0, 2092.0, 191.0) 
Voter 6: ID 63; Choice (2141.0, 1356.0, 433.0, 192.0, 1889.0, 193.0, 1347.0, 1905.0, 2092.0, 191.0) 
Voter 7: ID 99; Choice (2141.0, 1356.0, 433.0, 192.0, 1889.0, 193.0, 1347.0, 1905.0, 2092.0, 191.0) 
Voter 8: ID 449; Choice (2141.0, 1356.0, 433.0, 192.0, 1889.0, 193.0, 1347.0, 1905.0, 2092.0, 191.0) 
Voter 9: ID 207; Choice (2141.0, 1356.0, 433.0, 192.0, 1889.0, 193.0, 1347.0, 1905.0, 2092.0, 191.0) 
Voter 10: ID 165; Choice (2141.0, 1356.0, 433.0, 192.0, 1889.0, 193.0, 1347.0, 1905.0, 2092.0, 191.0) 
Voter 11: ID 738; Choice (2141.0, 1356.0, 433.0, 192.0, 1889.0, 193.0, 1347.0, 1905.0, 2092.0, 191.0) 
Voter 12: ID 688; Choice (2141.0, 1356.0, 433.0, 192.0, 1889.0, 193.0, 1347.0, 1905.0, 2092.0, 191.0) 
Voter 13: ID 309; Choice (2141.0, 1356.0, 1889.0, 193.0, 1347.0, 1905.0, 2092.0, 2121.0, 191.0) 
Voter 14: ID 675; Choice (2141.0, 1356.0, 433.0, 192.0, 1889.0, 193.0, 1347.0, 1905.0, 2092.0, 191.0) 
Voter 15: ID 199; Choice (2141.0, 1356.0, 433.0, 192.0, 1889.0, 193.0, 1347.0, 1905.0, 2092.0, 191.0) 
Voter 16: ID 42; Choice (2141.0, 1356.0, 1889.0, 193.0, 1347.0, 1905.0, 2092.0, 2121.0, 191.0) 
Voter 17: ID 604; Choice (2141.0, 1356.0, 433.0, 192.0, 1889.0, 193.0, 1347.0, 1905.0, 2092.0, 191.0) 
Voter 18: ID 481; Choice (2141.0, 1356.0, 433.0, 192.0, 1889.0, 193.0, 1347.0, 1905.0, 2092.0, 191.0) 
Voter 19: ID 18; Choice (2141.0, 1356.0, 433.0, 192.0, 1889.0, 193.0, 1347.0, 1905.0, 2092.0, 191.0) 
Voter 20: ID 542; Choice (2141.0, 1356.0, 433.0, 192.0, 1889.0, 193.0, 1347.0, 1905.0, 2092.0, 191.0) 
Voter 21: ID 95; Choice (2141.0, 1356.0, 433.0, 192.0, 1889.0, 193.0, 1347.0, 1905.0, 2092.0, 191.0) 
Voter 22: ID 125; Choice (2141.0, 1356.0, 433.0, 192.0, 1889.0, 193.0, 1347.0, 1905.0, 2092.0, 191.0) 
Voter 23: ID 565; Choice (2141.0, 1356.0, 433.0, 192.0, 1889.0, 193.0, 1347.0, 1905.0, 2092.0, 191.0) 
Voter 24: ID 413; Choice (2141.0, 1356.0, 433.0, 192.0, 1889.0, 193.0, 1347.0, 1905.0, 2092.0, 191.0) 
Voter 25: ID 28; Choice (2141.0, 1356.0, 433.0, 192.0, 1889.0, 193.0, 1347.0, 1905.0, 2092.0, 191.0) 
Voter 26: ID 371; Choice (2141.0, 1356.0, 433.0, 192.0, 1889.0, 193.0, 1347.0, 1905.0, 2092.0, 191.0) 
Voter 27: ID 155; Choice (2141.0, 1356.0, 433.0, 192.0, 1889.0, 193.0, 1347.0, 1905.0, 2092.0, 191.0) 
Voter 28: ID 73; Choice (2141.0, 1356.0, 433.0, 192.0, 1889.0, 193.0, 1347.0, 1905.0, 2092.0, 191.0) 
Voter 29: ID 54; Choice (2141.0, 1356.0, 433.0, 192.0, 1889.0, 193.0, 1347.0, 1905.0, 2092.0, 191.0) 
Voter 30: ID 238; Choice (2141.0, 1356.0, 433.0, 192.0, 1889.0, 193.0, 1347.0, 1905.0, 2092.0, 191.0) 
Voter 31: ID 275; Choice (2141.0, 1356.0, 433.0, 192.0, 1889.0, 193.0, 1347.0, 1905.0, 2092.0, 191.0) 
Voter 32: ID 6; Choice (2141.0, 1356.0, 433.0, 192.0, 1889.0, 193.0, 1347.0, 1905.0, 2092.0, 191.0) 
Voter 33: ID 375; Choice (2141.0, 1356.0, 433.0, 192.0, 1889.0, 193.0, 1347.0, 1905.0, 2092.0, 191.0) 
Voter 34: ID 720; Choice (2141.0, 1356.0, 433.0, 192.0, 1889.0, 193.0, 1347.0, 1905.0, 2092.0, 191.0) 
Voter 35: ID 313; Choice (2141.0, 1356.0, 433.0, 192.0, 1889.0, 193.0, 1347.0, 1905.0, 2092.0, 191.0) 
Voter 36: ID 465; Choice (2141.0, 1356.0, 433.0, 192.0, 1889.0, 193.0, 1347.0, 1905.0, 2092.0, 191.0) 
Voter 37: ID 108; Choice (2141.0, 1356.0, 433.0, 192.0, 1889.0, 193.0, 1347.0, 1905.0, 2092.0, 191.0) 
Voter 38: ID 74; Choice (2141.0, 1356.0, 433.0, 192.0, 1889.0, 193.0, 1347.0, 1905.0, 2092.0, 191.0) 
Voter 39: ID 712; Choice (2141.0, 1356.0, 433.0, 192.0, 1889.0, 193.0, 1347.0, 1905.0, 2092.0, 191.0) 
Voter 40: ID 483; Choice (2141.0, 1356.0, 433.0, 192.0, 1889.0, 193.0, 1347.0, 1905.0, 2092.0, 191.0) 
Voter 41: ID 693; Choice (2141.0, 1356.0, 433.0, 192.0, 1889.0, 193.0, 1347.0, 1905.0, 2092.0, 191.0) 
Voter 42: ID 669; Choice (2141.0, 1356.0, 433.0, 192.0, 1889.0, 193.0, 1347.0, 1905.0, 2092.0, 191.0) 
Voter 43: ID 68; Choice (2141.0, 1356.0, 433.0, 192.0, 1889.0, 193.0, 1347.0, 1905.0, 2092.0, 191.0) 
Voter 44: ID 446; Choice (2141.0, 1356.0, 433.0, 192.0, 1889.0, 193.0, 1347.0, 1905.0, 2092.0, 191.0) 
Voter 45: ID 202; Choice (2141.0, 1356.0, 433.0, 192.0, 1889.0, 193.0, 1347.0, 1905.0, 2092.0, 191.0) 
Voter 46: ID 22; Choice (2141.0, 1356.0, 433.0, 192.0, 1889.0, 193.0, 1347.0, 1905.0, 2092.0, 191.0) 
Voter 47: ID 695; Choice (2141.0, 1356.0, 433.0, 192.0, 1889.0, 193.0, 1347.0, 1905.0, 2092.0, 191.0) 
Voter 48: ID 346; Choice (2141.0, 1356.0, 433.0, 192.0, 1889.0, 193.0, 1347.0, 1905.0, 2092.0, 191.0) 
Voter 49: ID 400; Choice (2141.0, 1356.0, 433.0, 192.0, 1889.0, 193.0, 1347.0, 1905.0, 2092.0, 191.0) 
Voter 50: ID 684; Choice (2141.0, 1356.0, 433.0, 192.0, 1889.0, 193.0, 1347.0, 1905.0, 2092.0, 191.0) 
---------------------------------------------------------------------------
After Iteration 15 :
Voter 1: ID 362; Choice (2141.0, 1356.0, 433.0, 192.0, 1889.0, 193.0, 1347.0, 1905.0, 2092.0, 191.0) 
Voter 2: ID 730; Choice (2141.0, 1356.0, 433.0, 192.0, 1889.0, 193.0, 1347.0, 1905.0, 2092.0, 191.0) 
Voter 3: ID 30; Choice (2141.0, 1356.0, 433.0, 192.0, 1889.0, 193.0, 1347.0, 1905.0, 2092.0, 191.0) 
Voter 4: ID 725; Choice (2141.0, 1356.0, 433.0, 192.0, 1889.0, 193.0, 1347.0, 1905.0, 2092.0, 191.0) 
Voter 5: ID 643; Choice (2141.0, 1356.0, 433.0, 192.0, 1889.0, 193.0, 1347.0, 1905.0, 2092.0, 191.0) 
Voter 6: ID 63; Choice (2141.0, 1356.0, 433.0, 192.0, 1889.0, 193.0, 1347.0, 1905.0, 2092.0, 191.0) 
Voter 7: ID 99; Choice (2141.0, 1356.0, 433.0, 192.0, 1889.0, 193.0, 1347.0, 1905.0, 2092.0, 191.0) 
Voter 8: ID 449; Choice (2141.0, 1356.0, 433.0, 192.0, 1889.0, 193.0, 1347.0, 1905.0, 2092.0, 191.0) 
Voter 9: ID 207; Choice (2141.0, 1356.0, 433.0, 192.0, 1889.0, 193.0, 1347.0, 1905.0, 2092.0, 191.0) 
Voter 10: ID 165; Choice (2141.0, 1356.0, 433.0, 192.0, 1889.0, 193.0, 1347.0, 1905.0, 2092.0, 191.0) 
Voter 11: ID 738; Choice (2141.0, 1356.0, 433.0, 192.0, 1889.0, 193.0, 1347.0, 1905.0, 2092.0, 191.0) 
Voter 12: ID 688; Choice (2141.0, 1356.0, 433.0, 192.0, 1889.0, 193.0, 1347.0, 1905.0, 2092.0, 191.0) 
Voter 13: ID 309; Choice (2141.0, 1356.0, 433.0, 192.0, 1889.0, 193.0, 1347.0, 1905.0, 2092.0, 191.0) 
Voter 14: ID 675; Choice (2141.0, 1356.0, 433.0, 192.0, 1889.0, 193.0, 1347.0, 1905.0, 2092.0, 191.0) 
Voter 15: ID 199; Choice (2141.0, 1356.0, 433.0, 192.0, 1889.0, 193.0, 1347.0, 1905.0, 2092.0, 191.0) 
Voter 16: ID 42; Choice (2141.0, 1356.0, 433.0, 192.0, 1889.0, 193.0, 1347.0, 1905.0, 2092.0, 191.0) 
Voter 17: ID 604; Choice (2141.0, 1356.0, 433.0, 192.0, 1889.0, 193.0, 1347.0, 1905.0, 2092.0, 191.0) 
Voter 18: ID 481; Choice (2141.0, 1356.0, 433.0, 192.0, 1889.0, 193.0, 1347.0, 1905.0, 2092.0, 191.0) 
Voter 19: ID 18; Choice (2141.0, 1356.0, 433.0, 192.0, 1889.0, 193.0, 1347.0, 1905.0, 2092.0, 191.0) 
Voter 20: ID 542; Choice (2141.0, 1356.0, 433.0, 192.0, 1889.0, 193.0, 1347.0, 1905.0, 2092.0, 191.0) 
Voter 21: ID 95; Choice (2141.0, 1356.0, 433.0, 192.0, 1889.0, 193.0, 1347.0, 1905.0, 2092.0, 191.0) 
Voter 22: ID 125; Choice (2141.0, 1356.0, 433.0, 192.0, 1889.0, 193.0, 1347.0, 1905.0, 2092.0, 191.0) 
Voter 23: ID 565; Choice (2141.0, 1356.0, 433.0, 192.0, 1889.0, 193.0, 1347.0, 1905.0, 2092.0, 191.0) 
Voter 24: ID 413; Choice (2141.0, 1356.0, 433.0, 192.0, 1889.0, 193.0, 1347.0, 1905.0, 2092.0, 191.0) 
Voter 25: ID 28; Choice (2141.0, 1356.0, 433.0, 192.0, 1889.0, 193.0, 1347.0, 1905.0, 2092.0, 191.0) 
Voter 26: ID 371; Choice (2141.0, 1356.0, 433.0, 192.0, 1889.0, 193.0, 1347.0, 1905.0, 2092.0, 191.0) 
Voter 27: ID 155; Choice (2141.0, 1356.0, 433.0, 192.0, 1889.0, 193.0, 1347.0, 1905.0, 2092.0, 191.0) 
Voter 28: ID 73; Choice (2141.0, 1356.0, 433.0, 192.0, 1889.0, 193.0, 1347.0, 1905.0, 2092.0, 191.0) 
Voter 29: ID 54; Choice (2141.0, 1356.0, 433.0, 192.0, 1889.0, 193.0, 1347.0, 1905.0, 2092.0, 191.0) 
Voter 30: ID 238; Choice (2141.0, 1356.0, 433.0, 192.0, 1889.0, 193.0, 1347.0, 1905.0, 2092.0, 191.0) 
Voter 31: ID 275; Choice (2141.0, 1356.0, 433.0, 192.0, 1889.0, 193.0, 1347.0, 1905.0, 2092.0, 191.0) 
Voter 32: ID 6; Choice (2141.0, 1356.0, 433.0, 192.0, 1889.0, 193.0, 1347.0, 1905.0, 2092.0, 191.0) 
Voter 33: ID 375; Choice (2141.0, 1356.0, 433.0, 192.0, 1889.0, 193.0, 1347.0, 1905.0, 2092.0, 191.0) 
Voter 34: ID 720; Choice (2141.0, 1356.0, 433.0, 192.0, 1889.0, 193.0, 1347.0, 1905.0, 2092.0, 191.0) 
Voter 35: ID 313; Choice (2141.0, 1356.0, 433.0, 192.0, 1889.0, 193.0, 1347.0, 1905.0, 2092.0, 191.0) 
Voter 36: ID 465; Choice (2141.0, 1356.0, 433.0, 192.0, 1889.0, 193.0, 1347.0, 1905.0, 2092.0, 191.0) 
Voter 37: ID 108; Choice (2141.0, 1356.0, 433.0, 192.0, 1889.0, 193.0, 1347.0, 1905.0, 2092.0, 191.0) 
Voter 38: ID 74; Choice (2141.0, 1356.0, 433.0, 192.0, 1889.0, 193.0, 1347.0, 1905.0, 2092.0, 191.0) 
Voter 39: ID 712; Choice (2141.0, 1356.0, 433.0, 192.0, 1889.0, 193.0, 1347.0, 1905.0, 2092.0, 191.0) 
Voter 40: ID 483; Choice (2141.0, 1356.0, 433.0, 192.0, 1889.0, 193.0, 1347.0, 1905.0, 2092.0, 191.0) 
Voter 41: ID 693; Choice (2141.0, 1356.0, 433.0, 192.0, 1889.0, 193.0, 1347.0, 1905.0, 2092.0, 191.0) 
Voter 42: ID 669; Choice (2141.0, 1356.0, 433.0, 192.0, 1889.0, 193.0, 1347.0, 1905.0, 2092.0, 191.0) 
Voter 43: ID 68; Choice (2141.0, 1356.0, 433.0, 192.0, 1889.0, 193.0, 1347.0, 1905.0, 2092.0, 191.0) 
Voter 44: ID 446; Choice (2141.0, 1356.0, 433.0, 192.0, 1889.0, 193.0, 1347.0, 1905.0, 2092.0, 191.0) 
Voter 45: ID 202; Choice (2141.0, 1356.0, 433.0, 192.0, 1889.0, 193.0, 1347.0, 1905.0, 2092.0, 191.0) 
Voter 46: ID 22; Choice (2141.0, 1356.0, 433.0, 192.0, 1889.0, 193.0, 1347.0, 1905.0, 2092.0, 191.0) 
Voter 47: ID 695; Choice (2141.0, 1356.0, 433.0, 192.0, 1889.0, 193.0, 1347.0, 1905.0, 2092.0, 191.0) 
Voter 48: ID 346; Choice (2141.0, 1356.0, 433.0, 192.0, 1889.0, 193.0, 1347.0, 1905.0, 2092.0, 191.0) 
Voter 49: ID 400; Choice (2141.0, 1356.0, 433.0, 192.0, 1889.0, 193.0, 1347.0, 1905.0, 2092.0, 191.0) 
Voter 50: ID 684; Choice (2141.0, 1356.0, 433.0, 192.0, 1889.0, 193.0, 1347.0, 1905.0, 2092.0, 191.0) 
---------------------------------------------------------------------------
Concensus reached after 15 iterations.
Max degree: 24 Number of valid combinations: 75 Using random find.
There are 1 opinions after all iterations.
(2141.0, 1356.0, 433.0, 192.0, 1889.0, 193.0, 1347.0, 1905.0, 2092.0, 191.0) count: 50
