    project id    reward
0       1211.0 -0.444988
1       2141.0 -0.057202
2       1356.0  0.331482
3       2183.0  0.343395
4        433.0 -0.263659
5        192.0  0.232709
6       1889.0  0.302624
7        193.0  0.251523
8       1347.0  0.192139
9       1905.0  0.121838
10      2092.0  0.245409
11      2121.0 -0.136063
12       191.0  0.215283
Valid Combinations are:
(1356.0, 2183.0, 192.0, 1889.0, 193.0, 1905.0, 2092.0, 191.0, 1347.0)
(1356.0, 2183.0, 192.0, 1889.0, 193.0, 1905.0, 2092.0, 191.0)
(1211.0, 2141.0, 1356.0, 2183.0, 192.0, 193.0)
(1356.0, 2183.0, 192.0, 193.0, 1347.0, 1905.0, 2092.0, 2121.0, 191.0)
(1211.0, 1356.0, 2183.0, 192.0, 193.0, 1905.0, 2092.0, 191.0)
(2141.0, 1356.0, 2183.0, 1889.0, 193.0, 1347.0, 1905.0, 2092.0)
(2141.0, 1356.0, 433.0, 192.0, 1889.0, 1347.0, 1905.0, 191.0)
(2141.0, 1356.0, 1889.0, 1347.0, 1905.0, 2092.0, 2121.0, 191.0)
(2141.0, 2183.0, 1889.0, 193.0, 1347.0, 1905.0, 2092.0, 2121.0)
(2141.0, 433.0, 192.0, 1889.0, 1347.0, 1905.0, 2092.0, 191.0)
(2141.0, 433.0, 1889.0, 193.0, 1905.0, 2092.0, 2121.0, 191.0)
(1356.0, 2183.0, 433.0, 192.0, 1889.0, 1905.0, 2092.0, 191.0)
(1356.0, 2183.0, 433.0, 192.0, 193.0, 1347.0, 2092.0, 191.0)
(1356.0, 2183.0, 433.0, 1889.0, 1905.0, 2092.0, 2121.0, 191.0)
(1356.0, 433.0, 192.0, 193.0, 1347.0, 1905.0, 2121.0, 191.0)
(1211.0, 2183.0, 192.0, 1889.0, 193.0, 1905.0, 191.0)
(2141.0, 1356.0, 2183.0, 433.0, 192.0, 1347.0, 191.0)
(2141.0, 1356.0, 2183.0, 433.0, 1889.0, 1347.0, 1905.0)
(2141.0, 1356.0, 2183.0, 433.0, 1889.0, 2121.0, 191.0)
(2141.0, 1356.0, 2183.0, 1889.0, 1905.0, 2092.0, 2121.0)
(2141.0, 1356.0, 433.0, 1889.0, 193.0, 2092.0, 191.0)
(2141.0, 1356.0, 192.0, 1889.0, 193.0, 1905.0, 191.0)
(2141.0, 2183.0, 433.0, 192.0, 1889.0, 193.0, 2121.0)
(2141.0, 2183.0, 433.0, 192.0, 1889.0, 193.0, 191.0)
(2141.0, 2183.0, 433.0, 193.0, 1905.0, 2121.0, 191.0)
(2141.0, 2183.0, 192.0, 193.0, 1347.0, 2092.0, 2121.0)
(2141.0, 433.0, 192.0, 1889.0, 193.0, 2092.0, 2121.0)
(1356.0, 2183.0, 433.0, 192.0, 193.0, 1905.0, 2092.0)
(1356.0, 2183.0, 433.0, 1889.0, 193.0, 1347.0, 191.0)
(1356.0, 2183.0, 1889.0, 193.0, 1905.0, 2121.0, 191.0)
(1356.0, 433.0, 192.0, 1889.0, 193.0, 2092.0, 191.0)
(1356.0, 433.0, 193.0, 1347.0, 2092.0, 2121.0, 191.0)
(2183.0, 433.0, 192.0, 1889.0, 1347.0, 1905.0, 191.0)
(2183.0, 192.0, 1889.0, 193.0, 2092.0, 2121.0, 191.0)
(1211.0, 2141.0, 2183.0, 192.0, 1889.0, 2092.0)
(1211.0, 1356.0, 192.0, 1889.0, 193.0, 1905.0)
(1211.0, 1889.0, 193.0, 1905.0, 2121.0, 191.0)
(2141.0, 1356.0, 2183.0, 1347.0, 1905.0, 2121.0)
(2141.0, 1356.0, 433.0, 1889.0, 1347.0, 2121.0)
(2141.0, 1356.0, 433.0, 1905.0, 2092.0, 191.0)
(2141.0, 2183.0, 433.0, 2092.0, 2121.0, 191.0)
(2141.0, 2183.0, 192.0, 193.0, 2092.0, 191.0)
(2141.0, 2183.0, 192.0, 2092.0, 2121.0, 191.0)
(2141.0, 433.0, 192.0, 1905.0, 2092.0, 2121.0)
(1356.0, 2183.0, 433.0, 192.0, 1889.0, 193.0)
Initial Choices:
---------------------------------------------------------------------------
Voter 1: ID 4; Choice (2183.0, 433.0, 192.0, 1889.0, 1347.0, 1905.0, 191.0) 
Voter 2: ID 315; Choice (2141.0, 1356.0, 433.0, 1905.0, 2092.0, 191.0) 
Voter 3: ID 205; Choice (1356.0, 2183.0, 433.0, 192.0, 1889.0, 193.0) 
Voter 4: ID 190; Choice (2141.0, 1356.0, 2183.0, 1347.0, 1905.0, 2121.0) 
Voter 5: ID 167; Choice (1356.0, 433.0, 192.0, 1889.0, 193.0, 2092.0, 191.0) 
Voter 6: ID 289; Choice (2141.0, 433.0, 192.0, 1889.0, 193.0, 2092.0, 2121.0) 
Voter 7: ID 491; Choice (1356.0, 2183.0, 192.0, 1889.0, 193.0, 1905.0, 2092.0, 191.0, 1347.0) 
Voter 8: ID 537; Choice (1356.0, 2183.0, 433.0, 1889.0, 193.0, 1347.0, 191.0) 
Voter 9: ID 626; Choice (1356.0, 2183.0, 433.0, 192.0, 1889.0, 193.0) 
Voter 10: ID 217; Choice (2141.0, 1356.0, 2183.0, 1889.0, 193.0, 1347.0, 1905.0, 2092.0) 
Voter 11: ID 317; Choice (2141.0, 1356.0, 2183.0, 433.0, 1889.0, 1347.0, 1905.0) 
Voter 12: ID 284; Choice (2141.0, 433.0, 192.0, 1905.0, 2092.0, 2121.0) 
Voter 13: ID 359; Choice (2141.0, 1356.0, 433.0, 1905.0, 2092.0, 191.0) 
Voter 14: ID 88; Choice (2141.0, 1356.0, 2183.0, 433.0, 192.0, 1347.0, 191.0) 
Voter 15: ID 451; Choice (2141.0, 2183.0, 192.0, 2092.0, 2121.0, 191.0) 
Voter 16: ID 499; Choice (1356.0, 2183.0, 433.0, 192.0, 193.0, 1905.0, 2092.0) 
Voter 17: ID 455; Choice (2141.0, 1356.0, 2183.0, 1347.0, 1905.0, 2121.0) 
Voter 18: ID 548; Choice (2141.0, 1356.0, 433.0, 1889.0, 193.0, 2092.0, 191.0) 
Voter 19: ID 300; Choice (1356.0, 2183.0, 1889.0, 193.0, 1905.0, 2121.0, 191.0) 
Voter 20: ID 606; Choice (2141.0, 433.0, 192.0, 1905.0, 2092.0, 2121.0) 
Voter 21: ID 703; Choice (2141.0, 1356.0, 2183.0, 433.0, 1889.0, 2121.0, 191.0) 
Voter 22: ID 214; Choice (2141.0, 1356.0, 433.0, 1905.0, 2092.0, 191.0) 
Voter 23: ID 82; Choice (1356.0, 2183.0, 433.0, 192.0, 1889.0, 1905.0, 2092.0, 191.0) 
Voter 24: ID 398; Choice (1356.0, 2183.0, 192.0, 193.0, 1347.0, 1905.0, 2092.0, 2121.0, 191.0) 
Voter 25: ID 498; Choice (2141.0, 1356.0, 1889.0, 1347.0, 1905.0, 2092.0, 2121.0, 191.0) 
Voter 26: ID 653; Choice (1211.0, 2183.0, 192.0, 1889.0, 193.0, 1905.0, 191.0) 
Voter 27: ID 10; Choice (2141.0, 2183.0, 192.0, 193.0, 2092.0, 191.0) 
Voter 28: ID 662; Choice (1356.0, 2183.0, 1889.0, 193.0, 1905.0, 2121.0, 191.0) 
Voter 29: ID 110; Choice (1356.0, 2183.0, 433.0, 192.0, 1889.0, 1905.0, 2092.0, 191.0) 
Voter 30: ID 477; Choice (1356.0, 2183.0, 192.0, 1889.0, 193.0, 1905.0, 2092.0, 191.0, 1347.0) 
Voter 31: ID 593; Choice (2141.0, 2183.0, 433.0, 192.0, 1889.0, 193.0, 2121.0) 
Voter 32: ID 399; Choice (2141.0, 433.0, 192.0, 1905.0, 2092.0, 2121.0) 
Voter 33: ID 658; Choice (2141.0, 2183.0, 433.0, 192.0, 1889.0, 193.0, 191.0) 
Voter 34: ID 119; Choice (1211.0, 2141.0, 2183.0, 192.0, 1889.0, 2092.0) 
Voter 35: ID 393; Choice (2141.0, 1356.0, 433.0, 192.0, 1889.0, 1347.0, 1905.0, 191.0) 
Voter 36: ID 209; Choice (1356.0, 2183.0, 1889.0, 193.0, 1905.0, 2121.0, 191.0) 
Voter 37: ID 736; Choice (2141.0, 433.0, 1889.0, 193.0, 1905.0, 2092.0, 2121.0, 191.0) 
Voter 38: ID 587; Choice (2141.0, 2183.0, 192.0, 2092.0, 2121.0, 191.0) 
Voter 39: ID 316; Choice (2141.0, 1356.0, 433.0, 1905.0, 2092.0, 191.0) 
Voter 40: ID 212; Choice (1211.0, 1356.0, 2183.0, 192.0, 193.0, 1905.0, 2092.0, 191.0) 
Voter 41: ID 436; Choice (1356.0, 2183.0, 433.0, 192.0, 1889.0, 193.0) 
Voter 42: ID 622; Choice (1356.0, 433.0, 193.0, 1347.0, 2092.0, 2121.0, 191.0) 
Voter 43: ID 540; Choice (1211.0, 2183.0, 192.0, 1889.0, 193.0, 1905.0, 191.0) 
Voter 44: ID 619; Choice (1356.0, 433.0, 193.0, 1347.0, 2092.0, 2121.0, 191.0) 
Voter 45: ID 400; Choice (1211.0, 1889.0, 193.0, 1905.0, 2121.0, 191.0) 
Voter 46: ID 652; Choice (2141.0, 1356.0, 433.0, 1889.0, 1347.0, 2121.0) 
Voter 47: ID 104; Choice (1356.0, 2183.0, 192.0, 1889.0, 193.0, 1905.0, 2092.0, 191.0) 
Voter 48: ID 405; Choice (2141.0, 1356.0, 2183.0, 433.0, 1889.0, 1347.0, 1905.0) 
Voter 49: ID 330; Choice (1211.0, 2141.0, 1356.0, 2183.0, 192.0, 193.0) 
Voter 50: ID 295; Choice (1356.0, 433.0, 192.0, 1889.0, 193.0, 2092.0, 191.0) 
---------------------------------------------------------------------------
After Iteration 1 :
Voter 1: ID 4; Choice (2141.0, 1356.0, 433.0, 1889.0, 1347.0, 2121.0) 
Voter 2: ID 315; Choice (2141.0, 1356.0, 2183.0, 1347.0, 1905.0, 2121.0) 
Voter 3: ID 205; Choice (1211.0, 1889.0, 193.0, 1905.0, 2121.0, 191.0) 
Voter 4: ID 190; Choice (1356.0, 433.0, 192.0, 193.0, 1347.0, 1905.0, 2121.0, 191.0) 
Voter 5: ID 167; Choice (1356.0, 433.0, 192.0, 193.0, 1347.0, 1905.0, 2121.0, 191.0) 
Voter 6: ID 289; Choice (2141.0, 433.0, 1889.0, 193.0, 1905.0, 2092.0, 2121.0, 191.0) 
Voter 7: ID 491; Choice (1356.0, 2183.0, 433.0, 192.0, 1889.0, 1905.0, 2092.0, 191.0) 
Voter 8: ID 537; Choice (1356.0, 433.0, 192.0, 193.0, 1347.0, 1905.0, 2121.0, 191.0) 
Voter 9: ID 626; Choice (2141.0, 2183.0, 192.0, 193.0, 1347.0, 2092.0, 2121.0) 
Voter 10: ID 217; Choice (2183.0, 433.0, 192.0, 1889.0, 1347.0, 1905.0, 191.0) 
Voter 11: ID 317; Choice (2141.0, 2183.0, 433.0, 192.0, 1889.0, 193.0, 2121.0) 
Voter 12: ID 284; Choice (1356.0, 2183.0, 433.0, 1889.0, 193.0, 1347.0, 191.0) 
Voter 13: ID 359; Choice (1356.0, 2183.0, 433.0, 192.0, 193.0, 1347.0, 2092.0, 191.0) 
Voter 14: ID 88; Choice (2183.0, 192.0, 1889.0, 193.0, 2092.0, 2121.0, 191.0) 
Voter 15: ID 451; Choice (1211.0, 2183.0, 192.0, 1889.0, 193.0, 1905.0, 191.0) 
Voter 16: ID 499; Choice (1356.0, 433.0, 193.0, 1347.0, 2092.0, 2121.0, 191.0) 
Voter 17: ID 455; Choice (2141.0, 433.0, 192.0, 1905.0, 2092.0, 2121.0) 
Voter 18: ID 548; Choice (2141.0, 1356.0, 433.0, 192.0, 1889.0, 1347.0, 1905.0, 191.0) 
Voter 19: ID 300; Choice (2141.0, 1356.0, 192.0, 1889.0, 193.0, 1905.0, 191.0) 
Voter 20: ID 606; Choice (1356.0, 2183.0, 433.0, 1889.0, 193.0, 1347.0, 191.0) 
Voter 21: ID 703; Choice (1356.0, 433.0, 192.0, 193.0, 1347.0, 1905.0, 2121.0, 191.0) 
Voter 22: ID 214; Choice (2141.0, 433.0, 192.0, 1905.0, 2092.0, 2121.0) 
Voter 23: ID 82; Choice (2141.0, 2183.0, 192.0, 193.0, 2092.0, 191.0) 
Voter 24: ID 398; Choice (2141.0, 2183.0, 192.0, 2092.0, 2121.0, 191.0) 
Voter 25: ID 498; Choice (1356.0, 2183.0, 433.0, 1889.0, 193.0, 1347.0, 191.0) 
Voter 26: ID 653; Choice (2141.0, 1356.0, 192.0, 1889.0, 193.0, 1905.0, 191.0) 
Voter 27: ID 10; Choice (1211.0, 2183.0, 192.0, 1889.0, 193.0, 1905.0, 191.0) 
Voter 28: ID 662; Choice (1356.0, 2183.0, 433.0, 192.0, 1889.0, 193.0) 
Voter 29: ID 110; Choice (1356.0, 433.0, 193.0, 1347.0, 2092.0, 2121.0, 191.0) 
Voter 30: ID 477; Choice (2141.0, 1356.0, 2183.0, 1347.0, 1905.0, 2121.0) 
Voter 31: ID 593; Choice (1211.0, 2141.0, 1356.0, 2183.0, 192.0, 193.0) 
Voter 32: ID 399; Choice (1211.0, 1356.0, 192.0, 1889.0, 193.0, 1905.0) 
Voter 33: ID 658; Choice (1356.0, 433.0, 193.0, 1347.0, 2092.0, 2121.0, 191.0) 
Voter 34: ID 119; Choice (2141.0, 2183.0, 433.0, 193.0, 1905.0, 2121.0, 191.0) 
Voter 35: ID 393; Choice (2141.0, 433.0, 1889.0, 193.0, 1905.0, 2092.0, 2121.0, 191.0) 
Voter 36: ID 209; Choice (2141.0, 433.0, 192.0, 1905.0, 2092.0, 2121.0) 
Voter 37: ID 736; Choice (2141.0, 1356.0, 2183.0, 1889.0, 193.0, 1347.0, 1905.0, 2092.0) 
Voter 38: ID 587; Choice (1211.0, 2141.0, 2183.0, 192.0, 1889.0, 2092.0) 
Voter 39: ID 316; Choice (2141.0, 433.0, 192.0, 1889.0, 193.0, 2092.0, 2121.0) 
Voter 40: ID 212; Choice (2141.0, 2183.0, 433.0, 2092.0, 2121.0, 191.0) 
Voter 41: ID 436; Choice (1211.0, 1356.0, 2183.0, 192.0, 193.0, 1905.0, 2092.0, 191.0) 
Voter 42: ID 622; Choice (2183.0, 433.0, 192.0, 1889.0, 1347.0, 1905.0, 191.0) 
Voter 43: ID 540; Choice (1211.0, 2183.0, 192.0, 1889.0, 193.0, 1905.0, 191.0) 
Voter 44: ID 619; Choice (2141.0, 2183.0, 192.0, 193.0, 2092.0, 191.0) 
Voter 45: ID 400; Choice (1356.0, 433.0, 192.0, 193.0, 1347.0, 1905.0, 2121.0, 191.0) 
Voter 46: ID 652; Choice (1356.0, 2183.0, 433.0, 1889.0, 193.0, 1347.0, 191.0) 
Voter 47: ID 104; Choice (2141.0, 433.0, 192.0, 1905.0, 2092.0, 2121.0) 
Voter 48: ID 405; Choice (1211.0, 2141.0, 2183.0, 192.0, 1889.0, 2092.0) 
Voter 49: ID 330; Choice (2141.0, 2183.0, 433.0, 192.0, 1889.0, 193.0, 191.0) 
Voter 50: ID 295; Choice (2141.0, 1356.0, 433.0, 1905.0, 2092.0, 191.0) 
---------------------------------------------------------------------------
---------------------------------------------------------------------------
{(1356.0, 2183.0, 192.0, 1889.0, 193.0, 1905.0, 2092.0, 191.0, 1347.0): 0, (1356.0, 2183.0, 192.0, 1889.0, 193.0, 1905.0, 2092.0, 191.0): 0.2044263556646321, (1211.0, 2141.0, 1356.0, 2183.0, 192.0, 193.0): 0, (1356.0, 2183.0, 192.0, 193.0, 1347.0, 1905.0, 2092.0, 2121.0, 191.0): 0.17977166140801426, (1211.0, 1356.0, 2183.0, 192.0, 193.0, 1905.0, 2092.0, 191.0): 0.12966518733964408, (2141.0, 1356.0, 2183.0, 1889.0, 193.0, 1347.0, 1905.0, 2092.0): 0.17312088923744098, (2141.0, 1356.0, 433.0, 192.0, 1889.0, 1347.0, 1905.0, 191.0): 0.10752147658474508, (2141.0, 1356.0, 1889.0, 1347.0, 1905.0, 2092.0, 2121.0, 191.0): 0, (2141.0, 2183.0, 1889.0, 193.0, 1347.0, 1905.0, 2092.0, 2121.0): 0, (2141.0, 433.0, 192.0, 1889.0, 1347.0, 1905.0, 2092.0, 191.0): 0, (2141.0, 433.0, 1889.0, 193.0, 1905.0, 2092.0, 2121.0, 191.0): 0.06797534125820091, (1356.0, 2183.0, 433.0, 192.0, 1889.0, 1905.0, 2092.0, 191.0): 0.15290819436614234, (1356.0, 2183.0, 433.0, 192.0, 193.0, 1347.0, 2092.0, 191.0): 0, (1356.0, 2183.0, 433.0, 1889.0, 1905.0, 2092.0, 2121.0, 191.0): 0, (1356.0, 433.0, 192.0, 193.0, 1347.0, 1905.0, 2121.0, 191.0): 0, (1211.0, 2183.0, 192.0, 1889.0, 193.0, 1905.0, 191.0): 0.10223841392627056, (2141.0, 1356.0, 2183.0, 433.0, 192.0, 1347.0, 191.0): 0.09941477808301286, (2141.0, 1356.0, 2183.0, 433.0, 1889.0, 1347.0, 1905.0): 0.09706182079526858, (2141.0, 1356.0, 2183.0, 433.0, 1889.0, 2121.0, 191.0): 0.0735860255052236, (2141.0, 1356.0, 2183.0, 1889.0, 1905.0, 2092.0, 2121.0): 0, (2141.0, 1356.0, 433.0, 1889.0, 193.0, 2092.0, 191.0): 0, (2141.0, 1356.0, 192.0, 1889.0, 193.0, 1905.0, 191.0): 0, (2141.0, 2183.0, 433.0, 192.0, 1889.0, 193.0, 2121.0): 0, (2141.0, 2183.0, 433.0, 192.0, 1889.0, 193.0, 191.0): 0, (2141.0, 2183.0, 433.0, 193.0, 1905.0, 2121.0, 191.0): 0, (2141.0, 2183.0, 192.0, 193.0, 1347.0, 2092.0, 2121.0): 0, (2141.0, 433.0, 192.0, 1889.0, 193.0, 2092.0, 2121.0): 0.057534132276254306, (1356.0, 2183.0, 433.0, 192.0, 193.0, 1905.0, 2092.0): 0.12626987074339566, (1356.0, 2183.0, 433.0, 1889.0, 193.0, 1347.0, 191.0): 0, (1356.0, 2183.0, 1889.0, 193.0, 1905.0, 2121.0, 191.0): 0.14300827154823245, (1356.0, 433.0, 192.0, 1889.0, 193.0, 2092.0, 191.0): 0.13153713586825352, (1356.0, 433.0, 193.0, 1347.0, 2092.0, 2121.0, 191.0): 0, (2183.0, 433.0, 192.0, 1889.0, 1347.0, 1905.0, 191.0): 0, (2183.0, 192.0, 1889.0, 193.0, 2092.0, 2121.0, 191.0): 0, (1211.0, 2141.0, 2183.0, 192.0, 1889.0, 2092.0): 0, (1211.0, 1356.0, 192.0, 1889.0, 193.0, 1905.0): 0, (1211.0, 1889.0, 193.0, 1905.0, 2121.0, 191.0): 0.031021719362312294, (2141.0, 1356.0, 2183.0, 1347.0, 1905.0, 2121.0): 0.07955903704574228, (2141.0, 1356.0, 433.0, 1889.0, 1347.0, 2121.0): 0, (2141.0, 1356.0, 433.0, 1905.0, 2092.0, 191.0): 0.0593151684729468, (2141.0, 2183.0, 433.0, 2092.0, 2121.0, 191.0): 0, (2141.0, 2183.0, 192.0, 193.0, 2092.0, 191.0): 0, (2141.0, 2183.0, 192.0, 2092.0, 2121.0, 191.0): 0.08435309333271518, (2141.0, 433.0, 192.0, 1905.0, 2092.0, 2121.0): 0.014303306913210946, (1356.0, 2183.0, 433.0, 192.0, 1889.0, 193.0): 0.11980748004612124}
After Iteration 2 :
Voter 1: ID 4; Choice (2141.0, 1356.0, 2183.0, 1889.0, 193.0, 1347.0, 1905.0, 2092.0) 
Voter 2: ID 315; Choice (1356.0, 2183.0, 1889.0, 193.0, 1905.0, 2121.0, 191.0) 
Voter 3: ID 205; Choice (2141.0, 2183.0, 192.0, 193.0, 2092.0, 191.0) 
Voter 4: ID 190; Choice (1211.0, 2141.0, 2183.0, 192.0, 1889.0, 2092.0) 
Voter 5: ID 167; Choice (2141.0, 2183.0, 192.0, 193.0, 1347.0, 2092.0, 2121.0) 
Voter 6: ID 289; Choice (1356.0, 2183.0, 433.0, 192.0, 193.0, 1347.0, 2092.0, 191.0) 
Voter 7: ID 491; Choice (2141.0, 1356.0, 433.0, 192.0, 1889.0, 1347.0, 1905.0, 191.0) 
Voter 8: ID 537; Choice (2141.0, 1356.0, 1889.0, 1347.0, 1905.0, 2092.0, 2121.0, 191.0) 
Voter 9: ID 626; Choice (1211.0, 2141.0, 2183.0, 192.0, 1889.0, 2092.0) 
Voter 10: ID 217; Choice (1356.0, 2183.0, 433.0, 1889.0, 1905.0, 2092.0, 2121.0, 191.0) 
Voter 11: ID 317; Choice (1356.0, 2183.0, 433.0, 1889.0, 193.0, 1347.0, 191.0) 
Voter 12: ID 284; Choice (2141.0, 1356.0, 1889.0, 1347.0, 1905.0, 2092.0, 2121.0, 191.0) 
Voter 13: ID 359; Choice (2141.0, 1356.0, 433.0, 1905.0, 2092.0, 191.0) 
Voter 14: ID 88; Choice (1356.0, 2183.0, 192.0, 1889.0, 193.0, 1905.0, 2092.0, 191.0, 1347.0) 
Voter 15: ID 451; Choice (1211.0, 1356.0, 192.0, 1889.0, 193.0, 1905.0) 
Voter 16: ID 499; Choice (1211.0, 2183.0, 192.0, 1889.0, 193.0, 1905.0, 191.0) 
Voter 17: ID 455; Choice (2183.0, 192.0, 1889.0, 193.0, 2092.0, 2121.0, 191.0) 
Voter 18: ID 548; Choice (1356.0, 2183.0, 1889.0, 193.0, 1905.0, 2121.0, 191.0) 
Voter 19: ID 300; Choice (2141.0, 1356.0, 2183.0, 433.0, 1889.0, 2121.0, 191.0) 
Voter 20: ID 606; Choice (2141.0, 433.0, 1889.0, 193.0, 1905.0, 2092.0, 2121.0, 191.0) 
Voter 21: ID 703; Choice (2141.0, 433.0, 192.0, 1889.0, 193.0, 2092.0, 2121.0) 
Voter 22: ID 214; Choice (2183.0, 192.0, 1889.0, 193.0, 2092.0, 2121.0, 191.0) 
Voter 23: ID 82; Choice (2141.0, 2183.0, 433.0, 192.0, 1889.0, 193.0, 191.0) 
Voter 24: ID 398; Choice (1211.0, 2183.0, 192.0, 1889.0, 193.0, 1905.0, 191.0) 
Voter 25: ID 498; Choice (1356.0, 433.0, 192.0, 193.0, 1347.0, 1905.0, 2121.0, 191.0) 
Voter 26: ID 653; Choice (1356.0, 2183.0, 433.0, 192.0, 193.0, 1347.0, 2092.0, 191.0) 
Voter 27: ID 10; Choice (1211.0, 2183.0, 192.0, 1889.0, 193.0, 1905.0, 191.0) 
Voter 28: ID 662; Choice (2141.0, 1356.0, 2183.0, 1347.0, 1905.0, 2121.0) 
Voter 29: ID 110; Choice (2141.0, 433.0, 1889.0, 193.0, 1905.0, 2092.0, 2121.0, 191.0) 
Voter 30: ID 477; Choice (2141.0, 1356.0, 2183.0, 433.0, 1889.0, 1347.0, 1905.0) 
Voter 31: ID 593; Choice (1356.0, 2183.0, 433.0, 192.0, 193.0, 1347.0, 2092.0, 191.0) 
Voter 32: ID 399; Choice (1211.0, 1356.0, 2183.0, 192.0, 193.0, 1905.0, 2092.0, 191.0) 
Voter 33: ID 658; Choice (2141.0, 1356.0, 433.0, 1905.0, 2092.0, 191.0) 
Voter 34: ID 119; Choice (1356.0, 2183.0, 433.0, 1889.0, 193.0, 1347.0, 191.0) 
Voter 35: ID 393; Choice (2183.0, 192.0, 1889.0, 193.0, 2092.0, 2121.0, 191.0) 
Voter 36: ID 209; Choice (2141.0, 1356.0, 2183.0, 433.0, 192.0, 1347.0, 191.0) 
Voter 37: ID 736; Choice (1356.0, 2183.0, 433.0, 192.0, 1889.0, 193.0) 
Voter 38: ID 587; Choice (2141.0, 2183.0, 433.0, 193.0, 1905.0, 2121.0, 191.0) 
Voter 39: ID 316; Choice (2141.0, 2183.0, 192.0, 2092.0, 2121.0, 191.0) 
Voter 40: ID 212; Choice (2141.0, 2183.0, 433.0, 192.0, 1889.0, 193.0, 2121.0) 
Voter 41: ID 436; Choice (2141.0, 433.0, 192.0, 1889.0, 193.0, 2092.0, 2121.0) 
Voter 42: ID 622; Choice (2141.0, 433.0, 1889.0, 193.0, 1905.0, 2092.0, 2121.0, 191.0) 
Voter 43: ID 540; Choice (1211.0, 2141.0, 2183.0, 192.0, 1889.0, 2092.0) 
Voter 44: ID 619; Choice (2141.0, 433.0, 192.0, 1905.0, 2092.0, 2121.0) 
Voter 45: ID 400; Choice (2141.0, 433.0, 1889.0, 193.0, 1905.0, 2092.0, 2121.0, 191.0) 
Voter 46: ID 652; Choice (2141.0, 433.0, 1889.0, 193.0, 1905.0, 2092.0, 2121.0, 191.0) 
Voter 47: ID 104; Choice (2183.0, 433.0, 192.0, 1889.0, 1347.0, 1905.0, 191.0) 
Voter 48: ID 405; Choice (2141.0, 1356.0, 2183.0, 1347.0, 1905.0, 2121.0) 
Voter 49: ID 330; Choice (2183.0, 433.0, 192.0, 1889.0, 1347.0, 1905.0, 191.0) 
Voter 50: ID 295; Choice (2141.0, 433.0, 192.0, 1889.0, 1347.0, 1905.0, 2092.0, 191.0) 
---------------------------------------------------------------------------
After Iteration 3 :
Voter 1: ID 4; Choice (2141.0, 2183.0, 192.0, 193.0, 1347.0, 2092.0, 2121.0) 
Voter 2: ID 315; Choice (2141.0, 2183.0, 433.0, 192.0, 1889.0, 193.0, 191.0) 
Voter 3: ID 205; Choice (1211.0, 2141.0, 2183.0, 192.0, 1889.0, 2092.0) 
Voter 4: ID 190; Choice (1356.0, 2183.0, 433.0, 1889.0, 193.0, 1347.0, 191.0) 
Voter 5: ID 167; Choice (1356.0, 2183.0, 192.0, 1889.0, 193.0, 1905.0, 2092.0, 191.0, 1347.0) 
Voter 6: ID 289; Choice (2141.0, 433.0, 192.0, 1889.0, 193.0, 2092.0, 2121.0) 
Voter 7: ID 491; Choice (2141.0, 1356.0, 2183.0, 433.0, 1889.0, 2121.0, 191.0) 
Voter 8: ID 537; Choice (2141.0, 1356.0, 433.0, 1889.0, 193.0, 2092.0, 191.0) 
Voter 9: ID 626; Choice (2141.0, 1356.0, 433.0, 192.0, 1889.0, 1347.0, 1905.0, 191.0) 
Voter 10: ID 217; Choice (1356.0, 2183.0, 433.0, 192.0, 1889.0, 193.0) 
Voter 11: ID 317; Choice (1356.0, 2183.0, 192.0, 193.0, 1347.0, 1905.0, 2092.0, 2121.0, 191.0) 
Voter 12: ID 284; Choice (1356.0, 2183.0, 433.0, 192.0, 1889.0, 193.0) 
Voter 13: ID 359; Choice (2141.0, 1356.0, 2183.0, 1889.0, 1905.0, 2092.0, 2121.0) 
Voter 14: ID 88; Choice (2141.0, 1356.0, 192.0, 1889.0, 193.0, 1905.0, 191.0) 
Voter 15: ID 451; Choice (2141.0, 2183.0, 433.0, 2092.0, 2121.0, 191.0) 
Voter 16: ID 499; Choice (2141.0, 2183.0, 192.0, 193.0, 1347.0, 2092.0, 2121.0) 
Voter 17: ID 455; Choice (2141.0, 2183.0, 433.0, 192.0, 1889.0, 193.0, 191.0) 
Voter 18: ID 548; Choice (2141.0, 1356.0, 2183.0, 1889.0, 1905.0, 2092.0, 2121.0) 
Voter 19: ID 300; Choice (1211.0, 1889.0, 193.0, 1905.0, 2121.0, 191.0) 
Voter 20: ID 606; Choice (2141.0, 2183.0, 433.0, 192.0, 1889.0, 193.0, 2121.0) 
Voter 21: ID 703; Choice (1356.0, 2183.0, 192.0, 1889.0, 193.0, 1905.0, 2092.0, 191.0, 1347.0) 
Voter 22: ID 214; Choice (2141.0, 2183.0, 192.0, 193.0, 1347.0, 2092.0, 2121.0) 
Voter 23: ID 82; Choice (2141.0, 2183.0, 433.0, 192.0, 1889.0, 193.0, 191.0) 
Voter 24: ID 398; Choice (2141.0, 1356.0, 1889.0, 1347.0, 1905.0, 2092.0, 2121.0, 191.0) 
Voter 25: ID 498; Choice (2141.0, 2183.0, 433.0, 193.0, 1905.0, 2121.0, 191.0) 
Voter 26: ID 653; Choice (2141.0, 2183.0, 192.0, 193.0, 2092.0, 191.0) 
Voter 27: ID 10; Choice (1211.0, 1889.0, 193.0, 1905.0, 2121.0, 191.0) 
Voter 28: ID 662; Choice (2141.0, 433.0, 192.0, 1905.0, 2092.0, 2121.0) 
Voter 29: ID 110; Choice (1211.0, 2141.0, 2183.0, 192.0, 1889.0, 2092.0) 
Voter 30: ID 477; Choice (2141.0, 1356.0, 2183.0, 1889.0, 193.0, 1347.0, 1905.0, 2092.0) 
Voter 31: ID 593; Choice (1356.0, 2183.0, 433.0, 192.0, 193.0, 1347.0, 2092.0, 191.0) 
Voter 32: ID 399; Choice (2183.0, 433.0, 192.0, 1889.0, 1347.0, 1905.0, 191.0) 
Voter 33: ID 658; Choice (1356.0, 433.0, 192.0, 193.0, 1347.0, 1905.0, 2121.0, 191.0) 
Voter 34: ID 119; Choice (2141.0, 1356.0, 433.0, 192.0, 1889.0, 1347.0, 1905.0, 191.0) 
Voter 35: ID 393; Choice (2183.0, 433.0, 192.0, 1889.0, 1347.0, 1905.0, 191.0) 
Voter 36: ID 209; Choice (1356.0, 2183.0, 433.0, 1889.0, 1905.0, 2092.0, 2121.0, 191.0) 
Voter 37: ID 736; Choice (1356.0, 2183.0, 433.0, 192.0, 1889.0, 1905.0, 2092.0, 191.0) 
Voter 38: ID 587; Choice (2141.0, 433.0, 1889.0, 193.0, 1905.0, 2092.0, 2121.0, 191.0) 
Voter 39: ID 316; Choice (2141.0, 433.0, 192.0, 1889.0, 193.0, 2092.0, 2121.0) 
Voter 40: ID 212; Choice (2141.0, 433.0, 192.0, 1905.0, 2092.0, 2121.0) 
Voter 41: ID 436; Choice (2183.0, 433.0, 192.0, 1889.0, 1347.0, 1905.0, 191.0) 
Voter 42: ID 622; Choice (1211.0, 1356.0, 192.0, 1889.0, 193.0, 1905.0) 
Voter 43: ID 540; Choice (1356.0, 2183.0, 192.0, 1889.0, 193.0, 1905.0, 2092.0, 191.0, 1347.0) 
Voter 44: ID 619; Choice (1211.0, 2141.0, 1356.0, 2183.0, 192.0, 193.0) 
Voter 45: ID 400; Choice (1211.0, 1889.0, 193.0, 1905.0, 2121.0, 191.0) 
Voter 46: ID 652; Choice (1211.0, 1356.0, 192.0, 1889.0, 193.0, 1905.0) 
Voter 47: ID 104; Choice (1356.0, 2183.0, 192.0, 1889.0, 193.0, 1905.0, 2092.0, 191.0, 1347.0) 
Voter 48: ID 405; Choice (2141.0, 1356.0, 433.0, 1889.0, 193.0, 2092.0, 191.0) 
Voter 49: ID 330; Choice (2141.0, 1356.0, 2183.0, 433.0, 192.0, 1347.0, 191.0) 
Voter 50: ID 295; Choice (2141.0, 1356.0, 2183.0, 433.0, 192.0, 1347.0, 191.0) 
---------------------------------------------------------------------------
After Iteration 4 :
Voter 1: ID 4; Choice (1356.0, 2183.0, 192.0, 1889.0, 193.0, 1905.0, 2092.0, 191.0, 1347.0) 
Voter 2: ID 315; Choice (1356.0, 2183.0, 192.0, 1889.0, 193.0, 1905.0, 2092.0, 191.0, 1347.0) 
Voter 3: ID 205; Choice (1356.0, 2183.0, 192.0, 1889.0, 193.0, 1905.0, 2092.0, 191.0, 1347.0) 
Voter 4: ID 190; Choice (1356.0, 2183.0, 192.0, 1889.0, 193.0, 1905.0, 2092.0, 191.0, 1347.0) 
Voter 5: ID 167; Choice (1356.0, 2183.0, 192.0, 1889.0, 193.0, 1905.0, 2092.0, 191.0, 1347.0) 
Voter 6: ID 289; Choice (1211.0, 1889.0, 193.0, 1905.0, 2121.0, 191.0) 
Voter 7: ID 491; Choice (1356.0, 2183.0, 192.0, 1889.0, 193.0, 1905.0, 2092.0, 191.0, 1347.0) 
Voter 8: ID 537; Choice (2141.0, 1356.0, 1889.0, 1347.0, 1905.0, 2092.0, 2121.0, 191.0) 
Voter 9: ID 626; Choice (1356.0, 2183.0, 192.0, 1889.0, 193.0, 1905.0, 2092.0, 191.0, 1347.0) 
Voter 10: ID 217; Choice (1356.0, 2183.0, 192.0, 1889.0, 193.0, 1905.0, 2092.0, 191.0, 1347.0) 
Voter 11: ID 317; Choice (1356.0, 2183.0, 192.0, 1889.0, 193.0, 1905.0, 2092.0, 191.0, 1347.0) 
Voter 12: ID 284; Choice (1356.0, 2183.0, 192.0, 1889.0, 193.0, 1905.0, 2092.0, 191.0, 1347.0) 
Voter 13: ID 359; Choice (1356.0, 2183.0, 192.0, 1889.0, 193.0, 1905.0, 2092.0, 191.0, 1347.0) 
Voter 14: ID 88; Choice (1356.0, 2183.0, 192.0, 1889.0, 193.0, 1905.0, 2092.0, 191.0, 1347.0) 
Voter 15: ID 451; Choice (1356.0, 2183.0, 192.0, 1889.0, 193.0, 1905.0, 2092.0, 191.0, 1347.0) 
Voter 16: ID 499; Choice (1356.0, 2183.0, 192.0, 1889.0, 193.0, 1905.0, 2092.0, 191.0, 1347.0) 
Voter 17: ID 455; Choice (1356.0, 2183.0, 192.0, 1889.0, 193.0, 1905.0, 2092.0, 191.0, 1347.0) 
Voter 18: ID 548; Choice (1356.0, 2183.0, 192.0, 1889.0, 193.0, 1905.0, 2092.0, 191.0) 
Voter 19: ID 300; Choice (1356.0, 2183.0, 192.0, 1889.0, 193.0, 1905.0, 2092.0, 191.0, 1347.0) 
Voter 20: ID 606; Choice (1356.0, 2183.0, 192.0, 1889.0, 193.0, 1905.0, 2092.0, 191.0, 1347.0) 
Voter 21: ID 703; Choice (1356.0, 2183.0, 192.0, 1889.0, 193.0, 1905.0, 2092.0, 191.0, 1347.0) 
Voter 22: ID 214; Choice (1356.0, 2183.0, 192.0, 1889.0, 193.0, 1905.0, 2092.0, 191.0, 1347.0) 
Voter 23: ID 82; Choice (1356.0, 2183.0, 192.0, 1889.0, 193.0, 1905.0, 2092.0, 191.0, 1347.0) 
Voter 24: ID 398; Choice (1356.0, 2183.0, 192.0, 1889.0, 193.0, 1905.0, 2092.0, 191.0, 1347.0) 
Voter 25: ID 498; Choice (1356.0, 2183.0, 192.0, 1889.0, 193.0, 1905.0, 2092.0, 191.0, 1347.0) 
Voter 26: ID 653; Choice (1356.0, 2183.0, 192.0, 1889.0, 193.0, 1905.0, 2092.0, 191.0, 1347.0) 
Voter 27: ID 10; Choice (1211.0, 2183.0, 192.0, 1889.0, 193.0, 1905.0, 191.0) 
Voter 28: ID 662; Choice (1356.0, 2183.0, 192.0, 1889.0, 193.0, 1905.0, 2092.0, 191.0, 1347.0) 
Voter 29: ID 110; Choice (1356.0, 2183.0, 192.0, 1889.0, 193.0, 1905.0, 2092.0, 191.0) 
Voter 30: ID 477; Choice (1356.0, 2183.0, 192.0, 1889.0, 193.0, 1905.0, 2092.0, 191.0, 1347.0) 
Voter 31: ID 593; Choice (1356.0, 2183.0, 192.0, 1889.0, 193.0, 1905.0, 2092.0, 191.0, 1347.0) 
Voter 32: ID 399; Choice (1356.0, 2183.0, 192.0, 1889.0, 193.0, 1905.0, 2092.0, 191.0, 1347.0) 
Voter 33: ID 658; Choice (1356.0, 2183.0, 192.0, 1889.0, 193.0, 1905.0, 2092.0, 191.0, 1347.0) 
Voter 34: ID 119; Choice (1356.0, 2183.0, 192.0, 1889.0, 193.0, 1905.0, 2092.0, 191.0, 1347.0) 
Voter 35: ID 393; Choice (1356.0, 2183.0, 192.0, 1889.0, 193.0, 1905.0, 2092.0, 191.0, 1347.0) 
Voter 36: ID 209; Choice (1356.0, 2183.0, 192.0, 1889.0, 193.0, 1905.0, 2092.0, 191.0, 1347.0) 
Voter 37: ID 736; Choice (1356.0, 2183.0, 433.0, 192.0, 1889.0, 193.0) 
Voter 38: ID 587; Choice (1356.0, 2183.0, 192.0, 1889.0, 193.0, 1905.0, 2092.0, 191.0, 1347.0) 
Voter 39: ID 316; Choice (1356.0, 2183.0, 192.0, 1889.0, 193.0, 1905.0, 2092.0, 191.0, 1347.0) 
Voter 40: ID 212; Choice (1356.0, 2183.0, 192.0, 1889.0, 193.0, 1905.0, 2092.0, 191.0, 1347.0) 
Voter 41: ID 436; Choice (1356.0, 2183.0, 192.0, 1889.0, 193.0, 1905.0, 2092.0, 191.0, 1347.0) 
Voter 42: ID 622; Choice (1356.0, 2183.0, 192.0, 1889.0, 193.0, 1905.0, 2092.0, 191.0, 1347.0) 
Voter 43: ID 540; Choice (1356.0, 2183.0, 192.0, 1889.0, 193.0, 1905.0, 2092.0, 191.0, 1347.0) 
Voter 44: ID 619; Choice (1356.0, 2183.0, 192.0, 1889.0, 193.0, 1905.0, 2092.0, 191.0, 1347.0) 
Voter 45: ID 400; Choice (1356.0, 2183.0, 192.0, 1889.0, 193.0, 1905.0, 2092.0, 191.0, 1347.0) 
Voter 46: ID 652; Choice (1356.0, 2183.0, 192.0, 1889.0, 193.0, 1905.0, 2092.0, 191.0, 1347.0) 
Voter 47: ID 104; Choice (1356.0, 2183.0, 192.0, 1889.0, 193.0, 1905.0, 2092.0, 191.0, 1347.0) 
Voter 48: ID 405; Choice (1356.0, 2183.0, 192.0, 1889.0, 193.0, 1905.0, 2092.0, 191.0, 1347.0) 
Voter 49: ID 330; Choice (1356.0, 2183.0, 192.0, 1889.0, 193.0, 1905.0, 2092.0, 191.0) 
Voter 50: ID 295; Choice (1356.0, 2183.0, 192.0, 1889.0, 193.0, 1905.0, 2092.0, 191.0, 1347.0) 
---------------------------------------------------------------------------
After Iteration 5 :
Voter 1: ID 4; Choice (1356.0, 2183.0, 192.0, 1889.0, 193.0, 1905.0, 2092.0, 191.0, 1347.0) 
Voter 2: ID 315; Choice (1356.0, 2183.0, 192.0, 1889.0, 193.0, 1905.0, 2092.0, 191.0, 1347.0) 
Voter 3: ID 205; Choice (1356.0, 2183.0, 192.0, 1889.0, 193.0, 1905.0, 2092.0, 191.0, 1347.0) 
Voter 4: ID 190; Choice (1356.0, 2183.0, 192.0, 1889.0, 193.0, 1905.0, 2092.0, 191.0, 1347.0) 
Voter 5: ID 167; Choice (1356.0, 2183.0, 192.0, 1889.0, 193.0, 1905.0, 2092.0, 191.0, 1347.0) 
Voter 6: ID 289; Choice (1356.0, 2183.0, 192.0, 1889.0, 193.0, 1905.0, 2092.0, 191.0, 1347.0) 
Voter 7: ID 491; Choice (1356.0, 2183.0, 192.0, 1889.0, 193.0, 1905.0, 2092.0, 191.0, 1347.0) 
Voter 8: ID 537; Choice (1356.0, 2183.0, 192.0, 1889.0, 193.0, 1905.0, 2092.0, 191.0, 1347.0) 
Voter 9: ID 626; Choice (1356.0, 2183.0, 192.0, 1889.0, 193.0, 1905.0, 2092.0, 191.0, 1347.0) 
Voter 10: ID 217; Choice (1356.0, 2183.0, 192.0, 1889.0, 193.0, 1905.0, 2092.0, 191.0, 1347.0) 
Voter 11: ID 317; Choice (1356.0, 2183.0, 192.0, 1889.0, 193.0, 1905.0, 2092.0, 191.0, 1347.0) 
Voter 12: ID 284; Choice (1356.0, 2183.0, 192.0, 1889.0, 193.0, 1905.0, 2092.0, 191.0, 1347.0) 
Voter 13: ID 359; Choice (1356.0, 2183.0, 192.0, 1889.0, 193.0, 1905.0, 2092.0, 191.0, 1347.0) 
Voter 14: ID 88; Choice (1356.0, 2183.0, 192.0, 1889.0, 193.0, 1905.0, 2092.0, 191.0, 1347.0) 
Voter 15: ID 451; Choice (1356.0, 2183.0, 192.0, 1889.0, 193.0, 1905.0, 2092.0, 191.0, 1347.0) 
Voter 16: ID 499; Choice (1356.0, 2183.0, 192.0, 1889.0, 193.0, 1905.0, 2092.0, 191.0, 1347.0) 
Voter 17: ID 455; Choice (1356.0, 2183.0, 192.0, 1889.0, 193.0, 1905.0, 2092.0, 191.0, 1347.0) 
Voter 18: ID 548; Choice (1356.0, 2183.0, 192.0, 1889.0, 193.0, 1905.0, 2092.0, 191.0, 1347.0) 
Voter 19: ID 300; Choice (1356.0, 2183.0, 192.0, 1889.0, 193.0, 1905.0, 2092.0, 191.0, 1347.0) 
Voter 20: ID 606; Choice (1356.0, 2183.0, 192.0, 1889.0, 193.0, 1905.0, 2092.0, 191.0, 1347.0) 
Voter 21: ID 703; Choice (1356.0, 2183.0, 192.0, 1889.0, 193.0, 1905.0, 2092.0, 191.0, 1347.0) 
Voter 22: ID 214; Choice (1356.0, 2183.0, 192.0, 1889.0, 193.0, 1905.0, 2092.0, 191.0, 1347.0) 
Voter 23: ID 82; Choice (1356.0, 2183.0, 192.0, 1889.0, 193.0, 1905.0, 2092.0, 191.0, 1347.0) 
Voter 24: ID 398; Choice (1356.0, 2183.0, 192.0, 1889.0, 193.0, 1905.0, 2092.0, 191.0, 1347.0) 
Voter 25: ID 498; Choice (1356.0, 2183.0, 192.0, 1889.0, 193.0, 1905.0, 2092.0, 191.0, 1347.0) 
Voter 26: ID 653; Choice (1356.0, 2183.0, 192.0, 1889.0, 193.0, 1905.0, 2092.0, 191.0, 1347.0) 
Voter 27: ID 10; Choice (1356.0, 2183.0, 192.0, 1889.0, 193.0, 1905.0, 2092.0, 191.0, 1347.0) 
Voter 28: ID 662; Choice (1356.0, 2183.0, 192.0, 1889.0, 193.0, 1905.0, 2092.0, 191.0, 1347.0) 
Voter 29: ID 110; Choice (1356.0, 2183.0, 192.0, 1889.0, 193.0, 1905.0, 2092.0, 191.0, 1347.0) 
Voter 30: ID 477; Choice (1356.0, 2183.0, 192.0, 1889.0, 193.0, 1905.0, 2092.0, 191.0, 1347.0) 
Voter 31: ID 593; Choice (1356.0, 2183.0, 433.0, 192.0, 193.0, 1347.0, 2092.0, 191.0) 
Voter 32: ID 399; Choice (1356.0, 2183.0, 192.0, 1889.0, 193.0, 1905.0, 2092.0, 191.0, 1347.0) 
Voter 33: ID 658; Choice (1356.0, 2183.0, 192.0, 1889.0, 193.0, 1905.0, 2092.0, 191.0, 1347.0) 
Voter 34: ID 119; Choice (1356.0, 2183.0, 192.0, 1889.0, 193.0, 1905.0, 2092.0, 191.0, 1347.0) 
Voter 35: ID 393; Choice (1356.0, 2183.0, 192.0, 1889.0, 193.0, 1905.0, 2092.0, 191.0, 1347.0) 
Voter 36: ID 209; Choice (1356.0, 2183.0, 192.0, 1889.0, 193.0, 1905.0, 2092.0, 191.0, 1347.0) 
Voter 37: ID 736; Choice (1356.0, 2183.0, 433.0, 192.0, 1889.0, 193.0) 
Voter 38: ID 587; Choice (1356.0, 2183.0, 192.0, 1889.0, 193.0, 1905.0, 2092.0, 191.0, 1347.0) 
Voter 39: ID 316; Choice (1356.0, 2183.0, 192.0, 1889.0, 193.0, 1905.0, 2092.0, 191.0, 1347.0) 
Voter 40: ID 212; Choice (1356.0, 2183.0, 192.0, 1889.0, 193.0, 1905.0, 2092.0, 191.0, 1347.0) 
Voter 41: ID 436; Choice (1356.0, 2183.0, 192.0, 1889.0, 193.0, 1905.0, 2092.0, 191.0, 1347.0) 
Voter 42: ID 622; Choice (1356.0, 2183.0, 192.0, 1889.0, 193.0, 1905.0, 2092.0, 191.0, 1347.0) 
Voter 43: ID 540; Choice (1356.0, 2183.0, 192.0, 1889.0, 193.0, 1905.0, 2092.0, 191.0, 1347.0) 
Voter 44: ID 619; Choice (1356.0, 2183.0, 192.0, 1889.0, 193.0, 1905.0, 2092.0, 191.0, 1347.0) 
Voter 45: ID 400; Choice (1356.0, 2183.0, 192.0, 1889.0, 193.0, 1905.0, 2092.0, 191.0, 1347.0) 
Voter 46: ID 652; Choice (1356.0, 2183.0, 192.0, 1889.0, 193.0, 1905.0, 2092.0, 191.0, 1347.0) 
Voter 47: ID 104; Choice (1356.0, 2183.0, 192.0, 1889.0, 193.0, 1905.0, 2092.0, 191.0, 1347.0) 
Voter 48: ID 405; Choice (1356.0, 2183.0, 192.0, 1889.0, 193.0, 1905.0, 2092.0, 191.0, 1347.0) 
Voter 49: ID 330; Choice (1356.0, 2183.0, 192.0, 1889.0, 193.0, 1905.0, 2092.0, 191.0, 1347.0) 
Voter 50: ID 295; Choice (1356.0, 2183.0, 192.0, 1889.0, 193.0, 1905.0, 2092.0, 191.0, 1347.0) 
---------------------------------------------------------------------------
After Iteration 6 :
Voter 1: ID 4; Choice (1356.0, 2183.0, 192.0, 1889.0, 193.0, 1905.0, 2092.0, 191.0, 1347.0) 
Voter 2: ID 315; Choice (1356.0, 2183.0, 192.0, 1889.0, 193.0, 1905.0, 2092.0, 191.0, 1347.0) 
Voter 3: ID 205; Choice (1356.0, 2183.0, 192.0, 1889.0, 193.0, 1905.0, 2092.0, 191.0, 1347.0) 
Voter 4: ID 190; Choice (1356.0, 2183.0, 192.0, 1889.0, 193.0, 1905.0, 2092.0, 191.0, 1347.0) 
Voter 5: ID 167; Choice (1356.0, 2183.0, 192.0, 1889.0, 193.0, 1905.0, 2092.0, 191.0, 1347.0) 
Voter 6: ID 289; Choice (1356.0, 2183.0, 192.0, 1889.0, 193.0, 1905.0, 2092.0, 191.0, 1347.0) 
Voter 7: ID 491; Choice (1356.0, 2183.0, 192.0, 1889.0, 193.0, 1905.0, 2092.0, 191.0, 1347.0) 
Voter 8: ID 537; Choice (1356.0, 2183.0, 192.0, 1889.0, 193.0, 1905.0, 2092.0, 191.0, 1347.0) 
Voter 9: ID 626; Choice (1356.0, 2183.0, 192.0, 1889.0, 193.0, 1905.0, 2092.0, 191.0, 1347.0) 
Voter 10: ID 217; Choice (1356.0, 2183.0, 192.0, 1889.0, 193.0, 1905.0, 2092.0, 191.0, 1347.0) 
Voter 11: ID 317; Choice (1356.0, 2183.0, 192.0, 1889.0, 193.0, 1905.0, 2092.0, 191.0, 1347.0) 
Voter 12: ID 284; Choice (1356.0, 2183.0, 192.0, 1889.0, 193.0, 1905.0, 2092.0, 191.0, 1347.0) 
Voter 13: ID 359; Choice (1356.0, 2183.0, 192.0, 1889.0, 193.0, 1905.0, 2092.0, 191.0, 1347.0) 
Voter 14: ID 88; Choice (1356.0, 2183.0, 192.0, 1889.0, 193.0, 1905.0, 2092.0, 191.0, 1347.0) 
Voter 15: ID 451; Choice (1356.0, 2183.0, 192.0, 1889.0, 193.0, 1905.0, 2092.0, 191.0, 1347.0) 
Voter 16: ID 499; Choice (1356.0, 2183.0, 192.0, 1889.0, 193.0, 1905.0, 2092.0, 191.0, 1347.0) 
Voter 17: ID 455; Choice (1356.0, 2183.0, 192.0, 1889.0, 193.0, 1905.0, 2092.0, 191.0, 1347.0) 
Voter 18: ID 548; Choice (1356.0, 2183.0, 192.0, 1889.0, 193.0, 1905.0, 2092.0, 191.0) 
Voter 19: ID 300; Choice (1356.0, 2183.0, 192.0, 1889.0, 193.0, 1905.0, 2092.0, 191.0, 1347.0) 
Voter 20: ID 606; Choice (1356.0, 2183.0, 192.0, 1889.0, 193.0, 1905.0, 2092.0, 191.0, 1347.0) 
Voter 21: ID 703; Choice (1356.0, 2183.0, 192.0, 1889.0, 193.0, 1905.0, 2092.0, 191.0, 1347.0) 
Voter 22: ID 214; Choice (1356.0, 2183.0, 192.0, 1889.0, 193.0, 1905.0, 2092.0, 191.0, 1347.0) 
Voter 23: ID 82; Choice (1356.0, 2183.0, 192.0, 1889.0, 193.0, 1905.0, 2092.0, 191.0, 1347.0) 
Voter 24: ID 398; Choice (1356.0, 2183.0, 192.0, 1889.0, 193.0, 1905.0, 2092.0, 191.0, 1347.0) 
Voter 25: ID 498; Choice (1356.0, 2183.0, 192.0, 1889.0, 193.0, 1905.0, 2092.0, 191.0, 1347.0) 
Voter 26: ID 653; Choice (1356.0, 2183.0, 192.0, 1889.0, 193.0, 1905.0, 2092.0, 191.0, 1347.0) 
Voter 27: ID 10; Choice (1356.0, 2183.0, 192.0, 1889.0, 193.0, 1905.0, 2092.0, 191.0, 1347.0) 
Voter 28: ID 662; Choice (1356.0, 2183.0, 192.0, 1889.0, 193.0, 1905.0, 2092.0, 191.0, 1347.0) 
Voter 29: ID 110; Choice (1356.0, 2183.0, 192.0, 1889.0, 193.0, 1905.0, 2092.0, 191.0) 
Voter 30: ID 477; Choice (1356.0, 2183.0, 192.0, 1889.0, 193.0, 1905.0, 2092.0, 191.0, 1347.0) 
Voter 31: ID 593; Choice (1356.0, 2183.0, 192.0, 1889.0, 193.0, 1905.0, 2092.0, 191.0, 1347.0) 
Voter 32: ID 399; Choice (1356.0, 2183.0, 192.0, 1889.0, 193.0, 1905.0, 2092.0, 191.0, 1347.0) 
Voter 33: ID 658; Choice (1356.0, 2183.0, 192.0, 1889.0, 193.0, 1905.0, 2092.0, 191.0, 1347.0) 
Voter 34: ID 119; Choice (1356.0, 2183.0, 192.0, 1889.0, 193.0, 1905.0, 2092.0, 191.0, 1347.0) 
Voter 35: ID 393; Choice (1356.0, 2183.0, 192.0, 1889.0, 193.0, 1905.0, 2092.0, 191.0, 1347.0) 
Voter 36: ID 209; Choice (1356.0, 2183.0, 192.0, 1889.0, 193.0, 1905.0, 2092.0, 191.0, 1347.0) 
Voter 37: ID 736; Choice (1356.0, 2183.0, 433.0, 192.0, 1889.0, 193.0) 
Voter 38: ID 587; Choice (1356.0, 2183.0, 192.0, 1889.0, 193.0, 1905.0, 2092.0, 191.0, 1347.0) 
Voter 39: ID 316; Choice (1356.0, 2183.0, 192.0, 1889.0, 193.0, 1905.0, 2092.0, 191.0, 1347.0) 
Voter 40: ID 212; Choice (1356.0, 2183.0, 192.0, 1889.0, 193.0, 1905.0, 2092.0, 191.0, 1347.0) 
Voter 41: ID 436; Choice (1356.0, 2183.0, 192.0, 1889.0, 193.0, 1905.0, 2092.0, 191.0, 1347.0) 
Voter 42: ID 622; Choice (1356.0, 2183.0, 192.0, 1889.0, 193.0, 1905.0, 2092.0, 191.0, 1347.0) 
Voter 43: ID 540; Choice (1356.0, 2183.0, 192.0, 1889.0, 193.0, 1905.0, 2092.0, 191.0, 1347.0) 
Voter 44: ID 619; Choice (1356.0, 2183.0, 192.0, 1889.0, 193.0, 1905.0, 2092.0, 191.0, 1347.0) 
Voter 45: ID 400; Choice (1356.0, 2183.0, 192.0, 1889.0, 193.0, 1905.0, 2092.0, 191.0, 1347.0) 
Voter 46: ID 652; Choice (1356.0, 2183.0, 192.0, 1889.0, 193.0, 1905.0, 2092.0, 191.0, 1347.0) 
Voter 47: ID 104; Choice (1356.0, 2183.0, 192.0, 1889.0, 193.0, 1905.0, 2092.0, 191.0, 1347.0) 
Voter 48: ID 405; Choice (1356.0, 2183.0, 192.0, 1889.0, 193.0, 1905.0, 2092.0, 191.0, 1347.0) 
Voter 49: ID 330; Choice (1356.0, 2183.0, 192.0, 1889.0, 193.0, 1905.0, 2092.0, 191.0, 1347.0) 
Voter 50: ID 295; Choice (1356.0, 2183.0, 192.0, 1889.0, 193.0, 1905.0, 2092.0, 191.0, 1347.0) 
---------------------------------------------------------------------------
After Iteration 7 :
Voter 1: ID 4; Choice (1356.0, 2183.0, 192.0, 1889.0, 193.0, 1905.0, 2092.0, 191.0, 1347.0) 
Voter 2: ID 315; Choice (1356.0, 2183.0, 192.0, 1889.0, 193.0, 1905.0, 2092.0, 191.0, 1347.0) 
Voter 3: ID 205; Choice (1356.0, 2183.0, 192.0, 1889.0, 193.0, 1905.0, 2092.0, 191.0, 1347.0) 
Voter 4: ID 190; Choice (1356.0, 2183.0, 192.0, 1889.0, 193.0, 1905.0, 2092.0, 191.0, 1347.0) 
Voter 5: ID 167; Choice (1356.0, 2183.0, 192.0, 1889.0, 193.0, 1905.0, 2092.0, 191.0, 1347.0) 
Voter 6: ID 289; Choice (1356.0, 2183.0, 192.0, 1889.0, 193.0, 1905.0, 2092.0, 191.0, 1347.0) 
Voter 7: ID 491; Choice (1356.0, 2183.0, 192.0, 1889.0, 193.0, 1905.0, 2092.0, 191.0, 1347.0) 
Voter 8: ID 537; Choice (1356.0, 2183.0, 192.0, 1889.0, 193.0, 1905.0, 2092.0, 191.0, 1347.0) 
Voter 9: ID 626; Choice (1356.0, 2183.0, 192.0, 1889.0, 193.0, 1905.0, 2092.0, 191.0, 1347.0) 
Voter 10: ID 217; Choice (1356.0, 2183.0, 192.0, 1889.0, 193.0, 1905.0, 2092.0, 191.0, 1347.0) 
Voter 11: ID 317; Choice (1356.0, 2183.0, 192.0, 1889.0, 193.0, 1905.0, 2092.0, 191.0, 1347.0) 
Voter 12: ID 284; Choice (1356.0, 2183.0, 192.0, 1889.0, 193.0, 1905.0, 2092.0, 191.0, 1347.0) 
Voter 13: ID 359; Choice (1356.0, 2183.0, 192.0, 1889.0, 193.0, 1905.0, 2092.0, 191.0, 1347.0) 
Voter 14: ID 88; Choice (1356.0, 2183.0, 192.0, 1889.0, 193.0, 1905.0, 2092.0, 191.0, 1347.0) 
Voter 15: ID 451; Choice (1356.0, 2183.0, 192.0, 1889.0, 193.0, 1905.0, 2092.0, 191.0, 1347.0) 
Voter 16: ID 499; Choice (1356.0, 2183.0, 192.0, 1889.0, 193.0, 1905.0, 2092.0, 191.0, 1347.0) 
Voter 17: ID 455; Choice (1356.0, 2183.0, 192.0, 1889.0, 193.0, 1905.0, 2092.0, 191.0, 1347.0) 
Voter 18: ID 548; Choice (1356.0, 2183.0, 192.0, 1889.0, 193.0, 1905.0, 2092.0, 191.0, 1347.0) 
Voter 19: ID 300; Choice (1356.0, 2183.0, 192.0, 1889.0, 193.0, 1905.0, 2092.0, 191.0, 1347.0) 
Voter 20: ID 606; Choice (1356.0, 2183.0, 192.0, 1889.0, 193.0, 1905.0, 2092.0, 191.0, 1347.0) 
Voter 21: ID 703; Choice (1356.0, 2183.0, 192.0, 1889.0, 193.0, 1905.0, 2092.0, 191.0, 1347.0) 
Voter 22: ID 214; Choice (1356.0, 2183.0, 192.0, 1889.0, 193.0, 1905.0, 2092.0, 191.0, 1347.0) 
Voter 23: ID 82; Choice (1356.0, 2183.0, 192.0, 1889.0, 193.0, 1905.0, 2092.0, 191.0, 1347.0) 
Voter 24: ID 398; Choice (1356.0, 2183.0, 192.0, 1889.0, 193.0, 1905.0, 2092.0, 191.0, 1347.0) 
Voter 25: ID 498; Choice (1356.0, 2183.0, 192.0, 1889.0, 193.0, 1905.0, 2092.0, 191.0, 1347.0) 
Voter 26: ID 653; Choice (1356.0, 2183.0, 192.0, 1889.0, 193.0, 1905.0, 2092.0, 191.0, 1347.0) 
Voter 27: ID 10; Choice (1356.0, 2183.0, 192.0, 1889.0, 193.0, 1905.0, 2092.0, 191.0, 1347.0) 
Voter 28: ID 662; Choice (1356.0, 2183.0, 192.0, 1889.0, 193.0, 1905.0, 2092.0, 191.0, 1347.0) 
Voter 29: ID 110; Choice (1356.0, 2183.0, 192.0, 1889.0, 193.0, 1905.0, 2092.0, 191.0, 1347.0) 
Voter 30: ID 477; Choice (1356.0, 2183.0, 192.0, 1889.0, 193.0, 1905.0, 2092.0, 191.0, 1347.0) 
Voter 31: ID 593; Choice (1356.0, 2183.0, 433.0, 192.0, 193.0, 1347.0, 2092.0, 191.0) 
Voter 32: ID 399; Choice (1356.0, 2183.0, 192.0, 1889.0, 193.0, 1905.0, 2092.0, 191.0, 1347.0) 
Voter 33: ID 658; Choice (1356.0, 2183.0, 192.0, 1889.0, 193.0, 1905.0, 2092.0, 191.0, 1347.0) 
Voter 34: ID 119; Choice (1356.0, 2183.0, 192.0, 1889.0, 193.0, 1905.0, 2092.0, 191.0, 1347.0) 
Voter 35: ID 393; Choice (1356.0, 2183.0, 192.0, 1889.0, 193.0, 1905.0, 2092.0, 191.0, 1347.0) 
Voter 36: ID 209; Choice (1356.0, 2183.0, 192.0, 1889.0, 193.0, 1905.0, 2092.0, 191.0, 1347.0) 
Voter 37: ID 736; Choice (1356.0, 2183.0, 433.0, 192.0, 1889.0, 193.0) 
Voter 38: ID 587; Choice (1356.0, 2183.0, 192.0, 1889.0, 193.0, 1905.0, 2092.0, 191.0, 1347.0) 
Voter 39: ID 316; Choice (1356.0, 2183.0, 192.0, 1889.0, 193.0, 1905.0, 2092.0, 191.0, 1347.0) 
Voter 40: ID 212; Choice (1356.0, 2183.0, 192.0, 1889.0, 193.0, 1905.0, 2092.0, 191.0, 1347.0) 
Voter 41: ID 436; Choice (1356.0, 2183.0, 192.0, 1889.0, 193.0, 1905.0, 2092.0, 191.0, 1347.0) 
Voter 42: ID 622; Choice (1356.0, 2183.0, 192.0, 1889.0, 193.0, 1905.0, 2092.0, 191.0, 1347.0) 
Voter 43: ID 540; Choice (1356.0, 2183.0, 192.0, 1889.0, 193.0, 1905.0, 2092.0, 191.0, 1347.0) 
Voter 44: ID 619; Choice (1356.0, 2183.0, 192.0, 1889.0, 193.0, 1905.0, 2092.0, 191.0, 1347.0) 
Voter 45: ID 400; Choice (1356.0, 2183.0, 192.0, 1889.0, 193.0, 1905.0, 2092.0, 191.0, 1347.0) 
Voter 46: ID 652; Choice (1356.0, 2183.0, 192.0, 1889.0, 193.0, 1905.0, 2092.0, 191.0, 1347.0) 
Voter 47: ID 104; Choice (1356.0, 2183.0, 192.0, 1889.0, 193.0, 1905.0, 2092.0, 191.0, 1347.0) 
Voter 48: ID 405; Choice (1356.0, 2183.0, 192.0, 1889.0, 193.0, 1905.0, 2092.0, 191.0, 1347.0) 
Voter 49: ID 330; Choice (1356.0, 2183.0, 192.0, 1889.0, 193.0, 1905.0, 2092.0, 191.0, 1347.0) 
Voter 50: ID 295; Choice (1356.0, 2183.0, 192.0, 1889.0, 193.0, 1905.0, 2092.0, 191.0, 1347.0) 
---------------------------------------------------------------------------
After Iteration 8 :
Voter 1: ID 4; Choice (1356.0, 2183.0, 192.0, 1889.0, 193.0, 1905.0, 2092.0, 191.0, 1347.0) 
Voter 2: ID 315; Choice (1356.0, 2183.0, 192.0, 1889.0, 193.0, 1905.0, 2092.0, 191.0, 1347.0) 
Voter 3: ID 205; Choice (1356.0, 2183.0, 192.0, 1889.0, 193.0, 1905.0, 2092.0, 191.0, 1347.0) 
Voter 4: ID 190; Choice (1356.0, 2183.0, 192.0, 1889.0, 193.0, 1905.0, 2092.0, 191.0, 1347.0) 
Voter 5: ID 167; Choice (1356.0, 2183.0, 192.0, 1889.0, 193.0, 1905.0, 2092.0, 191.0, 1347.0) 
Voter 6: ID 289; Choice (1356.0, 2183.0, 192.0, 1889.0, 193.0, 1905.0, 2092.0, 191.0, 1347.0) 
Voter 7: ID 491; Choice (1356.0, 2183.0, 192.0, 1889.0, 193.0, 1905.0, 2092.0, 191.0, 1347.0) 
Voter 8: ID 537; Choice (1356.0, 2183.0, 192.0, 1889.0, 193.0, 1905.0, 2092.0, 191.0, 1347.0) 
Voter 9: ID 626; Choice (1356.0, 2183.0, 192.0, 1889.0, 193.0, 1905.0, 2092.0, 191.0, 1347.0) 
Voter 10: ID 217; Choice (1356.0, 2183.0, 192.0, 1889.0, 193.0, 1905.0, 2092.0, 191.0, 1347.0) 
Voter 11: ID 317; Choice (1356.0, 2183.0, 192.0, 1889.0, 193.0, 1905.0, 2092.0, 191.0, 1347.0) 
Voter 12: ID 284; Choice (1356.0, 2183.0, 192.0, 1889.0, 193.0, 1905.0, 2092.0, 191.0, 1347.0) 
Voter 13: ID 359; Choice (1356.0, 2183.0, 192.0, 1889.0, 193.0, 1905.0, 2092.0, 191.0, 1347.0) 
Voter 14: ID 88; Choice (1356.0, 2183.0, 192.0, 1889.0, 193.0, 1905.0, 2092.0, 191.0, 1347.0) 
Voter 15: ID 451; Choice (1356.0, 2183.0, 192.0, 1889.0, 193.0, 1905.0, 2092.0, 191.0, 1347.0) 
Voter 16: ID 499; Choice (1356.0, 2183.0, 192.0, 1889.0, 193.0, 1905.0, 2092.0, 191.0, 1347.0) 
Voter 17: ID 455; Choice (1356.0, 2183.0, 192.0, 1889.0, 193.0, 1905.0, 2092.0, 191.0, 1347.0) 
Voter 18: ID 548; Choice (1356.0, 2183.0, 192.0, 1889.0, 193.0, 1905.0, 2092.0, 191.0, 1347.0) 
Voter 19: ID 300; Choice (1356.0, 2183.0, 192.0, 1889.0, 193.0, 1905.0, 2092.0, 191.0, 1347.0) 
Voter 20: ID 606; Choice (1356.0, 2183.0, 192.0, 1889.0, 193.0, 1905.0, 2092.0, 191.0, 1347.0) 
Voter 21: ID 703; Choice (1356.0, 2183.0, 192.0, 1889.0, 193.0, 1905.0, 2092.0, 191.0, 1347.0) 
Voter 22: ID 214; Choice (1356.0, 2183.0, 192.0, 1889.0, 193.0, 1905.0, 2092.0, 191.0, 1347.0) 
Voter 23: ID 82; Choice (1356.0, 2183.0, 192.0, 1889.0, 193.0, 1905.0, 2092.0, 191.0, 1347.0) 
Voter 24: ID 398; Choice (1356.0, 2183.0, 192.0, 1889.0, 193.0, 1905.0, 2092.0, 191.0, 1347.0) 
Voter 25: ID 498; Choice (1356.0, 2183.0, 192.0, 1889.0, 193.0, 1905.0, 2092.0, 191.0, 1347.0) 
Voter 26: ID 653; Choice (1356.0, 2183.0, 192.0, 1889.0, 193.0, 1905.0, 2092.0, 191.0, 1347.0) 
Voter 27: ID 10; Choice (1356.0, 2183.0, 192.0, 1889.0, 193.0, 1905.0, 2092.0, 191.0, 1347.0) 
Voter 28: ID 662; Choice (1356.0, 2183.0, 192.0, 1889.0, 193.0, 1905.0, 2092.0, 191.0, 1347.0) 
Voter 29: ID 110; Choice (1356.0, 2183.0, 192.0, 1889.0, 193.0, 1905.0, 2092.0, 191.0, 1347.0) 
Voter 30: ID 477; Choice (1356.0, 2183.0, 192.0, 1889.0, 193.0, 1905.0, 2092.0, 191.0, 1347.0) 
Voter 31: ID 593; Choice (1356.0, 2183.0, 192.0, 1889.0, 193.0, 1905.0, 2092.0, 191.0, 1347.0) 
Voter 32: ID 399; Choice (1356.0, 2183.0, 192.0, 1889.0, 193.0, 1905.0, 2092.0, 191.0, 1347.0) 
Voter 33: ID 658; Choice (1356.0, 2183.0, 192.0, 1889.0, 193.0, 1905.0, 2092.0, 191.0, 1347.0) 
Voter 34: ID 119; Choice (1356.0, 2183.0, 192.0, 1889.0, 193.0, 1905.0, 2092.0, 191.0, 1347.0) 
Voter 35: ID 393; Choice (1356.0, 2183.0, 192.0, 1889.0, 193.0, 1905.0, 2092.0, 191.0, 1347.0) 
Voter 36: ID 209; Choice (1356.0, 2183.0, 192.0, 1889.0, 193.0, 1905.0, 2092.0, 191.0, 1347.0) 
Voter 37: ID 736; Choice (1356.0, 2183.0, 192.0, 1889.0, 193.0, 1905.0, 2092.0, 191.0, 1347.0) 
Voter 38: ID 587; Choice (1356.0, 2183.0, 192.0, 1889.0, 193.0, 1905.0, 2092.0, 191.0, 1347.0) 
Voter 39: ID 316; Choice (1356.0, 2183.0, 192.0, 1889.0, 193.0, 1905.0, 2092.0, 191.0, 1347.0) 
Voter 40: ID 212; Choice (1356.0, 2183.0, 192.0, 1889.0, 193.0, 1905.0, 2092.0, 191.0, 1347.0) 
Voter 41: ID 436; Choice (1356.0, 2183.0, 192.0, 1889.0, 193.0, 1905.0, 2092.0, 191.0, 1347.0) 
Voter 42: ID 622; Choice (1356.0, 2183.0, 192.0, 1889.0, 193.0, 1905.0, 2092.0, 191.0, 1347.0) 
Voter 43: ID 540; Choice (1356.0, 2183.0, 192.0, 1889.0, 193.0, 1905.0, 2092.0, 191.0, 1347.0) 
Voter 44: ID 619; Choice (1356.0, 2183.0, 192.0, 1889.0, 193.0, 1905.0, 2092.0, 191.0, 1347.0) 
Voter 45: ID 400; Choice (1356.0, 2183.0, 192.0, 1889.0, 193.0, 1905.0, 2092.0, 191.0, 1347.0) 
Voter 46: ID 652; Choice (1356.0, 2183.0, 192.0, 1889.0, 193.0, 1905.0, 2092.0, 191.0, 1347.0) 
Voter 47: ID 104; Choice (1356.0, 2183.0, 192.0, 1889.0, 193.0, 1905.0, 2092.0, 191.0, 1347.0) 
Voter 48: ID 405; Choice (1356.0, 2183.0, 192.0, 1889.0, 193.0, 1905.0, 2092.0, 191.0, 1347.0) 
Voter 49: ID 330; Choice (1356.0, 2183.0, 192.0, 1889.0, 193.0, 1905.0, 2092.0, 191.0, 1347.0) 
Voter 50: ID 295; Choice (1356.0, 2183.0, 192.0, 1889.0, 193.0, 1905.0, 2092.0, 191.0, 1347.0) 
---------------------------------------------------------------------------
Concensus reached after 8 iterations.
Max degree: 24 Number of valid combinations: 45 Using random find.
There are 1 opinions after all iterations.
(1356.0, 2183.0, 192.0, 1889.0, 193.0, 1905.0, 2092.0, 191.0, 1347.0) count: 50
