    project id    reward
0       1211.0 -0.444988
1       2141.0 -0.057202
2       1356.0  0.331482
3       2183.0  0.343395
4        433.0 -0.263659
5        192.0  0.232709
6       1889.0  0.302624
7        193.0  0.251523
8       1347.0  0.192139
9       1905.0  0.121838
10      2092.0  0.245409
11      2121.0 -0.136063
12       191.0  0.215283
Valid Combinations are:
(1356.0, 2183.0, 192.0, 1889.0, 193.0, 1905.0, 2092.0, 191.0, 1347.0)
(1356.0, 2183.0, 192.0, 1889.0, 193.0, 1905.0, 2092.0, 191.0)
(1211.0, 2141.0, 1356.0, 2183.0, 192.0, 193.0)
(2141.0, 2183.0, 433.0, 192.0, 1889.0, 193.0, 1347.0, 2092.0, 2121.0)
(1356.0, 2183.0, 192.0, 193.0, 1347.0, 1905.0, 2092.0, 2121.0, 191.0)
(1211.0, 1356.0, 2183.0, 192.0, 193.0, 1347.0, 2092.0, 191.0)
(2141.0, 1356.0, 2183.0, 192.0, 1889.0, 193.0, 2121.0, 191.0)
(2141.0, 2183.0, 433.0, 193.0, 1347.0, 1905.0, 2092.0, 2121.0)
(1356.0, 2183.0, 433.0, 1889.0, 193.0, 2092.0, 2121.0, 191.0)
(1356.0, 433.0, 192.0, 1889.0, 193.0, 1347.0, 1905.0, 2092.0)
(1211.0, 1356.0, 2183.0, 193.0, 1905.0, 2092.0, 191.0)
(1211.0, 192.0, 1889.0, 1347.0, 1905.0, 2092.0, 191.0)
(2141.0, 1356.0, 2183.0, 433.0, 192.0, 2092.0, 2121.0)
(2141.0, 1356.0, 2183.0, 192.0, 193.0, 1347.0, 2092.0)
(2141.0, 1356.0, 2183.0, 193.0, 2092.0, 2121.0, 191.0)
(2141.0, 1356.0, 433.0, 192.0, 1889.0, 193.0, 2121.0)
(2141.0, 1356.0, 433.0, 192.0, 1905.0, 2121.0, 191.0)
(2141.0, 2183.0, 433.0, 192.0, 1889.0, 2092.0, 191.0)
(2141.0, 2183.0, 192.0, 1347.0, 1905.0, 2092.0, 2121.0)
(2141.0, 433.0, 192.0, 1889.0, 193.0, 2121.0, 191.0)
(433.0, 192.0, 1889.0, 193.0, 1347.0, 2121.0, 191.0)
(433.0, 192.0, 193.0, 1347.0, 2092.0, 2121.0, 191.0)
(1211.0, 1356.0, 192.0, 1889.0, 1347.0, 191.0)
(2141.0, 1356.0, 433.0, 193.0, 2092.0, 191.0)
(1356.0, 2183.0, 433.0, 192.0, 1889.0, 1347.0)
Initial Choices:
---------------------------------------------------------------------------
Voter 1: ID 54; Choice (1356.0, 2183.0, 192.0, 1889.0, 193.0, 1905.0, 2092.0, 191.0) 
Voter 2: ID 306; Choice (1356.0, 433.0, 192.0, 1889.0, 193.0, 1347.0, 1905.0, 2092.0) 
Voter 3: ID 379; Choice (1211.0, 1356.0, 2183.0, 192.0, 193.0, 1347.0, 2092.0, 191.0) 
Voter 4: ID 408; Choice (1356.0, 2183.0, 192.0, 193.0, 1347.0, 1905.0, 2092.0, 2121.0, 191.0) 
Voter 5: ID 156; Choice (2141.0, 1356.0, 2183.0, 193.0, 2092.0, 2121.0, 191.0) 
Voter 6: ID 319; Choice (1211.0, 1356.0, 2183.0, 193.0, 1905.0, 2092.0, 191.0) 
Voter 7: ID 567; Choice (1356.0, 433.0, 192.0, 1889.0, 193.0, 1347.0, 1905.0, 2092.0) 
Voter 8: ID 39; Choice (1356.0, 2183.0, 192.0, 193.0, 1347.0, 1905.0, 2092.0, 2121.0, 191.0) 
Voter 9: ID 689; Choice (433.0, 192.0, 1889.0, 193.0, 1347.0, 2121.0, 191.0) 
Voter 10: ID 636; Choice (2141.0, 1356.0, 2183.0, 192.0, 1889.0, 193.0, 2121.0, 191.0) 
Voter 11: ID 634; Choice (2141.0, 2183.0, 433.0, 192.0, 1889.0, 2092.0, 191.0) 
Voter 12: ID 698; Choice (2141.0, 2183.0, 433.0, 193.0, 1347.0, 1905.0, 2092.0, 2121.0) 
Voter 13: ID 233; Choice (2141.0, 1356.0, 2183.0, 192.0, 1889.0, 193.0, 2121.0, 191.0) 
Voter 14: ID 27; Choice (433.0, 192.0, 1889.0, 193.0, 1347.0, 2121.0, 191.0) 
Voter 15: ID 344; Choice (2141.0, 1356.0, 433.0, 193.0, 2092.0, 191.0) 
Voter 16: ID 43; Choice (433.0, 192.0, 1889.0, 193.0, 1347.0, 2121.0, 191.0) 
Voter 17: ID 137; Choice (1356.0, 2183.0, 192.0, 193.0, 1347.0, 1905.0, 2092.0, 2121.0, 191.0) 
Voter 18: ID 479; Choice (1211.0, 192.0, 1889.0, 1347.0, 1905.0, 2092.0, 191.0) 
Voter 19: ID 498; Choice (2141.0, 1356.0, 433.0, 192.0, 1889.0, 193.0, 2121.0) 
Voter 20: ID 277; Choice (2141.0, 1356.0, 433.0, 192.0, 1905.0, 2121.0, 191.0) 
Voter 21: ID 645; Choice (1356.0, 2183.0, 192.0, 193.0, 1347.0, 1905.0, 2092.0, 2121.0, 191.0) 
Voter 22: ID 442; Choice (2141.0, 2183.0, 433.0, 193.0, 1347.0, 1905.0, 2092.0, 2121.0) 
Voter 23: ID 296; Choice (1356.0, 433.0, 192.0, 1889.0, 193.0, 1347.0, 1905.0, 2092.0) 
Voter 24: ID 286; Choice (2141.0, 2183.0, 192.0, 1347.0, 1905.0, 2092.0, 2121.0) 
Voter 25: ID 167; Choice (433.0, 192.0, 1889.0, 193.0, 1347.0, 2121.0, 191.0) 
Voter 26: ID 637; Choice (1356.0, 2183.0, 433.0, 1889.0, 193.0, 2092.0, 2121.0, 191.0) 
Voter 27: ID 267; Choice (1356.0, 2183.0, 433.0, 192.0, 1889.0, 1347.0) 
Voter 28: ID 311; Choice (2141.0, 2183.0, 433.0, 193.0, 1347.0, 1905.0, 2092.0, 2121.0) 
Voter 29: ID 143; Choice (433.0, 192.0, 1889.0, 193.0, 1347.0, 2121.0, 191.0) 
Voter 30: ID 472; Choice (1356.0, 2183.0, 192.0, 1889.0, 193.0, 1905.0, 2092.0, 191.0) 
Voter 31: ID 69; Choice (2141.0, 2183.0, 433.0, 192.0, 1889.0, 193.0, 1347.0, 2092.0, 2121.0) 
Voter 32: ID 630; Choice (1356.0, 2183.0, 192.0, 193.0, 1347.0, 1905.0, 2092.0, 2121.0, 191.0) 
Voter 33: ID 206; Choice (2141.0, 433.0, 192.0, 1889.0, 193.0, 2121.0, 191.0) 
Voter 34: ID 425; Choice (1211.0, 1356.0, 2183.0, 192.0, 193.0, 1347.0, 2092.0, 191.0) 
Voter 35: ID 382; Choice (1356.0, 2183.0, 433.0, 1889.0, 193.0, 2092.0, 2121.0, 191.0) 
Voter 36: ID 219; Choice (2141.0, 1356.0, 2183.0, 192.0, 1889.0, 193.0, 2121.0, 191.0) 
Voter 37: ID 720; Choice (2141.0, 2183.0, 433.0, 193.0, 1347.0, 1905.0, 2092.0, 2121.0) 
Voter 38: ID 676; Choice (433.0, 192.0, 193.0, 1347.0, 2092.0, 2121.0, 191.0) 
Voter 39: ID 411; Choice (2141.0, 1356.0, 433.0, 192.0, 1905.0, 2121.0, 191.0) 
Voter 40: ID 659; Choice (2141.0, 1356.0, 433.0, 192.0, 1905.0, 2121.0, 191.0) 
Voter 41: ID 723; Choice (1211.0, 1356.0, 2183.0, 192.0, 193.0, 1347.0, 2092.0, 191.0) 
Voter 42: ID 390; Choice (2141.0, 1356.0, 2183.0, 193.0, 2092.0, 2121.0, 191.0) 
Voter 43: ID 38; Choice (2141.0, 1356.0, 433.0, 192.0, 1905.0, 2121.0, 191.0) 
Voter 44: ID 368; Choice (1356.0, 2183.0, 192.0, 1889.0, 193.0, 1905.0, 2092.0, 191.0) 
Voter 45: ID 682; Choice (1356.0, 2183.0, 192.0, 1889.0, 193.0, 1905.0, 2092.0, 191.0, 1347.0) 
Voter 46: ID 141; Choice (2141.0, 1356.0, 2183.0, 433.0, 192.0, 2092.0, 2121.0) 
Voter 47: ID 492; Choice (1211.0, 192.0, 1889.0, 1347.0, 1905.0, 2092.0, 191.0) 
Voter 48: ID 272; Choice (2141.0, 1356.0, 2183.0, 192.0, 193.0, 1347.0, 2092.0) 
Voter 49: ID 45; Choice (1211.0, 192.0, 1889.0, 1347.0, 1905.0, 2092.0, 191.0) 
Voter 50: ID 665; Choice (2141.0, 1356.0, 2183.0, 192.0, 193.0, 1347.0, 2092.0) 
---------------------------------------------------------------------------
After Iteration 1 :
Voter 1: ID 54; Choice (1356.0, 2183.0, 192.0, 193.0, 1347.0, 1905.0, 2092.0, 2121.0, 191.0) 
Voter 2: ID 306; Choice (1356.0, 2183.0, 192.0, 1889.0, 193.0, 1905.0, 2092.0, 191.0, 1347.0) 
Voter 3: ID 379; Choice (1211.0, 1356.0, 2183.0, 192.0, 193.0, 1347.0, 2092.0, 191.0) 
Voter 4: ID 408; Choice (2141.0, 433.0, 192.0, 1889.0, 193.0, 2121.0, 191.0) 
Voter 5: ID 156; Choice (1211.0, 2141.0, 1356.0, 2183.0, 192.0, 193.0) 
Voter 6: ID 319; Choice (1211.0, 2141.0, 1356.0, 2183.0, 192.0, 193.0) 
Voter 7: ID 567; Choice (2141.0, 2183.0, 192.0, 1347.0, 1905.0, 2092.0, 2121.0) 
Voter 8: ID 39; Choice (433.0, 192.0, 193.0, 1347.0, 2092.0, 2121.0, 191.0) 
Voter 9: ID 689; Choice (2141.0, 2183.0, 192.0, 1347.0, 1905.0, 2092.0, 2121.0) 
Voter 10: ID 636; Choice (2141.0, 2183.0, 433.0, 193.0, 1347.0, 1905.0, 2092.0, 2121.0) 
Voter 11: ID 634; Choice (2141.0, 2183.0, 433.0, 192.0, 1889.0, 193.0, 1347.0, 2092.0, 2121.0) 
Voter 12: ID 698; Choice (2141.0, 2183.0, 192.0, 1347.0, 1905.0, 2092.0, 2121.0) 
Voter 13: ID 233; Choice (1211.0, 192.0, 1889.0, 1347.0, 1905.0, 2092.0, 191.0) 
Voter 14: ID 27; Choice (1356.0, 2183.0, 192.0, 1889.0, 193.0, 1905.0, 2092.0, 191.0) 
Voter 15: ID 344; Choice (2141.0, 1356.0, 433.0, 193.0, 2092.0, 191.0) 
Voter 16: ID 43; Choice (433.0, 192.0, 1889.0, 193.0, 1347.0, 2121.0, 191.0) 
Voter 17: ID 137; Choice (1211.0, 1356.0, 2183.0, 192.0, 193.0, 1347.0, 2092.0, 191.0) 
Voter 18: ID 479; Choice (1356.0, 433.0, 192.0, 1889.0, 193.0, 1347.0, 1905.0, 2092.0) 
Voter 19: ID 498; Choice (1356.0, 433.0, 192.0, 1889.0, 193.0, 1347.0, 1905.0, 2092.0) 
Voter 20: ID 277; Choice (2141.0, 2183.0, 433.0, 192.0, 1889.0, 2092.0, 191.0) 
Voter 21: ID 645; Choice (1356.0, 2183.0, 192.0, 1889.0, 193.0, 1905.0, 2092.0, 191.0, 1347.0) 
Voter 22: ID 442; Choice (1356.0, 2183.0, 433.0, 1889.0, 193.0, 2092.0, 2121.0, 191.0) 
Voter 23: ID 296; Choice (2141.0, 2183.0, 192.0, 1347.0, 1905.0, 2092.0, 2121.0) 
Voter 24: ID 286; Choice (2141.0, 2183.0, 433.0, 192.0, 1889.0, 2092.0, 191.0) 
Voter 25: ID 167; Choice (2141.0, 1356.0, 433.0, 192.0, 1889.0, 193.0, 2121.0) 
Voter 26: ID 637; Choice (2141.0, 2183.0, 433.0, 193.0, 1347.0, 1905.0, 2092.0, 2121.0) 
Voter 27: ID 267; Choice (2141.0, 2183.0, 433.0, 192.0, 1889.0, 193.0, 1347.0, 2092.0, 2121.0) 
Voter 28: ID 311; Choice (433.0, 192.0, 1889.0, 193.0, 1347.0, 2121.0, 191.0) 
Voter 29: ID 143; Choice (2141.0, 1356.0, 433.0, 193.0, 2092.0, 191.0) 
Voter 30: ID 472; Choice (1356.0, 2183.0, 192.0, 193.0, 1347.0, 1905.0, 2092.0, 2121.0, 191.0) 
Voter 31: ID 69; Choice (2141.0, 1356.0, 433.0, 192.0, 1889.0, 193.0, 2121.0) 
Voter 32: ID 630; Choice (2141.0, 2183.0, 192.0, 1347.0, 1905.0, 2092.0, 2121.0) 
Voter 33: ID 206; Choice (1211.0, 1356.0, 2183.0, 192.0, 193.0, 1347.0, 2092.0, 191.0) 
Voter 34: ID 425; Choice (1356.0, 2183.0, 433.0, 1889.0, 193.0, 2092.0, 2121.0, 191.0) 
Voter 35: ID 382; Choice (2141.0, 1356.0, 2183.0, 193.0, 2092.0, 2121.0, 191.0) 
Voter 36: ID 219; Choice (2141.0, 2183.0, 433.0, 192.0, 1889.0, 2092.0, 191.0) 
Voter 37: ID 720; Choice (2141.0, 2183.0, 433.0, 192.0, 1889.0, 193.0, 1347.0, 2092.0, 2121.0) 
Voter 38: ID 676; Choice (1211.0, 1356.0, 2183.0, 192.0, 193.0, 1347.0, 2092.0, 191.0) 
Voter 39: ID 411; Choice (1356.0, 433.0, 192.0, 1889.0, 193.0, 1347.0, 1905.0, 2092.0) 
Voter 40: ID 659; Choice (2141.0, 1356.0, 433.0, 192.0, 1905.0, 2121.0, 191.0) 
Voter 41: ID 723; Choice (1356.0, 2183.0, 192.0, 193.0, 1347.0, 1905.0, 2092.0, 2121.0, 191.0) 
Voter 42: ID 390; Choice (2141.0, 1356.0, 433.0, 192.0, 1889.0, 193.0, 2121.0) 
Voter 43: ID 38; Choice (433.0, 192.0, 1889.0, 193.0, 1347.0, 2121.0, 191.0) 
Voter 44: ID 368; Choice (2141.0, 2183.0, 192.0, 1347.0, 1905.0, 2092.0, 2121.0) 
Voter 45: ID 682; Choice (1211.0, 192.0, 1889.0, 1347.0, 1905.0, 2092.0, 191.0) 
Voter 46: ID 141; Choice (1356.0, 2183.0, 192.0, 193.0, 1347.0, 1905.0, 2092.0, 2121.0, 191.0) 
Voter 47: ID 492; Choice (433.0, 192.0, 193.0, 1347.0, 2092.0, 2121.0, 191.0) 
Voter 48: ID 272; Choice (1211.0, 192.0, 1889.0, 1347.0, 1905.0, 2092.0, 191.0) 
Voter 49: ID 45; Choice (1211.0, 192.0, 1889.0, 1347.0, 1905.0, 2092.0, 191.0) 
Voter 50: ID 665; Choice (1356.0, 2183.0, 433.0, 1889.0, 193.0, 2092.0, 2121.0, 191.0) 
---------------------------------------------------------------------------
---------------------------------------------------------------------------
{(1356.0, 2183.0, 192.0, 1889.0, 193.0, 1905.0, 2092.0, 191.0, 1347.0): 0, (1356.0, 2183.0, 192.0, 1889.0, 193.0, 1905.0, 2092.0, 191.0): 0, (1211.0, 2141.0, 1356.0, 2183.0, 192.0, 193.0): 0, (2141.0, 2183.0, 433.0, 192.0, 1889.0, 193.0, 1347.0, 2092.0, 2121.0): 0, (1356.0, 2183.0, 192.0, 193.0, 1347.0, 1905.0, 2092.0, 2121.0, 191.0): 0.17977166140801426, (1211.0, 1356.0, 2183.0, 192.0, 193.0, 1347.0, 2092.0, 191.0): 0.1366952793911246, (2141.0, 1356.0, 2183.0, 192.0, 1889.0, 193.0, 2121.0, 191.0): 0.14837509391474024, (2141.0, 2183.0, 433.0, 193.0, 1347.0, 1905.0, 2092.0, 2121.0): 0.06973816818482355, (1356.0, 2183.0, 433.0, 1889.0, 193.0, 2092.0, 2121.0, 191.0): 0, (1356.0, 433.0, 192.0, 1889.0, 193.0, 1347.0, 1905.0, 2092.0): 0.14140666129660837, (1211.0, 1356.0, 2183.0, 193.0, 1905.0, 2092.0, 191.0): 0, (1211.0, 192.0, 1889.0, 1347.0, 1905.0, 2092.0, 191.0): 0, (2141.0, 1356.0, 2183.0, 433.0, 192.0, 2092.0, 2121.0): 0.06960720722055139, (2141.0, 1356.0, 2183.0, 192.0, 193.0, 1347.0, 2092.0): 0.1539455802554944, (2141.0, 1356.0, 2183.0, 193.0, 2092.0, 2121.0, 191.0): 0, (2141.0, 1356.0, 433.0, 192.0, 1889.0, 193.0, 2121.0): 0, (2141.0, 1356.0, 433.0, 192.0, 1905.0, 2121.0, 191.0): 0.04443889857860095, (2141.0, 2183.0, 433.0, 192.0, 1889.0, 2092.0, 191.0): 0.10185587708224147, (2141.0, 2183.0, 192.0, 1347.0, 1905.0, 2092.0, 2121.0): 0.09422261876107006, (2141.0, 433.0, 192.0, 1889.0, 193.0, 2121.0, 191.0): 0.05452149140226253, (433.0, 192.0, 1889.0, 193.0, 1347.0, 2121.0, 191.0): 0.07945566819826214, (433.0, 192.0, 193.0, 1347.0, 2092.0, 2121.0, 191.0): 0.0737342090722539, (1211.0, 1356.0, 192.0, 1889.0, 1347.0, 191.0): 0, (2141.0, 1356.0, 433.0, 193.0, 2092.0, 191.0): 0.07228362756629927, (1356.0, 2183.0, 433.0, 192.0, 1889.0, 1347.0): 0.11386911300424929}
After Iteration 2 :
Voter 1: ID 54; Choice (2141.0, 1356.0, 433.0, 192.0, 1905.0, 2121.0, 191.0) 
Voter 2: ID 306; Choice (1356.0, 433.0, 192.0, 1889.0, 193.0, 1347.0, 1905.0, 2092.0) 
Voter 3: ID 379; Choice (433.0, 192.0, 1889.0, 193.0, 1347.0, 2121.0, 191.0) 
Voter 4: ID 408; Choice (433.0, 192.0, 1889.0, 193.0, 1347.0, 2121.0, 191.0) 
Voter 5: ID 156; Choice (1211.0, 2141.0, 1356.0, 2183.0, 192.0, 193.0) 
Voter 6: ID 319; Choice (2141.0, 1356.0, 2183.0, 193.0, 2092.0, 2121.0, 191.0) 
Voter 7: ID 567; Choice (1211.0, 1356.0, 192.0, 1889.0, 1347.0, 191.0) 
Voter 8: ID 39; Choice (1211.0, 1356.0, 2183.0, 192.0, 193.0, 1347.0, 2092.0, 191.0) 
Voter 9: ID 689; Choice (2141.0, 1356.0, 433.0, 192.0, 1905.0, 2121.0, 191.0) 
Voter 10: ID 636; Choice (1356.0, 2183.0, 192.0, 1889.0, 193.0, 1905.0, 2092.0, 191.0, 1347.0) 
Voter 11: ID 634; Choice (2141.0, 433.0, 192.0, 1889.0, 193.0, 2121.0, 191.0) 
Voter 12: ID 698; Choice (1356.0, 2183.0, 433.0, 192.0, 1889.0, 1347.0) 
Voter 13: ID 233; Choice (2141.0, 2183.0, 433.0, 192.0, 1889.0, 2092.0, 191.0) 
Voter 14: ID 27; Choice (2141.0, 1356.0, 2183.0, 193.0, 2092.0, 2121.0, 191.0) 
Voter 15: ID 344; Choice (2141.0, 1356.0, 2183.0, 192.0, 193.0, 1347.0, 2092.0) 
Voter 16: ID 43; Choice (2141.0, 2183.0, 433.0, 193.0, 1347.0, 1905.0, 2092.0, 2121.0) 
Voter 17: ID 137; Choice (2141.0, 1356.0, 2183.0, 433.0, 192.0, 2092.0, 2121.0) 
Voter 18: ID 479; Choice (2141.0, 1356.0, 2183.0, 433.0, 192.0, 2092.0, 2121.0) 
Voter 19: ID 498; Choice (433.0, 192.0, 193.0, 1347.0, 2092.0, 2121.0, 191.0) 
Voter 20: ID 277; Choice (1356.0, 2183.0, 433.0, 192.0, 1889.0, 1347.0) 
Voter 21: ID 645; Choice (433.0, 192.0, 193.0, 1347.0, 2092.0, 2121.0, 191.0) 
Voter 22: ID 442; Choice (1356.0, 2183.0, 192.0, 193.0, 1347.0, 1905.0, 2092.0, 2121.0, 191.0) 
Voter 23: ID 296; Choice (2141.0, 2183.0, 192.0, 1347.0, 1905.0, 2092.0, 2121.0) 
Voter 24: ID 286; Choice (433.0, 192.0, 193.0, 1347.0, 2092.0, 2121.0, 191.0) 
Voter 25: ID 167; Choice (1211.0, 1356.0, 2183.0, 193.0, 1905.0, 2092.0, 191.0) 
Voter 26: ID 637; Choice (2141.0, 1356.0, 2183.0, 193.0, 2092.0, 2121.0, 191.0) 
Voter 27: ID 267; Choice (1211.0, 1356.0, 2183.0, 193.0, 1905.0, 2092.0, 191.0) 
Voter 28: ID 311; Choice (2141.0, 433.0, 192.0, 1889.0, 193.0, 2121.0, 191.0) 
Voter 29: ID 143; Choice (1211.0, 192.0, 1889.0, 1347.0, 1905.0, 2092.0, 191.0) 
Voter 30: ID 472; Choice (2141.0, 1356.0, 433.0, 192.0, 1889.0, 193.0, 2121.0) 
Voter 31: ID 69; Choice (1356.0, 433.0, 192.0, 1889.0, 193.0, 1347.0, 1905.0, 2092.0) 
Voter 32: ID 630; Choice (2141.0, 433.0, 192.0, 1889.0, 193.0, 2121.0, 191.0) 
Voter 33: ID 206; Choice (1211.0, 1356.0, 2183.0, 192.0, 193.0, 1347.0, 2092.0, 191.0) 
Voter 34: ID 425; Choice (1211.0, 192.0, 1889.0, 1347.0, 1905.0, 2092.0, 191.0) 
Voter 35: ID 382; Choice (2141.0, 1356.0, 2183.0, 192.0, 193.0, 1347.0, 2092.0) 
Voter 36: ID 219; Choice (1356.0, 2183.0, 433.0, 1889.0, 193.0, 2092.0, 2121.0, 191.0) 
Voter 37: ID 720; Choice (1356.0, 2183.0, 192.0, 193.0, 1347.0, 1905.0, 2092.0, 2121.0, 191.0) 
Voter 38: ID 676; Choice (1356.0, 433.0, 192.0, 1889.0, 193.0, 1347.0, 1905.0, 2092.0) 
Voter 39: ID 411; Choice (2141.0, 2183.0, 433.0, 192.0, 1889.0, 193.0, 1347.0, 2092.0, 2121.0) 
Voter 40: ID 659; Choice (2141.0, 2183.0, 433.0, 192.0, 1889.0, 2092.0, 191.0) 
Voter 41: ID 723; Choice (2141.0, 433.0, 192.0, 1889.0, 193.0, 2121.0, 191.0) 
Voter 42: ID 390; Choice (433.0, 192.0, 193.0, 1347.0, 2092.0, 2121.0, 191.0) 
Voter 43: ID 38; Choice (433.0, 192.0, 1889.0, 193.0, 1347.0, 2121.0, 191.0) 
Voter 44: ID 368; Choice (2141.0, 1356.0, 2183.0, 433.0, 192.0, 2092.0, 2121.0) 
Voter 45: ID 682; Choice (1356.0, 2183.0, 192.0, 193.0, 1347.0, 1905.0, 2092.0, 2121.0, 191.0) 
Voter 46: ID 141; Choice (2141.0, 2183.0, 433.0, 193.0, 1347.0, 1905.0, 2092.0, 2121.0) 
Voter 47: ID 492; Choice (2141.0, 1356.0, 433.0, 193.0, 2092.0, 191.0) 
Voter 48: ID 272; Choice (1211.0, 192.0, 1889.0, 1347.0, 1905.0, 2092.0, 191.0) 
Voter 49: ID 45; Choice (1211.0, 1356.0, 2183.0, 193.0, 1905.0, 2092.0, 191.0) 
Voter 50: ID 665; Choice (1356.0, 2183.0, 192.0, 1889.0, 193.0, 1905.0, 2092.0, 191.0, 1347.0) 
---------------------------------------------------------------------------
After Iteration 3 :
Voter 1: ID 54; Choice (1356.0, 433.0, 192.0, 1889.0, 193.0, 1347.0, 1905.0, 2092.0) 
Voter 2: ID 306; Choice (2141.0, 2183.0, 433.0, 193.0, 1347.0, 1905.0, 2092.0, 2121.0) 
Voter 3: ID 379; Choice (1211.0, 1356.0, 2183.0, 192.0, 193.0, 1347.0, 2092.0, 191.0) 
Voter 4: ID 408; Choice (433.0, 192.0, 1889.0, 193.0, 1347.0, 2121.0, 191.0) 
Voter 5: ID 156; Choice (2141.0, 2183.0, 433.0, 192.0, 1889.0, 193.0, 1347.0, 2092.0, 2121.0) 
Voter 6: ID 319; Choice (2141.0, 1356.0, 2183.0, 193.0, 2092.0, 2121.0, 191.0) 
Voter 7: ID 567; Choice (2141.0, 1356.0, 433.0, 192.0, 1905.0, 2121.0, 191.0) 
Voter 8: ID 39; Choice (433.0, 192.0, 1889.0, 193.0, 1347.0, 2121.0, 191.0) 
Voter 9: ID 689; Choice (433.0, 192.0, 1889.0, 193.0, 1347.0, 2121.0, 191.0) 
Voter 10: ID 636; Choice (2141.0, 2183.0, 433.0, 192.0, 1889.0, 193.0, 1347.0, 2092.0, 2121.0) 
Voter 11: ID 634; Choice (1356.0, 2183.0, 192.0, 1889.0, 193.0, 1905.0, 2092.0, 191.0, 1347.0) 
Voter 12: ID 698; Choice (1356.0, 2183.0, 192.0, 1889.0, 193.0, 1905.0, 2092.0, 191.0) 
Voter 13: ID 233; Choice (1356.0, 433.0, 192.0, 1889.0, 193.0, 1347.0, 1905.0, 2092.0) 
Voter 14: ID 27; Choice (2141.0, 2183.0, 433.0, 192.0, 1889.0, 193.0, 1347.0, 2092.0, 2121.0) 
Voter 15: ID 344; Choice (1356.0, 2183.0, 192.0, 193.0, 1347.0, 1905.0, 2092.0, 2121.0, 191.0) 
Voter 16: ID 43; Choice (2141.0, 1356.0, 2183.0, 433.0, 192.0, 2092.0, 2121.0) 
Voter 17: ID 137; Choice (1211.0, 1356.0, 2183.0, 193.0, 1905.0, 2092.0, 191.0) 
Voter 18: ID 479; Choice (1211.0, 192.0, 1889.0, 1347.0, 1905.0, 2092.0, 191.0) 
Voter 19: ID 498; Choice (1356.0, 2183.0, 433.0, 192.0, 1889.0, 1347.0) 
Voter 20: ID 277; Choice (2141.0, 2183.0, 433.0, 192.0, 1889.0, 193.0, 1347.0, 2092.0, 2121.0) 
Voter 21: ID 645; Choice (1356.0, 2183.0, 433.0, 1889.0, 193.0, 2092.0, 2121.0, 191.0) 
Voter 22: ID 442; Choice (2141.0, 2183.0, 433.0, 192.0, 1889.0, 2092.0, 191.0) 
Voter 23: ID 296; Choice (2141.0, 1356.0, 433.0, 193.0, 2092.0, 191.0) 
Voter 24: ID 286; Choice (2141.0, 1356.0, 2183.0, 193.0, 2092.0, 2121.0, 191.0) 
Voter 25: ID 167; Choice (1356.0, 2183.0, 433.0, 1889.0, 193.0, 2092.0, 2121.0, 191.0) 
Voter 26: ID 637; Choice (1356.0, 2183.0, 192.0, 1889.0, 193.0, 1905.0, 2092.0, 191.0, 1347.0) 
Voter 27: ID 267; Choice (433.0, 192.0, 1889.0, 193.0, 1347.0, 2121.0, 191.0) 
Voter 28: ID 311; Choice (1356.0, 2183.0, 433.0, 1889.0, 193.0, 2092.0, 2121.0, 191.0) 
Voter 29: ID 143; Choice (2141.0, 2183.0, 433.0, 192.0, 1889.0, 193.0, 1347.0, 2092.0, 2121.0) 
Voter 30: ID 472; Choice (2141.0, 1356.0, 2183.0, 192.0, 1889.0, 193.0, 2121.0, 191.0) 
Voter 31: ID 69; Choice (433.0, 192.0, 193.0, 1347.0, 2092.0, 2121.0, 191.0) 
Voter 32: ID 630; Choice (2141.0, 1356.0, 433.0, 193.0, 2092.0, 191.0) 
Voter 33: ID 206; Choice (2141.0, 2183.0, 192.0, 1347.0, 1905.0, 2092.0, 2121.0) 
Voter 34: ID 425; Choice (2141.0, 1356.0, 2183.0, 192.0, 193.0, 1347.0, 2092.0) 
Voter 35: ID 382; Choice (1211.0, 1356.0, 2183.0, 192.0, 193.0, 1347.0, 2092.0, 191.0) 
Voter 36: ID 219; Choice (1211.0, 1356.0, 2183.0, 193.0, 1905.0, 2092.0, 191.0) 
Voter 37: ID 720; Choice (2141.0, 1356.0, 2183.0, 192.0, 193.0, 1347.0, 2092.0) 
Voter 38: ID 676; Choice (1356.0, 2183.0, 433.0, 192.0, 1889.0, 1347.0) 
Voter 39: ID 411; Choice (1356.0, 2183.0, 192.0, 1889.0, 193.0, 1905.0, 2092.0, 191.0, 1347.0) 
Voter 40: ID 659; Choice (2141.0, 1356.0, 433.0, 192.0, 1905.0, 2121.0, 191.0) 
Voter 41: ID 723; Choice (2141.0, 2183.0, 192.0, 1347.0, 1905.0, 2092.0, 2121.0) 
Voter 42: ID 390; Choice (1211.0, 1356.0, 2183.0, 193.0, 1905.0, 2092.0, 191.0) 
Voter 43: ID 38; Choice (2141.0, 2183.0, 433.0, 193.0, 1347.0, 1905.0, 2092.0, 2121.0) 
Voter 44: ID 368; Choice (2141.0, 2183.0, 192.0, 1347.0, 1905.0, 2092.0, 2121.0) 
Voter 45: ID 682; Choice (2141.0, 1356.0, 433.0, 192.0, 1905.0, 2121.0, 191.0) 
Voter 46: ID 141; Choice (2141.0, 2183.0, 433.0, 192.0, 1889.0, 2092.0, 191.0) 
Voter 47: ID 492; Choice (2141.0, 1356.0, 433.0, 193.0, 2092.0, 191.0) 
Voter 48: ID 272; Choice (2141.0, 1356.0, 2183.0, 433.0, 192.0, 2092.0, 2121.0) 
Voter 49: ID 45; Choice (1211.0, 1356.0, 2183.0, 193.0, 1905.0, 2092.0, 191.0) 
Voter 50: ID 665; Choice (2141.0, 1356.0, 433.0, 192.0, 1889.0, 193.0, 2121.0) 
---------------------------------------------------------------------------
After Iteration 4 :
Voter 1: ID 54; Choice (1356.0, 2183.0, 192.0, 1889.0, 193.0, 1905.0, 2092.0, 191.0) 
Voter 2: ID 306; Choice (1356.0, 2183.0, 192.0, 1889.0, 193.0, 1905.0, 2092.0, 191.0, 1347.0) 
Voter 3: ID 379; Choice (1211.0, 1356.0, 2183.0, 192.0, 193.0, 1347.0, 2092.0, 191.0) 
Voter 4: ID 408; Choice (1356.0, 2183.0, 192.0, 1889.0, 193.0, 1905.0, 2092.0, 191.0, 1347.0) 
Voter 5: ID 156; Choice (1356.0, 2183.0, 192.0, 1889.0, 193.0, 1905.0, 2092.0, 191.0, 1347.0) 
Voter 6: ID 319; Choice (1356.0, 2183.0, 192.0, 1889.0, 193.0, 1905.0, 2092.0, 191.0) 
Voter 7: ID 567; Choice (1356.0, 2183.0, 192.0, 1889.0, 193.0, 1905.0, 2092.0, 191.0, 1347.0) 
Voter 8: ID 39; Choice (1211.0, 1356.0, 2183.0, 192.0, 193.0, 1347.0, 2092.0, 191.0) 
Voter 9: ID 689; Choice (1356.0, 2183.0, 192.0, 1889.0, 193.0, 1905.0, 2092.0, 191.0, 1347.0) 
Voter 10: ID 636; Choice (1356.0, 2183.0, 192.0, 1889.0, 193.0, 1905.0, 2092.0, 191.0, 1347.0) 
Voter 11: ID 634; Choice (1356.0, 2183.0, 192.0, 1889.0, 193.0, 1905.0, 2092.0, 191.0, 1347.0) 
Voter 12: ID 698; Choice (1356.0, 2183.0, 192.0, 1889.0, 193.0, 1905.0, 2092.0, 191.0, 1347.0) 
Voter 13: ID 233; Choice (1356.0, 2183.0, 192.0, 1889.0, 193.0, 1905.0, 2092.0, 191.0, 1347.0) 
Voter 14: ID 27; Choice (1356.0, 2183.0, 192.0, 1889.0, 193.0, 1905.0, 2092.0, 191.0, 1347.0) 
Voter 15: ID 344; Choice (1356.0, 2183.0, 192.0, 1889.0, 193.0, 1905.0, 2092.0, 191.0, 1347.0) 
Voter 16: ID 43; Choice (1356.0, 2183.0, 192.0, 1889.0, 193.0, 1905.0, 2092.0, 191.0, 1347.0) 
Voter 17: ID 137; Choice (1356.0, 2183.0, 192.0, 1889.0, 193.0, 1905.0, 2092.0, 191.0, 1347.0) 
Voter 18: ID 479; Choice (1356.0, 2183.0, 192.0, 1889.0, 193.0, 1905.0, 2092.0, 191.0, 1347.0) 
Voter 19: ID 498; Choice (1356.0, 433.0, 192.0, 1889.0, 193.0, 1347.0, 1905.0, 2092.0) 
Voter 20: ID 277; Choice (1356.0, 2183.0, 192.0, 1889.0, 193.0, 1905.0, 2092.0, 191.0, 1347.0) 
Voter 21: ID 645; Choice (1356.0, 2183.0, 192.0, 1889.0, 193.0, 1905.0, 2092.0, 191.0, 1347.0) 
Voter 22: ID 442; Choice (1356.0, 2183.0, 192.0, 193.0, 1347.0, 1905.0, 2092.0, 2121.0, 191.0) 
Voter 23: ID 296; Choice (1356.0, 2183.0, 192.0, 1889.0, 193.0, 1905.0, 2092.0, 191.0) 
Voter 24: ID 286; Choice (1356.0, 2183.0, 192.0, 1889.0, 193.0, 1905.0, 2092.0, 191.0, 1347.0) 
Voter 25: ID 167; Choice (1356.0, 2183.0, 192.0, 1889.0, 193.0, 1905.0, 2092.0, 191.0, 1347.0) 
Voter 26: ID 637; Choice (1356.0, 2183.0, 192.0, 1889.0, 193.0, 1905.0, 2092.0, 191.0, 1347.0) 
Voter 27: ID 267; Choice (1356.0, 2183.0, 192.0, 1889.0, 193.0, 1905.0, 2092.0, 191.0, 1347.0) 
Voter 28: ID 311; Choice (1356.0, 2183.0, 192.0, 1889.0, 193.0, 1905.0, 2092.0, 191.0, 1347.0) 
Voter 29: ID 143; Choice (1356.0, 2183.0, 192.0, 1889.0, 193.0, 1905.0, 2092.0, 191.0, 1347.0) 
Voter 30: ID 472; Choice (1356.0, 2183.0, 192.0, 1889.0, 193.0, 1905.0, 2092.0, 191.0, 1347.0) 
Voter 31: ID 69; Choice (1356.0, 2183.0, 192.0, 1889.0, 193.0, 1905.0, 2092.0, 191.0, 1347.0) 
Voter 32: ID 630; Choice (1356.0, 2183.0, 192.0, 1889.0, 193.0, 1905.0, 2092.0, 191.0, 1347.0) 
Voter 33: ID 206; Choice (1356.0, 2183.0, 192.0, 1889.0, 193.0, 1905.0, 2092.0, 191.0, 1347.0) 
Voter 34: ID 425; Choice (1356.0, 2183.0, 192.0, 1889.0, 193.0, 1905.0, 2092.0, 191.0, 1347.0) 
Voter 35: ID 382; Choice (1356.0, 2183.0, 192.0, 1889.0, 193.0, 1905.0, 2092.0, 191.0, 1347.0) 
Voter 36: ID 219; Choice (1356.0, 2183.0, 192.0, 1889.0, 193.0, 1905.0, 2092.0, 191.0, 1347.0) 
Voter 37: ID 720; Choice (1356.0, 2183.0, 192.0, 193.0, 1347.0, 1905.0, 2092.0, 2121.0, 191.0) 
Voter 38: ID 676; Choice (1356.0, 2183.0, 192.0, 1889.0, 193.0, 1905.0, 2092.0, 191.0, 1347.0) 
Voter 39: ID 411; Choice (1356.0, 2183.0, 192.0, 1889.0, 193.0, 1905.0, 2092.0, 191.0, 1347.0) 
Voter 40: ID 659; Choice (1356.0, 2183.0, 192.0, 1889.0, 193.0, 1905.0, 2092.0, 191.0, 1347.0) 
Voter 41: ID 723; Choice (1356.0, 2183.0, 192.0, 1889.0, 193.0, 1905.0, 2092.0, 191.0, 1347.0) 
Voter 42: ID 390; Choice (1356.0, 2183.0, 192.0, 1889.0, 193.0, 1905.0, 2092.0, 191.0, 1347.0) 
Voter 43: ID 38; Choice (1356.0, 2183.0, 192.0, 1889.0, 193.0, 1905.0, 2092.0, 191.0) 
Voter 44: ID 368; Choice (1356.0, 2183.0, 192.0, 1889.0, 193.0, 1905.0, 2092.0, 191.0, 1347.0) 
Voter 45: ID 682; Choice (1356.0, 2183.0, 192.0, 193.0, 1347.0, 1905.0, 2092.0, 2121.0, 191.0) 
Voter 46: ID 141; Choice (1356.0, 2183.0, 192.0, 1889.0, 193.0, 1905.0, 2092.0, 191.0, 1347.0) 
Voter 47: ID 492; Choice (1356.0, 2183.0, 192.0, 1889.0, 193.0, 1905.0, 2092.0, 191.0, 1347.0) 
Voter 48: ID 272; Choice (1356.0, 2183.0, 192.0, 1889.0, 193.0, 1905.0, 2092.0, 191.0, 1347.0) 
Voter 49: ID 45; Choice (1356.0, 2183.0, 192.0, 1889.0, 193.0, 1905.0, 2092.0, 191.0) 
Voter 50: ID 665; Choice (1356.0, 2183.0, 192.0, 1889.0, 193.0, 1905.0, 2092.0, 191.0, 1347.0) 
---------------------------------------------------------------------------
After Iteration 5 :
Voter 1: ID 54; Choice (2141.0, 1356.0, 2183.0, 192.0, 193.0, 1347.0, 2092.0) 
Voter 2: ID 306; Choice (1356.0, 2183.0, 192.0, 1889.0, 193.0, 1905.0, 2092.0, 191.0, 1347.0) 
Voter 3: ID 379; Choice (1356.0, 2183.0, 192.0, 1889.0, 193.0, 1905.0, 2092.0, 191.0, 1347.0) 
Voter 4: ID 408; Choice (1356.0, 2183.0, 192.0, 1889.0, 193.0, 1905.0, 2092.0, 191.0, 1347.0) 
Voter 5: ID 156; Choice (2141.0, 1356.0, 2183.0, 192.0, 193.0, 1347.0, 2092.0) 
Voter 6: ID 319; Choice (2141.0, 1356.0, 2183.0, 193.0, 2092.0, 2121.0, 191.0) 
Voter 7: ID 567; Choice (1356.0, 2183.0, 192.0, 1889.0, 193.0, 1905.0, 2092.0, 191.0, 1347.0) 
Voter 8: ID 39; Choice (1356.0, 2183.0, 192.0, 1889.0, 193.0, 1905.0, 2092.0, 191.0) 
Voter 9: ID 689; Choice (1356.0, 2183.0, 192.0, 1889.0, 193.0, 1905.0, 2092.0, 191.0, 1347.0) 
Voter 10: ID 636; Choice (2141.0, 1356.0, 2183.0, 192.0, 193.0, 1347.0, 2092.0) 
Voter 11: ID 634; Choice (2141.0, 1356.0, 2183.0, 192.0, 193.0, 1347.0, 2092.0) 
Voter 12: ID 698; Choice (1356.0, 2183.0, 192.0, 1889.0, 193.0, 1905.0, 2092.0, 191.0) 
Voter 13: ID 233; Choice (2141.0, 1356.0, 2183.0, 192.0, 193.0, 1347.0, 2092.0) 
Voter 14: ID 27; Choice (1356.0, 2183.0, 192.0, 1889.0, 193.0, 1905.0, 2092.0, 191.0, 1347.0) 
Voter 15: ID 344; Choice (1356.0, 2183.0, 192.0, 193.0, 1347.0, 1905.0, 2092.0, 2121.0, 191.0) 
Voter 16: ID 43; Choice (2141.0, 1356.0, 2183.0, 192.0, 193.0, 1347.0, 2092.0) 
Voter 17: ID 137; Choice (2141.0, 1356.0, 2183.0, 192.0, 193.0, 1347.0, 2092.0) 
Voter 18: ID 479; Choice (1356.0, 2183.0, 192.0, 1889.0, 193.0, 1905.0, 2092.0, 191.0, 1347.0) 
Voter 19: ID 498; Choice (1356.0, 2183.0, 192.0, 1889.0, 193.0, 1905.0, 2092.0, 191.0, 1347.0) 
Voter 20: ID 277; Choice (2141.0, 1356.0, 2183.0, 192.0, 193.0, 1347.0, 2092.0) 
Voter 21: ID 645; Choice (2141.0, 1356.0, 2183.0, 192.0, 193.0, 1347.0, 2092.0) 
Voter 22: ID 442; Choice (1356.0, 2183.0, 192.0, 1889.0, 193.0, 1905.0, 2092.0, 191.0, 1347.0) 
Voter 23: ID 296; Choice (2141.0, 1356.0, 2183.0, 192.0, 193.0, 1347.0, 2092.0) 
Voter 24: ID 286; Choice (2141.0, 1356.0, 2183.0, 193.0, 2092.0, 2121.0, 191.0) 
Voter 25: ID 167; Choice (1356.0, 2183.0, 433.0, 1889.0, 193.0, 2092.0, 2121.0, 191.0) 
Voter 26: ID 637; Choice (1356.0, 2183.0, 192.0, 1889.0, 193.0, 1905.0, 2092.0, 191.0, 1347.0) 
Voter 27: ID 267; Choice (1356.0, 2183.0, 192.0, 1889.0, 193.0, 1905.0, 2092.0, 191.0, 1347.0) 
Voter 28: ID 311; Choice (2141.0, 1356.0, 2183.0, 192.0, 193.0, 1347.0, 2092.0) 
Voter 29: ID 143; Choice (1356.0, 2183.0, 192.0, 1889.0, 193.0, 1905.0, 2092.0, 191.0, 1347.0) 
Voter 30: ID 472; Choice (2141.0, 1356.0, 2183.0, 192.0, 1889.0, 193.0, 2121.0, 191.0) 
Voter 31: ID 69; Choice (1356.0, 2183.0, 192.0, 1889.0, 193.0, 1905.0, 2092.0, 191.0, 1347.0) 
Voter 32: ID 630; Choice (1356.0, 2183.0, 192.0, 1889.0, 193.0, 1905.0, 2092.0, 191.0, 1347.0) 
Voter 33: ID 206; Choice (1356.0, 2183.0, 192.0, 1889.0, 193.0, 1905.0, 2092.0, 191.0, 1347.0) 
Voter 34: ID 425; Choice (1356.0, 2183.0, 192.0, 1889.0, 193.0, 1905.0, 2092.0, 191.0, 1347.0) 
Voter 35: ID 382; Choice (1356.0, 2183.0, 192.0, 1889.0, 193.0, 1905.0, 2092.0, 191.0, 1347.0) 
Voter 36: ID 219; Choice (1356.0, 2183.0, 192.0, 1889.0, 193.0, 1905.0, 2092.0, 191.0, 1347.0) 
Voter 37: ID 720; Choice (1356.0, 2183.0, 192.0, 193.0, 1347.0, 1905.0, 2092.0, 2121.0, 191.0) 
Voter 38: ID 676; Choice (1356.0, 2183.0, 192.0, 1889.0, 193.0, 1905.0, 2092.0, 191.0, 1347.0) 
Voter 39: ID 411; Choice (1356.0, 2183.0, 192.0, 1889.0, 193.0, 1905.0, 2092.0, 191.0, 1347.0) 
Voter 40: ID 659; Choice (1356.0, 2183.0, 192.0, 1889.0, 193.0, 1905.0, 2092.0, 191.0, 1347.0) 
Voter 41: ID 723; Choice (2141.0, 1356.0, 2183.0, 192.0, 193.0, 1347.0, 2092.0) 
Voter 42: ID 390; Choice (1356.0, 2183.0, 192.0, 1889.0, 193.0, 1905.0, 2092.0, 191.0, 1347.0) 
Voter 43: ID 38; Choice (1356.0, 2183.0, 192.0, 1889.0, 193.0, 1905.0, 2092.0, 191.0, 1347.0) 
Voter 44: ID 368; Choice (1356.0, 2183.0, 192.0, 1889.0, 193.0, 1905.0, 2092.0, 191.0, 1347.0) 
Voter 45: ID 682; Choice (1356.0, 2183.0, 192.0, 193.0, 1347.0, 1905.0, 2092.0, 2121.0, 191.0) 
Voter 46: ID 141; Choice (1356.0, 2183.0, 192.0, 1889.0, 193.0, 1905.0, 2092.0, 191.0, 1347.0) 
Voter 47: ID 492; Choice (1356.0, 2183.0, 192.0, 1889.0, 193.0, 1905.0, 2092.0, 191.0, 1347.0) 
Voter 48: ID 272; Choice (1356.0, 2183.0, 192.0, 1889.0, 193.0, 1905.0, 2092.0, 191.0, 1347.0) 
Voter 49: ID 45; Choice (2141.0, 1356.0, 2183.0, 192.0, 193.0, 1347.0, 2092.0) 
Voter 50: ID 665; Choice (1356.0, 2183.0, 192.0, 1889.0, 193.0, 1905.0, 2092.0, 191.0, 1347.0) 
---------------------------------------------------------------------------
After Iteration 6 :
Voter 1: ID 54; Choice (1356.0, 2183.0, 192.0, 1889.0, 193.0, 1905.0, 2092.0, 191.0, 1347.0) 
Voter 2: ID 306; Choice (1356.0, 2183.0, 192.0, 1889.0, 193.0, 1905.0, 2092.0, 191.0, 1347.0) 
Voter 3: ID 379; Choice (1356.0, 2183.0, 192.0, 1889.0, 193.0, 1905.0, 2092.0, 191.0, 1347.0) 
Voter 4: ID 408; Choice (1356.0, 2183.0, 192.0, 1889.0, 193.0, 1905.0, 2092.0, 191.0, 1347.0) 
Voter 5: ID 156; Choice (1356.0, 2183.0, 192.0, 1889.0, 193.0, 1905.0, 2092.0, 191.0, 1347.0) 
Voter 6: ID 319; Choice (1356.0, 2183.0, 192.0, 1889.0, 193.0, 1905.0, 2092.0, 191.0, 1347.0) 
Voter 7: ID 567; Choice (1356.0, 2183.0, 192.0, 1889.0, 193.0, 1905.0, 2092.0, 191.0, 1347.0) 
Voter 8: ID 39; Choice (1356.0, 2183.0, 192.0, 1889.0, 193.0, 1905.0, 2092.0, 191.0, 1347.0) 
Voter 9: ID 689; Choice (1356.0, 2183.0, 192.0, 1889.0, 193.0, 1905.0, 2092.0, 191.0, 1347.0) 
Voter 10: ID 636; Choice (1356.0, 2183.0, 192.0, 1889.0, 193.0, 1905.0, 2092.0, 191.0, 1347.0) 
Voter 11: ID 634; Choice (1356.0, 2183.0, 192.0, 1889.0, 193.0, 1905.0, 2092.0, 191.0, 1347.0) 
Voter 12: ID 698; Choice (1356.0, 2183.0, 192.0, 1889.0, 193.0, 1905.0, 2092.0, 191.0, 1347.0) 
Voter 13: ID 233; Choice (1356.0, 2183.0, 192.0, 1889.0, 193.0, 1905.0, 2092.0, 191.0, 1347.0) 
Voter 14: ID 27; Choice (1356.0, 2183.0, 192.0, 1889.0, 193.0, 1905.0, 2092.0, 191.0, 1347.0) 
Voter 15: ID 344; Choice (1356.0, 2183.0, 192.0, 1889.0, 193.0, 1905.0, 2092.0, 191.0, 1347.0) 
Voter 16: ID 43; Choice (1356.0, 2183.0, 192.0, 1889.0, 193.0, 1905.0, 2092.0, 191.0, 1347.0) 
Voter 17: ID 137; Choice (1356.0, 2183.0, 192.0, 1889.0, 193.0, 1905.0, 2092.0, 191.0, 1347.0) 
Voter 18: ID 479; Choice (1356.0, 2183.0, 192.0, 1889.0, 193.0, 1905.0, 2092.0, 191.0, 1347.0) 
Voter 19: ID 498; Choice (1356.0, 2183.0, 192.0, 1889.0, 193.0, 1905.0, 2092.0, 191.0, 1347.0) 
Voter 20: ID 277; Choice (1356.0, 2183.0, 192.0, 1889.0, 193.0, 1905.0, 2092.0, 191.0, 1347.0) 
Voter 21: ID 645; Choice (1356.0, 2183.0, 192.0, 1889.0, 193.0, 1905.0, 2092.0, 191.0, 1347.0) 
Voter 22: ID 442; Choice (1356.0, 2183.0, 192.0, 1889.0, 193.0, 1905.0, 2092.0, 191.0, 1347.0) 
Voter 23: ID 296; Choice (1356.0, 2183.0, 192.0, 1889.0, 193.0, 1905.0, 2092.0, 191.0, 1347.0) 
Voter 24: ID 286; Choice (1356.0, 2183.0, 192.0, 1889.0, 193.0, 1905.0, 2092.0, 191.0, 1347.0) 
Voter 25: ID 167; Choice (1356.0, 2183.0, 192.0, 1889.0, 193.0, 1905.0, 2092.0, 191.0, 1347.0) 
Voter 26: ID 637; Choice (1356.0, 2183.0, 192.0, 1889.0, 193.0, 1905.0, 2092.0, 191.0, 1347.0) 
Voter 27: ID 267; Choice (1356.0, 2183.0, 192.0, 1889.0, 193.0, 1905.0, 2092.0, 191.0, 1347.0) 
Voter 28: ID 311; Choice (1356.0, 2183.0, 192.0, 1889.0, 193.0, 1905.0, 2092.0, 191.0, 1347.0) 
Voter 29: ID 143; Choice (1356.0, 2183.0, 192.0, 1889.0, 193.0, 1905.0, 2092.0, 191.0, 1347.0) 
Voter 30: ID 472; Choice (1356.0, 2183.0, 192.0, 1889.0, 193.0, 1905.0, 2092.0, 191.0, 1347.0) 
Voter 31: ID 69; Choice (1356.0, 2183.0, 192.0, 1889.0, 193.0, 1905.0, 2092.0, 191.0, 1347.0) 
Voter 32: ID 630; Choice (1356.0, 2183.0, 192.0, 1889.0, 193.0, 1905.0, 2092.0, 191.0, 1347.0) 
Voter 33: ID 206; Choice (1356.0, 2183.0, 192.0, 1889.0, 193.0, 1905.0, 2092.0, 191.0, 1347.0) 
Voter 34: ID 425; Choice (1356.0, 2183.0, 192.0, 1889.0, 193.0, 1905.0, 2092.0, 191.0, 1347.0) 
Voter 35: ID 382; Choice (1356.0, 2183.0, 192.0, 1889.0, 193.0, 1905.0, 2092.0, 191.0, 1347.0) 
Voter 36: ID 219; Choice (1356.0, 2183.0, 192.0, 1889.0, 193.0, 1905.0, 2092.0, 191.0, 1347.0) 
Voter 37: ID 720; Choice (1356.0, 2183.0, 192.0, 1889.0, 193.0, 1905.0, 2092.0, 191.0, 1347.0) 
Voter 38: ID 676; Choice (1356.0, 2183.0, 192.0, 1889.0, 193.0, 1905.0, 2092.0, 191.0, 1347.0) 
Voter 39: ID 411; Choice (1356.0, 2183.0, 192.0, 1889.0, 193.0, 1905.0, 2092.0, 191.0, 1347.0) 
Voter 40: ID 659; Choice (1356.0, 2183.0, 192.0, 1889.0, 193.0, 1905.0, 2092.0, 191.0, 1347.0) 
Voter 41: ID 723; Choice (1356.0, 2183.0, 192.0, 1889.0, 193.0, 1905.0, 2092.0, 191.0, 1347.0) 
Voter 42: ID 390; Choice (1356.0, 2183.0, 192.0, 1889.0, 193.0, 1905.0, 2092.0, 191.0, 1347.0) 
Voter 43: ID 38; Choice (1356.0, 2183.0, 192.0, 1889.0, 193.0, 1905.0, 2092.0, 191.0, 1347.0) 
Voter 44: ID 368; Choice (1356.0, 2183.0, 192.0, 1889.0, 193.0, 1905.0, 2092.0, 191.0, 1347.0) 
Voter 45: ID 682; Choice (1356.0, 2183.0, 192.0, 1889.0, 193.0, 1905.0, 2092.0, 191.0, 1347.0) 
Voter 46: ID 141; Choice (2141.0, 1356.0, 2183.0, 433.0, 192.0, 2092.0, 2121.0) 
Voter 47: ID 492; Choice (1356.0, 2183.0, 192.0, 1889.0, 193.0, 1905.0, 2092.0, 191.0, 1347.0) 
Voter 48: ID 272; Choice (1356.0, 2183.0, 192.0, 1889.0, 193.0, 1905.0, 2092.0, 191.0, 1347.0) 
Voter 49: ID 45; Choice (1356.0, 2183.0, 192.0, 1889.0, 193.0, 1905.0, 2092.0, 191.0, 1347.0) 
Voter 50: ID 665; Choice (1356.0, 2183.0, 192.0, 1889.0, 193.0, 1905.0, 2092.0, 191.0, 1347.0) 
---------------------------------------------------------------------------
After Iteration 7 :
Voter 1: ID 54; Choice (1356.0, 2183.0, 192.0, 1889.0, 193.0, 1905.0, 2092.0, 191.0, 1347.0) 
Voter 2: ID 306; Choice (1356.0, 2183.0, 192.0, 1889.0, 193.0, 1905.0, 2092.0, 191.0, 1347.0) 
Voter 3: ID 379; Choice (1356.0, 2183.0, 192.0, 1889.0, 193.0, 1905.0, 2092.0, 191.0, 1347.0) 
Voter 4: ID 408; Choice (1356.0, 2183.0, 192.0, 1889.0, 193.0, 1905.0, 2092.0, 191.0, 1347.0) 
Voter 5: ID 156; Choice (1356.0, 2183.0, 192.0, 1889.0, 193.0, 1905.0, 2092.0, 191.0, 1347.0) 
Voter 6: ID 319; Choice (1356.0, 2183.0, 192.0, 1889.0, 193.0, 1905.0, 2092.0, 191.0, 1347.0) 
Voter 7: ID 567; Choice (1356.0, 2183.0, 192.0, 1889.0, 193.0, 1905.0, 2092.0, 191.0, 1347.0) 
Voter 8: ID 39; Choice (1356.0, 2183.0, 192.0, 1889.0, 193.0, 1905.0, 2092.0, 191.0, 1347.0) 
Voter 9: ID 689; Choice (1356.0, 2183.0, 192.0, 1889.0, 193.0, 1905.0, 2092.0, 191.0, 1347.0) 
Voter 10: ID 636; Choice (1356.0, 2183.0, 192.0, 1889.0, 193.0, 1905.0, 2092.0, 191.0, 1347.0) 
Voter 11: ID 634; Choice (1356.0, 2183.0, 192.0, 1889.0, 193.0, 1905.0, 2092.0, 191.0, 1347.0) 
Voter 12: ID 698; Choice (1356.0, 2183.0, 192.0, 1889.0, 193.0, 1905.0, 2092.0, 191.0, 1347.0) 
Voter 13: ID 233; Choice (1356.0, 2183.0, 192.0, 1889.0, 193.0, 1905.0, 2092.0, 191.0, 1347.0) 
Voter 14: ID 27; Choice (1356.0, 2183.0, 192.0, 1889.0, 193.0, 1905.0, 2092.0, 191.0, 1347.0) 
Voter 15: ID 344; Choice (1356.0, 2183.0, 192.0, 1889.0, 193.0, 1905.0, 2092.0, 191.0, 1347.0) 
Voter 16: ID 43; Choice (1356.0, 2183.0, 192.0, 1889.0, 193.0, 1905.0, 2092.0, 191.0, 1347.0) 
Voter 17: ID 137; Choice (1356.0, 2183.0, 192.0, 1889.0, 193.0, 1905.0, 2092.0, 191.0, 1347.0) 
Voter 18: ID 479; Choice (1356.0, 2183.0, 192.0, 1889.0, 193.0, 1905.0, 2092.0, 191.0, 1347.0) 
Voter 19: ID 498; Choice (1356.0, 2183.0, 192.0, 1889.0, 193.0, 1905.0, 2092.0, 191.0, 1347.0) 
Voter 20: ID 277; Choice (1356.0, 2183.0, 192.0, 1889.0, 193.0, 1905.0, 2092.0, 191.0, 1347.0) 
Voter 21: ID 645; Choice (1356.0, 2183.0, 192.0, 1889.0, 193.0, 1905.0, 2092.0, 191.0, 1347.0) 
Voter 22: ID 442; Choice (1356.0, 2183.0, 192.0, 1889.0, 193.0, 1905.0, 2092.0, 191.0, 1347.0) 
Voter 23: ID 296; Choice (1356.0, 2183.0, 192.0, 1889.0, 193.0, 1905.0, 2092.0, 191.0, 1347.0) 
Voter 24: ID 286; Choice (1356.0, 2183.0, 192.0, 1889.0, 193.0, 1905.0, 2092.0, 191.0, 1347.0) 
Voter 25: ID 167; Choice (1356.0, 2183.0, 192.0, 1889.0, 193.0, 1905.0, 2092.0, 191.0, 1347.0) 
Voter 26: ID 637; Choice (1356.0, 2183.0, 192.0, 1889.0, 193.0, 1905.0, 2092.0, 191.0, 1347.0) 
Voter 27: ID 267; Choice (1356.0, 2183.0, 192.0, 1889.0, 193.0, 1905.0, 2092.0, 191.0, 1347.0) 
Voter 28: ID 311; Choice (1356.0, 2183.0, 192.0, 1889.0, 193.0, 1905.0, 2092.0, 191.0, 1347.0) 
Voter 29: ID 143; Choice (1356.0, 2183.0, 192.0, 1889.0, 193.0, 1905.0, 2092.0, 191.0, 1347.0) 
Voter 30: ID 472; Choice (1356.0, 2183.0, 192.0, 1889.0, 193.0, 1905.0, 2092.0, 191.0, 1347.0) 
Voter 31: ID 69; Choice (1356.0, 2183.0, 192.0, 1889.0, 193.0, 1905.0, 2092.0, 191.0, 1347.0) 
Voter 32: ID 630; Choice (1356.0, 2183.0, 192.0, 1889.0, 193.0, 1905.0, 2092.0, 191.0, 1347.0) 
Voter 33: ID 206; Choice (1356.0, 2183.0, 192.0, 1889.0, 193.0, 1905.0, 2092.0, 191.0, 1347.0) 
Voter 34: ID 425; Choice (1356.0, 2183.0, 192.0, 1889.0, 193.0, 1905.0, 2092.0, 191.0, 1347.0) 
Voter 35: ID 382; Choice (1356.0, 2183.0, 192.0, 1889.0, 193.0, 1905.0, 2092.0, 191.0, 1347.0) 
Voter 36: ID 219; Choice (1356.0, 2183.0, 192.0, 1889.0, 193.0, 1905.0, 2092.0, 191.0, 1347.0) 
Voter 37: ID 720; Choice (1356.0, 2183.0, 192.0, 1889.0, 193.0, 1905.0, 2092.0, 191.0, 1347.0) 
Voter 38: ID 676; Choice (1356.0, 2183.0, 192.0, 1889.0, 193.0, 1905.0, 2092.0, 191.0, 1347.0) 
Voter 39: ID 411; Choice (1356.0, 2183.0, 192.0, 1889.0, 193.0, 1905.0, 2092.0, 191.0, 1347.0) 
Voter 40: ID 659; Choice (1356.0, 2183.0, 192.0, 1889.0, 193.0, 1905.0, 2092.0, 191.0, 1347.0) 
Voter 41: ID 723; Choice (1356.0, 2183.0, 192.0, 1889.0, 193.0, 1905.0, 2092.0, 191.0, 1347.0) 
Voter 42: ID 390; Choice (1356.0, 2183.0, 192.0, 1889.0, 193.0, 1905.0, 2092.0, 191.0, 1347.0) 
Voter 43: ID 38; Choice (1356.0, 2183.0, 192.0, 1889.0, 193.0, 1905.0, 2092.0, 191.0, 1347.0) 
Voter 44: ID 368; Choice (1356.0, 2183.0, 192.0, 1889.0, 193.0, 1905.0, 2092.0, 191.0, 1347.0) 
Voter 45: ID 682; Choice (1356.0, 2183.0, 192.0, 1889.0, 193.0, 1905.0, 2092.0, 191.0, 1347.0) 
Voter 46: ID 141; Choice (1356.0, 2183.0, 192.0, 1889.0, 193.0, 1905.0, 2092.0, 191.0, 1347.0) 
Voter 47: ID 492; Choice (1356.0, 2183.0, 192.0, 1889.0, 193.0, 1905.0, 2092.0, 191.0, 1347.0) 
Voter 48: ID 272; Choice (1356.0, 2183.0, 192.0, 1889.0, 193.0, 1905.0, 2092.0, 191.0, 1347.0) 
Voter 49: ID 45; Choice (1356.0, 2183.0, 192.0, 1889.0, 193.0, 1905.0, 2092.0, 191.0, 1347.0) 
Voter 50: ID 665; Choice (1356.0, 2183.0, 192.0, 1889.0, 193.0, 1905.0, 2092.0, 191.0, 1347.0) 
---------------------------------------------------------------------------
Concensus reached after 7 iterations.
Max degree: 22 Number of valid combinations: 25 Using random find.
There are 1 opinions after all iterations.
(1356.0, 2183.0, 192.0, 1889.0, 193.0, 1905.0, 2092.0, 191.0, 1347.0) count: 50
