    project id    reward
0       1211.0 -0.444988
1       2141.0 -0.057202
2       1356.0  0.331482
3       2183.0  0.343395
4        433.0 -0.263659
5        192.0  0.232709
6       1889.0  0.302624
7        193.0  0.251523
8       1347.0  0.192139
9       1905.0  0.121838
10      2092.0  0.245409
11      2121.0 -0.136063
12       191.0  0.215283
Valid Combinations are:
(1356.0, 2183.0, 192.0, 1889.0, 193.0, 1905.0, 2092.0, 191.0, 1347.0)
(1356.0, 2183.0, 192.0, 1889.0, 193.0, 1905.0, 2092.0, 191.0)
(1211.0, 2141.0, 1356.0, 2183.0, 192.0, 193.0)
(2141.0, 2183.0, 433.0, 192.0, 1889.0, 193.0, 1347.0, 2092.0, 2121.0)
(1356.0, 2183.0, 192.0, 193.0, 1347.0, 1905.0, 2092.0, 2121.0, 191.0)
(1211.0, 1356.0, 2183.0, 192.0, 193.0, 1347.0, 2092.0, 191.0)
(2141.0, 1356.0, 2183.0, 192.0, 1889.0, 193.0, 2121.0, 191.0)
(2141.0, 2183.0, 433.0, 193.0, 1347.0, 1905.0, 2092.0, 2121.0)
(1356.0, 2183.0, 433.0, 1889.0, 193.0, 2092.0, 2121.0, 191.0)
(1356.0, 433.0, 192.0, 1889.0, 193.0, 1347.0, 1905.0, 2092.0)
(1211.0, 1356.0, 2183.0, 193.0, 1905.0, 2092.0, 191.0)
(1211.0, 192.0, 1889.0, 1347.0, 1905.0, 2092.0, 191.0)
(2141.0, 1356.0, 2183.0, 433.0, 192.0, 2092.0, 2121.0)
(2141.0, 1356.0, 2183.0, 192.0, 193.0, 1347.0, 2092.0)
(2141.0, 1356.0, 2183.0, 193.0, 2092.0, 2121.0, 191.0)
(2141.0, 1356.0, 433.0, 192.0, 1889.0, 193.0, 2121.0)
(2141.0, 1356.0, 433.0, 192.0, 1905.0, 2121.0, 191.0)
(2141.0, 2183.0, 433.0, 192.0, 1889.0, 2092.0, 191.0)
(2141.0, 2183.0, 192.0, 1347.0, 1905.0, 2092.0, 2121.0)
(2141.0, 433.0, 192.0, 1889.0, 193.0, 2121.0, 191.0)
(433.0, 192.0, 1889.0, 193.0, 1347.0, 2121.0, 191.0)
(433.0, 192.0, 193.0, 1347.0, 2092.0, 2121.0, 191.0)
(1211.0, 1356.0, 192.0, 1889.0, 1347.0, 191.0)
(2141.0, 1356.0, 433.0, 193.0, 2092.0, 191.0)
(1356.0, 2183.0, 433.0, 192.0, 1889.0, 1347.0)
Initial Choices:
---------------------------------------------------------------------------
Voter 1: ID 340; Choice (2141.0, 433.0, 192.0, 1889.0, 193.0, 2121.0, 191.0) 
Voter 2: ID 626; Choice (433.0, 192.0, 1889.0, 193.0, 1347.0, 2121.0, 191.0) 
Voter 3: ID 668; Choice (1356.0, 2183.0, 192.0, 1889.0, 193.0, 1905.0, 2092.0, 191.0) 
Voter 4: ID 197; Choice (2141.0, 1356.0, 433.0, 192.0, 1889.0, 193.0, 2121.0) 
Voter 5: ID 334; Choice (2141.0, 2183.0, 433.0, 192.0, 1889.0, 193.0, 1347.0, 2092.0, 2121.0) 
Voter 6: ID 91; Choice (1356.0, 2183.0, 433.0, 192.0, 1889.0, 1347.0) 
Voter 7: ID 580; Choice (2141.0, 1356.0, 433.0, 192.0, 1889.0, 193.0, 2121.0) 
Voter 8: ID 44; Choice (2141.0, 2183.0, 192.0, 1347.0, 1905.0, 2092.0, 2121.0) 
Voter 9: ID 315; Choice (2141.0, 2183.0, 433.0, 192.0, 1889.0, 193.0, 1347.0, 2092.0, 2121.0) 
Voter 10: ID 161; Choice (2141.0, 1356.0, 433.0, 193.0, 2092.0, 191.0) 
Voter 11: ID 436; Choice (2141.0, 1356.0, 2183.0, 192.0, 193.0, 1347.0, 2092.0) 
Voter 12: ID 475; Choice (2141.0, 1356.0, 433.0, 192.0, 1905.0, 2121.0, 191.0) 
Voter 13: ID 596; Choice (1211.0, 192.0, 1889.0, 1347.0, 1905.0, 2092.0, 191.0) 
Voter 14: ID 647; Choice (2141.0, 1356.0, 433.0, 192.0, 1889.0, 193.0, 2121.0) 
Voter 15: ID 73; Choice (1356.0, 2183.0, 433.0, 192.0, 1889.0, 1347.0) 
Voter 16: ID 206; Choice (2141.0, 1356.0, 2183.0, 192.0, 193.0, 1347.0, 2092.0) 
Voter 17: ID 60; Choice (1356.0, 2183.0, 192.0, 1889.0, 193.0, 1905.0, 2092.0, 191.0) 
Voter 18: ID 669; Choice (2141.0, 1356.0, 433.0, 192.0, 1905.0, 2121.0, 191.0) 
Voter 19: ID 333; Choice (2141.0, 1356.0, 2183.0, 193.0, 2092.0, 2121.0, 191.0) 
Voter 20: ID 148; Choice (1356.0, 2183.0, 192.0, 193.0, 1347.0, 1905.0, 2092.0, 2121.0, 191.0) 
Voter 21: ID 739; Choice (2141.0, 1356.0, 2183.0, 192.0, 1889.0, 193.0, 2121.0, 191.0) 
Voter 22: ID 425; Choice (1356.0, 2183.0, 433.0, 192.0, 1889.0, 1347.0) 
Voter 23: ID 89; Choice (1356.0, 433.0, 192.0, 1889.0, 193.0, 1347.0, 1905.0, 2092.0) 
Voter 24: ID 638; Choice (2141.0, 2183.0, 433.0, 192.0, 1889.0, 2092.0, 191.0) 
Voter 25: ID 293; Choice (2141.0, 433.0, 192.0, 1889.0, 193.0, 2121.0, 191.0) 
Voter 26: ID 563; Choice (1211.0, 192.0, 1889.0, 1347.0, 1905.0, 2092.0, 191.0) 
Voter 27: ID 542; Choice (1211.0, 1356.0, 2183.0, 193.0, 1905.0, 2092.0, 191.0) 
Voter 28: ID 522; Choice (1356.0, 2183.0, 433.0, 192.0, 1889.0, 1347.0) 
Voter 29: ID 384; Choice (2141.0, 1356.0, 433.0, 192.0, 1905.0, 2121.0, 191.0) 
Voter 30: ID 299; Choice (2141.0, 1356.0, 433.0, 192.0, 1889.0, 193.0, 2121.0) 
Voter 31: ID 155; Choice (2141.0, 2183.0, 433.0, 192.0, 1889.0, 193.0, 1347.0, 2092.0, 2121.0) 
Voter 32: ID 29; Choice (1211.0, 2141.0, 1356.0, 2183.0, 192.0, 193.0) 
Voter 33: ID 112; Choice (2141.0, 1356.0, 433.0, 192.0, 1905.0, 2121.0, 191.0) 
Voter 34: ID 252; Choice (2141.0, 2183.0, 433.0, 193.0, 1347.0, 1905.0, 2092.0, 2121.0) 
Voter 35: ID 231; Choice (1356.0, 2183.0, 192.0, 1889.0, 193.0, 1905.0, 2092.0, 191.0) 
Voter 36: ID 737; Choice (1211.0, 1356.0, 2183.0, 192.0, 193.0, 1347.0, 2092.0, 191.0) 
Voter 37: ID 705; Choice (1356.0, 433.0, 192.0, 1889.0, 193.0, 1347.0, 1905.0, 2092.0) 
Voter 38: ID 665; Choice (433.0, 192.0, 1889.0, 193.0, 1347.0, 2121.0, 191.0) 
Voter 39: ID 682; Choice (1211.0, 1356.0, 2183.0, 193.0, 1905.0, 2092.0, 191.0) 
Voter 40: ID 292; Choice (2141.0, 1356.0, 2183.0, 193.0, 2092.0, 2121.0, 191.0) 
Voter 41: ID 490; Choice (1356.0, 2183.0, 192.0, 1889.0, 193.0, 1905.0, 2092.0, 191.0, 1347.0) 
Voter 42: ID 165; Choice (2141.0, 1356.0, 2183.0, 433.0, 192.0, 2092.0, 2121.0) 
Voter 43: ID 512; Choice (1356.0, 2183.0, 192.0, 1889.0, 193.0, 1905.0, 2092.0, 191.0, 1347.0) 
Voter 44: ID 421; Choice (1211.0, 1356.0, 192.0, 1889.0, 1347.0, 191.0) 
Voter 45: ID 413; Choice (1356.0, 2183.0, 192.0, 1889.0, 193.0, 1905.0, 2092.0, 191.0) 
Voter 46: ID 482; Choice (1211.0, 2141.0, 1356.0, 2183.0, 192.0, 193.0) 
Voter 47: ID 707; Choice (1356.0, 433.0, 192.0, 1889.0, 193.0, 1347.0, 1905.0, 2092.0) 
Voter 48: ID 253; Choice (2141.0, 1356.0, 433.0, 193.0, 2092.0, 191.0) 
Voter 49: ID 11; Choice (2141.0, 1356.0, 433.0, 193.0, 2092.0, 191.0) 
Voter 50: ID 250; Choice (2141.0, 1356.0, 433.0, 192.0, 1905.0, 2121.0, 191.0) 
---------------------------------------------------------------------------
After Iteration 1 :
Voter 1: ID 340; Choice (2141.0, 2183.0, 192.0, 1347.0, 1905.0, 2092.0, 2121.0) 
Voter 2: ID 626; Choice (2141.0, 1356.0, 2183.0, 193.0, 2092.0, 2121.0, 191.0) 
Voter 3: ID 668; Choice (1356.0, 2183.0, 192.0, 1889.0, 193.0, 1905.0, 2092.0, 191.0, 1347.0) 
Voter 4: ID 197; Choice (1356.0, 2183.0, 433.0, 192.0, 1889.0, 1347.0) 
Voter 5: ID 334; Choice (2141.0, 2183.0, 433.0, 193.0, 1347.0, 1905.0, 2092.0, 2121.0) 
Voter 6: ID 91; Choice (1356.0, 2183.0, 192.0, 1889.0, 193.0, 1905.0, 2092.0, 191.0, 1347.0) 
Voter 7: ID 580; Choice (1356.0, 2183.0, 192.0, 1889.0, 193.0, 1905.0, 2092.0, 191.0, 1347.0) 
Voter 8: ID 44; Choice (1211.0, 1356.0, 2183.0, 192.0, 193.0, 1347.0, 2092.0, 191.0) 
Voter 9: ID 315; Choice (2141.0, 2183.0, 192.0, 1347.0, 1905.0, 2092.0, 2121.0) 
Voter 10: ID 161; Choice (1356.0, 2183.0, 192.0, 1889.0, 193.0, 1905.0, 2092.0, 191.0) 
Voter 11: ID 436; Choice (1211.0, 1356.0, 192.0, 1889.0, 1347.0, 191.0) 
Voter 12: ID 475; Choice (1356.0, 2183.0, 433.0, 192.0, 1889.0, 1347.0) 
Voter 13: ID 596; Choice (2141.0, 2183.0, 433.0, 192.0, 1889.0, 193.0, 1347.0, 2092.0, 2121.0) 
Voter 14: ID 647; Choice (1356.0, 2183.0, 433.0, 1889.0, 193.0, 2092.0, 2121.0, 191.0) 
Voter 15: ID 73; Choice (1356.0, 433.0, 192.0, 1889.0, 193.0, 1347.0, 1905.0, 2092.0) 
Voter 16: ID 206; Choice (2141.0, 1356.0, 433.0, 193.0, 2092.0, 191.0) 
Voter 17: ID 60; Choice (2141.0, 2183.0, 433.0, 193.0, 1347.0, 1905.0, 2092.0, 2121.0) 
Voter 18: ID 669; Choice (1356.0, 433.0, 192.0, 1889.0, 193.0, 1347.0, 1905.0, 2092.0) 
Voter 19: ID 333; Choice (2141.0, 1356.0, 433.0, 193.0, 2092.0, 191.0) 
Voter 20: ID 148; Choice (433.0, 192.0, 193.0, 1347.0, 2092.0, 2121.0, 191.0) 
Voter 21: ID 739; Choice (1211.0, 1356.0, 2183.0, 193.0, 1905.0, 2092.0, 191.0) 
Voter 22: ID 425; Choice (2141.0, 1356.0, 433.0, 192.0, 1889.0, 193.0, 2121.0) 
Voter 23: ID 89; Choice (2141.0, 1356.0, 2183.0, 192.0, 1889.0, 193.0, 2121.0, 191.0) 
Voter 24: ID 638; Choice (2141.0, 1356.0, 2183.0, 192.0, 1889.0, 193.0, 2121.0, 191.0) 
Voter 25: ID 293; Choice (1211.0, 192.0, 1889.0, 1347.0, 1905.0, 2092.0, 191.0) 
Voter 26: ID 563; Choice (1211.0, 192.0, 1889.0, 1347.0, 1905.0, 2092.0, 191.0) 
Voter 27: ID 542; Choice (1356.0, 2183.0, 192.0, 193.0, 1347.0, 1905.0, 2092.0, 2121.0, 191.0) 
Voter 28: ID 522; Choice (2141.0, 2183.0, 433.0, 192.0, 1889.0, 193.0, 1347.0, 2092.0, 2121.0) 
Voter 29: ID 384; Choice (1211.0, 192.0, 1889.0, 1347.0, 1905.0, 2092.0, 191.0) 
Voter 30: ID 299; Choice (2141.0, 1356.0, 433.0, 192.0, 1905.0, 2121.0, 191.0) 
Voter 31: ID 155; Choice (1211.0, 192.0, 1889.0, 1347.0, 1905.0, 2092.0, 191.0) 
Voter 32: ID 29; Choice (2141.0, 1356.0, 2183.0, 192.0, 193.0, 1347.0, 2092.0) 
Voter 33: ID 112; Choice (433.0, 192.0, 1889.0, 193.0, 1347.0, 2121.0, 191.0) 
Voter 34: ID 252; Choice (2141.0, 2183.0, 433.0, 192.0, 1889.0, 193.0, 1347.0, 2092.0, 2121.0) 
Voter 35: ID 231; Choice (2141.0, 1356.0, 2183.0, 193.0, 2092.0, 2121.0, 191.0) 
Voter 36: ID 737; Choice (2141.0, 1356.0, 433.0, 193.0, 2092.0, 191.0) 
Voter 37: ID 705; Choice (2141.0, 433.0, 192.0, 1889.0, 193.0, 2121.0, 191.0) 
Voter 38: ID 665; Choice (2141.0, 2183.0, 433.0, 192.0, 1889.0, 2092.0, 191.0) 
Voter 39: ID 682; Choice (1356.0, 2183.0, 192.0, 1889.0, 193.0, 1905.0, 2092.0, 191.0, 1347.0) 
Voter 40: ID 292; Choice (1356.0, 433.0, 192.0, 1889.0, 193.0, 1347.0, 1905.0, 2092.0) 
Voter 41: ID 490; Choice (1211.0, 1356.0, 2183.0, 192.0, 193.0, 1347.0, 2092.0, 191.0) 
Voter 42: ID 165; Choice (433.0, 192.0, 193.0, 1347.0, 2092.0, 2121.0, 191.0) 
Voter 43: ID 512; Choice (1211.0, 1356.0, 2183.0, 192.0, 193.0, 1347.0, 2092.0, 191.0) 
Voter 44: ID 421; Choice (2141.0, 1356.0, 2183.0, 193.0, 2092.0, 2121.0, 191.0) 
Voter 45: ID 413; Choice (1211.0, 1356.0, 2183.0, 193.0, 1905.0, 2092.0, 191.0) 
Voter 46: ID 482; Choice (433.0, 192.0, 193.0, 1347.0, 2092.0, 2121.0, 191.0) 
Voter 47: ID 707; Choice (433.0, 192.0, 193.0, 1347.0, 2092.0, 2121.0, 191.0) 
Voter 48: ID 253; Choice (2141.0, 1356.0, 2183.0, 192.0, 193.0, 1347.0, 2092.0) 
Voter 49: ID 11; Choice (433.0, 192.0, 1889.0, 193.0, 1347.0, 2121.0, 191.0) 
Voter 50: ID 250; Choice (1356.0, 2183.0, 192.0, 193.0, 1347.0, 1905.0, 2092.0, 2121.0, 191.0) 
---------------------------------------------------------------------------
---------------------------------------------------------------------------
{(1356.0, 2183.0, 192.0, 1889.0, 193.0, 1905.0, 2092.0, 191.0, 1347.0): 0.22364029753939524, (1356.0, 2183.0, 192.0, 1889.0, 193.0, 1905.0, 2092.0, 191.0): 0.2044263556646321, (1211.0, 2141.0, 1356.0, 2183.0, 192.0, 193.0): 0.06569192918175147, (2141.0, 2183.0, 433.0, 192.0, 1889.0, 193.0, 1347.0, 2092.0, 2121.0): 0.11108759174225871, (1356.0, 2183.0, 192.0, 193.0, 1347.0, 1905.0, 2092.0, 2121.0, 191.0): 0, (1211.0, 1356.0, 2183.0, 192.0, 193.0, 1347.0, 2092.0, 191.0): 0.1366952793911246, (2141.0, 1356.0, 2183.0, 192.0, 1889.0, 193.0, 2121.0, 191.0): 0.14837509391474024, (2141.0, 2183.0, 433.0, 193.0, 1347.0, 1905.0, 2092.0, 2121.0): 0, (1356.0, 2183.0, 433.0, 1889.0, 193.0, 2092.0, 2121.0, 191.0): 0, (1356.0, 433.0, 192.0, 1889.0, 193.0, 1347.0, 1905.0, 2092.0): 0, (1211.0, 1356.0, 2183.0, 193.0, 1905.0, 2092.0, 191.0): 0, (1211.0, 192.0, 1889.0, 1347.0, 1905.0, 2092.0, 191.0): 0.08650143643684001, (2141.0, 1356.0, 2183.0, 433.0, 192.0, 2092.0, 2121.0): 0.06960720722055139, (2141.0, 1356.0, 2183.0, 192.0, 193.0, 1347.0, 2092.0): 0.1539455802554944, (2141.0, 1356.0, 2183.0, 193.0, 2092.0, 2121.0, 191.0): 0.11938272767770515, (2141.0, 1356.0, 433.0, 192.0, 1889.0, 193.0, 2121.0): 0.06614145767195341, (2141.0, 1356.0, 433.0, 192.0, 1905.0, 2121.0, 191.0): 0.04443889857860095, (2141.0, 2183.0, 433.0, 192.0, 1889.0, 2092.0, 191.0): 0.10185587708224147, (2141.0, 2183.0, 192.0, 1347.0, 1905.0, 2092.0, 2121.0): 0.09422261876107006, (2141.0, 433.0, 192.0, 1889.0, 193.0, 2121.0, 191.0): 0, (433.0, 192.0, 1889.0, 193.0, 1347.0, 2121.0, 191.0): 0.07945566819826214, (433.0, 192.0, 193.0, 1347.0, 2092.0, 2121.0, 191.0): 0, (1211.0, 1356.0, 192.0, 1889.0, 1347.0, 191.0): 0, (2141.0, 1356.0, 433.0, 193.0, 2092.0, 191.0): 0, (1356.0, 2183.0, 433.0, 192.0, 1889.0, 1347.0): 0.11386911300424929}
After Iteration 2 :
Voter 1: ID 340; Choice (1356.0, 2183.0, 433.0, 1889.0, 193.0, 2092.0, 2121.0, 191.0) 
Voter 2: ID 626; Choice (2141.0, 1356.0, 2183.0, 192.0, 193.0, 1347.0, 2092.0) 
Voter 3: ID 668; Choice (1211.0, 1356.0, 2183.0, 193.0, 1905.0, 2092.0, 191.0) 
Voter 4: ID 197; Choice (1211.0, 1356.0, 2183.0, 192.0, 193.0, 1347.0, 2092.0, 191.0) 
Voter 5: ID 334; Choice (1356.0, 2183.0, 433.0, 1889.0, 193.0, 2092.0, 2121.0, 191.0) 
Voter 6: ID 91; Choice (2141.0, 1356.0, 433.0, 193.0, 2092.0, 191.0) 
Voter 7: ID 580; Choice (1356.0, 2183.0, 192.0, 193.0, 1347.0, 1905.0, 2092.0, 2121.0, 191.0) 
Voter 8: ID 44; Choice (1211.0, 2141.0, 1356.0, 2183.0, 192.0, 193.0) 
Voter 9: ID 315; Choice (2141.0, 2183.0, 192.0, 1347.0, 1905.0, 2092.0, 2121.0) 
Voter 10: ID 161; Choice (2141.0, 1356.0, 2183.0, 192.0, 193.0, 1347.0, 2092.0) 
Voter 11: ID 436; Choice (1211.0, 1356.0, 2183.0, 193.0, 1905.0, 2092.0, 191.0) 
Voter 12: ID 475; Choice (1356.0, 2183.0, 433.0, 1889.0, 193.0, 2092.0, 2121.0, 191.0) 
Voter 13: ID 596; Choice (1356.0, 433.0, 192.0, 1889.0, 193.0, 1347.0, 1905.0, 2092.0) 
Voter 14: ID 647; Choice (1356.0, 2183.0, 192.0, 1889.0, 193.0, 1905.0, 2092.0, 191.0, 1347.0) 
Voter 15: ID 73; Choice (2141.0, 2183.0, 433.0, 192.0, 1889.0, 2092.0, 191.0) 
Voter 16: ID 206; Choice (2141.0, 2183.0, 192.0, 1347.0, 1905.0, 2092.0, 2121.0) 
Voter 17: ID 60; Choice (1356.0, 2183.0, 192.0, 1889.0, 193.0, 1905.0, 2092.0, 191.0) 
Voter 18: ID 669; Choice (2141.0, 1356.0, 2183.0, 192.0, 1889.0, 193.0, 2121.0, 191.0) 
Voter 19: ID 333; Choice (1356.0, 2183.0, 192.0, 193.0, 1347.0, 1905.0, 2092.0, 2121.0, 191.0) 
Voter 20: ID 148; Choice (1356.0, 2183.0, 192.0, 1889.0, 193.0, 1905.0, 2092.0, 191.0) 
Voter 21: ID 739; Choice (433.0, 192.0, 193.0, 1347.0, 2092.0, 2121.0, 191.0) 
Voter 22: ID 425; Choice (1356.0, 2183.0, 433.0, 1889.0, 193.0, 2092.0, 2121.0, 191.0) 
Voter 23: ID 89; Choice (1211.0, 2141.0, 1356.0, 2183.0, 192.0, 193.0) 
Voter 24: ID 638; Choice (2141.0, 1356.0, 433.0, 192.0, 1889.0, 193.0, 2121.0) 
Voter 25: ID 293; Choice (2141.0, 1356.0, 2183.0, 193.0, 2092.0, 2121.0, 191.0) 
Voter 26: ID 563; Choice (2141.0, 1356.0, 2183.0, 433.0, 192.0, 2092.0, 2121.0) 
Voter 27: ID 542; Choice (1356.0, 2183.0, 433.0, 1889.0, 193.0, 2092.0, 2121.0, 191.0) 
Voter 28: ID 522; Choice (2141.0, 1356.0, 2183.0, 192.0, 193.0, 1347.0, 2092.0) 
Voter 29: ID 384; Choice (1356.0, 2183.0, 433.0, 192.0, 1889.0, 1347.0) 
Voter 30: ID 299; Choice (2141.0, 1356.0, 433.0, 192.0, 1889.0, 193.0, 2121.0) 
Voter 31: ID 155; Choice (2141.0, 2183.0, 433.0, 192.0, 1889.0, 193.0, 1347.0, 2092.0, 2121.0) 
Voter 32: ID 29; Choice (2141.0, 1356.0, 2183.0, 192.0, 193.0, 1347.0, 2092.0) 
Voter 33: ID 112; Choice (2141.0, 2183.0, 433.0, 193.0, 1347.0, 1905.0, 2092.0, 2121.0) 
Voter 34: ID 252; Choice (2141.0, 1356.0, 2183.0, 433.0, 192.0, 2092.0, 2121.0) 
Voter 35: ID 231; Choice (1211.0, 2141.0, 1356.0, 2183.0, 192.0, 193.0) 
Voter 36: ID 737; Choice (433.0, 192.0, 1889.0, 193.0, 1347.0, 2121.0, 191.0) 
Voter 37: ID 705; Choice (433.0, 192.0, 193.0, 1347.0, 2092.0, 2121.0, 191.0) 
Voter 38: ID 665; Choice (2141.0, 2183.0, 192.0, 1347.0, 1905.0, 2092.0, 2121.0) 
Voter 39: ID 682; Choice (1356.0, 2183.0, 192.0, 193.0, 1347.0, 1905.0, 2092.0, 2121.0, 191.0) 
Voter 40: ID 292; Choice (1211.0, 2141.0, 1356.0, 2183.0, 192.0, 193.0) 
Voter 41: ID 490; Choice (1356.0, 2183.0, 433.0, 1889.0, 193.0, 2092.0, 2121.0, 191.0) 
Voter 42: ID 165; Choice (1356.0, 433.0, 192.0, 1889.0, 193.0, 1347.0, 1905.0, 2092.0) 
Voter 43: ID 512; Choice (1356.0, 2183.0, 433.0, 1889.0, 193.0, 2092.0, 2121.0, 191.0) 
Voter 44: ID 421; Choice (2141.0, 1356.0, 2183.0, 433.0, 192.0, 2092.0, 2121.0) 
Voter 45: ID 413; Choice (1356.0, 433.0, 192.0, 1889.0, 193.0, 1347.0, 1905.0, 2092.0) 
Voter 46: ID 482; Choice (2141.0, 1356.0, 433.0, 192.0, 1905.0, 2121.0, 191.0) 
Voter 47: ID 707; Choice (2141.0, 1356.0, 2183.0, 192.0, 1889.0, 193.0, 2121.0, 191.0) 
Voter 48: ID 253; Choice (2141.0, 433.0, 192.0, 1889.0, 193.0, 2121.0, 191.0) 
Voter 49: ID 11; Choice (2141.0, 1356.0, 433.0, 192.0, 1889.0, 193.0, 2121.0) 
Voter 50: ID 250; Choice (433.0, 192.0, 193.0, 1347.0, 2092.0, 2121.0, 191.0) 
---------------------------------------------------------------------------
After Iteration 3 :
Voter 1: ID 340; Choice (1211.0, 2141.0, 1356.0, 2183.0, 192.0, 193.0) 
Voter 2: ID 626; Choice (2141.0, 2183.0, 433.0, 192.0, 1889.0, 2092.0, 191.0) 
Voter 3: ID 668; Choice (1356.0, 433.0, 192.0, 1889.0, 193.0, 1347.0, 1905.0, 2092.0) 
Voter 4: ID 197; Choice (1211.0, 1356.0, 2183.0, 192.0, 193.0, 1347.0, 2092.0, 191.0) 
Voter 5: ID 334; Choice (1356.0, 2183.0, 192.0, 193.0, 1347.0, 1905.0, 2092.0, 2121.0, 191.0) 
Voter 6: ID 91; Choice (1356.0, 2183.0, 192.0, 1889.0, 193.0, 1905.0, 2092.0, 191.0, 1347.0) 
Voter 7: ID 580; Choice (1211.0, 1356.0, 2183.0, 193.0, 1905.0, 2092.0, 191.0) 
Voter 8: ID 44; Choice (1211.0, 1356.0, 2183.0, 193.0, 1905.0, 2092.0, 191.0) 
Voter 9: ID 315; Choice (2141.0, 1356.0, 2183.0, 433.0, 192.0, 2092.0, 2121.0) 
Voter 10: ID 161; Choice (1356.0, 2183.0, 192.0, 193.0, 1347.0, 1905.0, 2092.0, 2121.0, 191.0) 
Voter 11: ID 436; Choice (2141.0, 1356.0, 433.0, 192.0, 1889.0, 193.0, 2121.0) 
Voter 12: ID 475; Choice (1356.0, 2183.0, 192.0, 1889.0, 193.0, 1905.0, 2092.0, 191.0) 
Voter 13: ID 596; Choice (1356.0, 2183.0, 192.0, 193.0, 1347.0, 1905.0, 2092.0, 2121.0, 191.0) 
Voter 14: ID 647; Choice (2141.0, 1356.0, 433.0, 192.0, 1889.0, 193.0, 2121.0) 
Voter 15: ID 73; Choice (2141.0, 1356.0, 2183.0, 192.0, 193.0, 1347.0, 2092.0) 
Voter 16: ID 206; Choice (1211.0, 1356.0, 2183.0, 193.0, 1905.0, 2092.0, 191.0) 
Voter 17: ID 60; Choice (1211.0, 2141.0, 1356.0, 2183.0, 192.0, 193.0) 
Voter 18: ID 669; Choice (2141.0, 1356.0, 433.0, 193.0, 2092.0, 191.0) 
Voter 19: ID 333; Choice (1211.0, 2141.0, 1356.0, 2183.0, 192.0, 193.0) 
Voter 20: ID 148; Choice (1356.0, 433.0, 192.0, 1889.0, 193.0, 1347.0, 1905.0, 2092.0) 
Voter 21: ID 739; Choice (2141.0, 1356.0, 2183.0, 192.0, 193.0, 1347.0, 2092.0) 
Voter 22: ID 425; Choice (2141.0, 2183.0, 433.0, 192.0, 1889.0, 2092.0, 191.0) 
Voter 23: ID 89; Choice (2141.0, 2183.0, 433.0, 192.0, 1889.0, 193.0, 1347.0, 2092.0, 2121.0) 
Voter 24: ID 638; Choice (1211.0, 1356.0, 2183.0, 192.0, 193.0, 1347.0, 2092.0, 191.0) 
Voter 25: ID 293; Choice (1356.0, 2183.0, 192.0, 1889.0, 193.0, 1905.0, 2092.0, 191.0, 1347.0) 
Voter 26: ID 563; Choice (2141.0, 1356.0, 433.0, 193.0, 2092.0, 191.0) 
Voter 27: ID 542; Choice (2141.0, 2183.0, 433.0, 193.0, 1347.0, 1905.0, 2092.0, 2121.0) 
Voter 28: ID 522; Choice (1211.0, 192.0, 1889.0, 1347.0, 1905.0, 2092.0, 191.0) 
Voter 29: ID 384; Choice (1211.0, 1356.0, 192.0, 1889.0, 1347.0, 191.0) 
Voter 30: ID 299; Choice (2141.0, 1356.0, 2183.0, 433.0, 192.0, 2092.0, 2121.0) 
Voter 31: ID 155; Choice (2141.0, 1356.0, 433.0, 192.0, 1889.0, 193.0, 2121.0) 
Voter 32: ID 29; Choice (1356.0, 2183.0, 192.0, 1889.0, 193.0, 1905.0, 2092.0, 191.0) 
Voter 33: ID 112; Choice (433.0, 192.0, 1889.0, 193.0, 1347.0, 2121.0, 191.0) 
Voter 34: ID 252; Choice (2141.0, 2183.0, 192.0, 1347.0, 1905.0, 2092.0, 2121.0) 
Voter 35: ID 231; Choice (1356.0, 2183.0, 192.0, 1889.0, 193.0, 1905.0, 2092.0, 191.0) 
Voter 36: ID 737; Choice (1211.0, 1356.0, 192.0, 1889.0, 1347.0, 191.0) 
Voter 37: ID 705; Choice (1356.0, 433.0, 192.0, 1889.0, 193.0, 1347.0, 1905.0, 2092.0) 
Voter 38: ID 665; Choice (1211.0, 1356.0, 192.0, 1889.0, 1347.0, 191.0) 
Voter 39: ID 682; Choice (1211.0, 2141.0, 1356.0, 2183.0, 192.0, 193.0) 
Voter 40: ID 292; Choice (2141.0, 1356.0, 2183.0, 192.0, 193.0, 1347.0, 2092.0) 
Voter 41: ID 490; Choice (2141.0, 2183.0, 192.0, 1347.0, 1905.0, 2092.0, 2121.0) 
Voter 42: ID 165; Choice (1356.0, 2183.0, 433.0, 1889.0, 193.0, 2092.0, 2121.0, 191.0) 
Voter 43: ID 512; Choice (2141.0, 1356.0, 2183.0, 192.0, 193.0, 1347.0, 2092.0) 
Voter 44: ID 421; Choice (1356.0, 2183.0, 192.0, 193.0, 1347.0, 1905.0, 2092.0, 2121.0, 191.0) 
Voter 45: ID 413; Choice (2141.0, 2183.0, 433.0, 193.0, 1347.0, 1905.0, 2092.0, 2121.0) 
Voter 46: ID 482; Choice (2141.0, 2183.0, 192.0, 1347.0, 1905.0, 2092.0, 2121.0) 
Voter 47: ID 707; Choice (2141.0, 1356.0, 433.0, 192.0, 1889.0, 193.0, 2121.0) 
Voter 48: ID 253; Choice (433.0, 192.0, 193.0, 1347.0, 2092.0, 2121.0, 191.0) 
Voter 49: ID 11; Choice (1356.0, 433.0, 192.0, 1889.0, 193.0, 1347.0, 1905.0, 2092.0) 
Voter 50: ID 250; Choice (1356.0, 2183.0, 192.0, 193.0, 1347.0, 1905.0, 2092.0, 2121.0, 191.0) 
---------------------------------------------------------------------------
After Iteration 4 :
Voter 1: ID 340; Choice (1356.0, 2183.0, 192.0, 1889.0, 193.0, 1905.0, 2092.0, 191.0) 
Voter 2: ID 626; Choice (2141.0, 1356.0, 2183.0, 192.0, 193.0, 1347.0, 2092.0) 
Voter 3: ID 668; Choice (1356.0, 2183.0, 192.0, 1889.0, 193.0, 1905.0, 2092.0, 191.0) 
Voter 4: ID 197; Choice (1356.0, 2183.0, 192.0, 1889.0, 193.0, 1905.0, 2092.0, 191.0) 
Voter 5: ID 334; Choice (1356.0, 2183.0, 192.0, 1889.0, 193.0, 1905.0, 2092.0, 191.0) 
Voter 6: ID 91; Choice (1356.0, 2183.0, 192.0, 1889.0, 193.0, 1905.0, 2092.0, 191.0) 
Voter 7: ID 580; Choice (1356.0, 2183.0, 192.0, 1889.0, 193.0, 1905.0, 2092.0, 191.0) 
Voter 8: ID 44; Choice (1356.0, 2183.0, 192.0, 1889.0, 193.0, 1905.0, 2092.0, 191.0) 
Voter 9: ID 315; Choice (1356.0, 2183.0, 192.0, 1889.0, 193.0, 1905.0, 2092.0, 191.0) 
Voter 10: ID 161; Choice (1356.0, 2183.0, 192.0, 1889.0, 193.0, 1905.0, 2092.0, 191.0) 
Voter 11: ID 436; Choice (1356.0, 2183.0, 192.0, 1889.0, 193.0, 1905.0, 2092.0, 191.0) 
Voter 12: ID 475; Choice (1356.0, 2183.0, 192.0, 1889.0, 193.0, 1905.0, 2092.0, 191.0) 
Voter 13: ID 596; Choice (1356.0, 2183.0, 192.0, 1889.0, 193.0, 1905.0, 2092.0, 191.0) 
Voter 14: ID 647; Choice (1356.0, 2183.0, 192.0, 1889.0, 193.0, 1905.0, 2092.0, 191.0, 1347.0) 
Voter 15: ID 73; Choice (1356.0, 2183.0, 192.0, 1889.0, 193.0, 1905.0, 2092.0, 191.0) 
Voter 16: ID 206; Choice (1356.0, 2183.0, 192.0, 1889.0, 193.0, 1905.0, 2092.0, 191.0) 
Voter 17: ID 60; Choice (1356.0, 2183.0, 192.0, 1889.0, 193.0, 1905.0, 2092.0, 191.0) 
Voter 18: ID 669; Choice (1356.0, 2183.0, 192.0, 1889.0, 193.0, 1905.0, 2092.0, 191.0) 
Voter 19: ID 333; Choice (1356.0, 2183.0, 192.0, 1889.0, 193.0, 1905.0, 2092.0, 191.0, 1347.0) 
Voter 20: ID 148; Choice (1356.0, 2183.0, 192.0, 1889.0, 193.0, 1905.0, 2092.0, 191.0) 
Voter 21: ID 739; Choice (1356.0, 2183.0, 192.0, 1889.0, 193.0, 1905.0, 2092.0, 191.0) 
Voter 22: ID 425; Choice (1356.0, 2183.0, 192.0, 1889.0, 193.0, 1905.0, 2092.0, 191.0) 
Voter 23: ID 89; Choice (1356.0, 2183.0, 192.0, 1889.0, 193.0, 1905.0, 2092.0, 191.0) 
Voter 24: ID 638; Choice (1356.0, 2183.0, 192.0, 1889.0, 193.0, 1905.0, 2092.0, 191.0) 
Voter 25: ID 293; Choice (1356.0, 2183.0, 192.0, 1889.0, 193.0, 1905.0, 2092.0, 191.0) 
Voter 26: ID 563; Choice (1356.0, 2183.0, 192.0, 1889.0, 193.0, 1905.0, 2092.0, 191.0) 
Voter 27: ID 542; Choice (1356.0, 2183.0, 192.0, 1889.0, 193.0, 1905.0, 2092.0, 191.0) 
Voter 28: ID 522; Choice (1356.0, 2183.0, 192.0, 1889.0, 193.0, 1905.0, 2092.0, 191.0) 
Voter 29: ID 384; Choice (1356.0, 2183.0, 192.0, 1889.0, 193.0, 1905.0, 2092.0, 191.0) 
Voter 30: ID 299; Choice (1356.0, 2183.0, 192.0, 1889.0, 193.0, 1905.0, 2092.0, 191.0) 
Voter 31: ID 155; Choice (1356.0, 2183.0, 192.0, 1889.0, 193.0, 1905.0, 2092.0, 191.0, 1347.0) 
Voter 32: ID 29; Choice (1356.0, 2183.0, 192.0, 1889.0, 193.0, 1905.0, 2092.0, 191.0) 
Voter 33: ID 112; Choice (1356.0, 2183.0, 192.0, 1889.0, 193.0, 1905.0, 2092.0, 191.0) 
Voter 34: ID 252; Choice (1356.0, 2183.0, 192.0, 1889.0, 193.0, 1905.0, 2092.0, 191.0) 
Voter 35: ID 231; Choice (1356.0, 2183.0, 192.0, 1889.0, 193.0, 1905.0, 2092.0, 191.0) 
Voter 36: ID 737; Choice (1356.0, 2183.0, 192.0, 1889.0, 193.0, 1905.0, 2092.0, 191.0) 
Voter 37: ID 705; Choice (1356.0, 2183.0, 192.0, 1889.0, 193.0, 1905.0, 2092.0, 191.0, 1347.0) 
Voter 38: ID 665; Choice (1356.0, 2183.0, 192.0, 1889.0, 193.0, 1905.0, 2092.0, 191.0) 
Voter 39: ID 682; Choice (1356.0, 2183.0, 192.0, 1889.0, 193.0, 1905.0, 2092.0, 191.0) 
Voter 40: ID 292; Choice (1356.0, 2183.0, 192.0, 1889.0, 193.0, 1905.0, 2092.0, 191.0) 
Voter 41: ID 490; Choice (1356.0, 2183.0, 192.0, 1889.0, 193.0, 1905.0, 2092.0, 191.0) 
Voter 42: ID 165; Choice (1356.0, 2183.0, 192.0, 1889.0, 193.0, 1905.0, 2092.0, 191.0) 
Voter 43: ID 512; Choice (1356.0, 2183.0, 192.0, 1889.0, 193.0, 1905.0, 2092.0, 191.0) 
Voter 44: ID 421; Choice (1356.0, 2183.0, 192.0, 1889.0, 193.0, 1905.0, 2092.0, 191.0) 
Voter 45: ID 413; Choice (1356.0, 2183.0, 192.0, 1889.0, 193.0, 1905.0, 2092.0, 191.0) 
Voter 46: ID 482; Choice (1356.0, 2183.0, 192.0, 1889.0, 193.0, 1905.0, 2092.0, 191.0, 1347.0) 
Voter 47: ID 707; Choice (1356.0, 2183.0, 192.0, 1889.0, 193.0, 1905.0, 2092.0, 191.0) 
Voter 48: ID 253; Choice (1356.0, 2183.0, 192.0, 1889.0, 193.0, 1905.0, 2092.0, 191.0) 
Voter 49: ID 11; Choice (1356.0, 2183.0, 192.0, 1889.0, 193.0, 1905.0, 2092.0, 191.0, 1347.0) 
Voter 50: ID 250; Choice (1356.0, 2183.0, 192.0, 1889.0, 193.0, 1905.0, 2092.0, 191.0) 
---------------------------------------------------------------------------
After Iteration 5 :
Voter 1: ID 340; Choice (1356.0, 2183.0, 192.0, 1889.0, 193.0, 1905.0, 2092.0, 191.0, 1347.0) 
Voter 2: ID 626; Choice (1356.0, 2183.0, 192.0, 1889.0, 193.0, 1905.0, 2092.0, 191.0) 
Voter 3: ID 668; Choice (1356.0, 433.0, 192.0, 1889.0, 193.0, 1347.0, 1905.0, 2092.0) 
Voter 4: ID 197; Choice (1356.0, 2183.0, 192.0, 1889.0, 193.0, 1905.0, 2092.0, 191.0) 
Voter 5: ID 334; Choice (2141.0, 1356.0, 2183.0, 192.0, 193.0, 1347.0, 2092.0) 
Voter 6: ID 91; Choice (1356.0, 2183.0, 192.0, 1889.0, 193.0, 1905.0, 2092.0, 191.0) 
Voter 7: ID 580; Choice (1356.0, 2183.0, 192.0, 1889.0, 193.0, 1905.0, 2092.0, 191.0, 1347.0) 
Voter 8: ID 44; Choice (1356.0, 2183.0, 192.0, 1889.0, 193.0, 1905.0, 2092.0, 191.0) 
Voter 9: ID 315; Choice (1356.0, 2183.0, 192.0, 1889.0, 193.0, 1905.0, 2092.0, 191.0) 
Voter 10: ID 161; Choice (2141.0, 1356.0, 2183.0, 192.0, 193.0, 1347.0, 2092.0) 
Voter 11: ID 436; Choice (1356.0, 2183.0, 192.0, 1889.0, 193.0, 1905.0, 2092.0, 191.0) 
Voter 12: ID 475; Choice (1356.0, 2183.0, 192.0, 1889.0, 193.0, 1905.0, 2092.0, 191.0) 
Voter 13: ID 596; Choice (1356.0, 2183.0, 192.0, 193.0, 1347.0, 1905.0, 2092.0, 2121.0, 191.0) 
Voter 14: ID 647; Choice (1356.0, 2183.0, 192.0, 1889.0, 193.0, 1905.0, 2092.0, 191.0, 1347.0) 
Voter 15: ID 73; Choice (1356.0, 2183.0, 192.0, 1889.0, 193.0, 1905.0, 2092.0, 191.0) 
Voter 16: ID 206; Choice (1356.0, 2183.0, 192.0, 1889.0, 193.0, 1905.0, 2092.0, 191.0) 
Voter 17: ID 60; Choice (1356.0, 2183.0, 192.0, 1889.0, 193.0, 1905.0, 2092.0, 191.0) 
Voter 18: ID 669; Choice (1356.0, 2183.0, 192.0, 1889.0, 193.0, 1905.0, 2092.0, 191.0) 
Voter 19: ID 333; Choice (1356.0, 2183.0, 192.0, 1889.0, 193.0, 1905.0, 2092.0, 191.0, 1347.0) 
Voter 20: ID 148; Choice (1356.0, 433.0, 192.0, 1889.0, 193.0, 1347.0, 1905.0, 2092.0) 
Voter 21: ID 739; Choice (1356.0, 2183.0, 192.0, 1889.0, 193.0, 1905.0, 2092.0, 191.0) 
Voter 22: ID 425; Choice (2141.0, 1356.0, 2183.0, 192.0, 193.0, 1347.0, 2092.0) 
Voter 23: ID 89; Choice (1356.0, 2183.0, 192.0, 1889.0, 193.0, 1905.0, 2092.0, 191.0) 
Voter 24: ID 638; Choice (1356.0, 2183.0, 192.0, 1889.0, 193.0, 1905.0, 2092.0, 191.0) 
Voter 25: ID 293; Choice (1356.0, 2183.0, 192.0, 1889.0, 193.0, 1905.0, 2092.0, 191.0) 
Voter 26: ID 563; Choice (1356.0, 2183.0, 192.0, 1889.0, 193.0, 1905.0, 2092.0, 191.0) 
Voter 27: ID 542; Choice (1356.0, 2183.0, 192.0, 1889.0, 193.0, 1905.0, 2092.0, 191.0) 
Voter 28: ID 522; Choice (1356.0, 2183.0, 192.0, 1889.0, 193.0, 1905.0, 2092.0, 191.0) 
Voter 29: ID 384; Choice (1356.0, 2183.0, 192.0, 1889.0, 193.0, 1905.0, 2092.0, 191.0) 
Voter 30: ID 299; Choice (1356.0, 2183.0, 192.0, 1889.0, 193.0, 1905.0, 2092.0, 191.0, 1347.0) 
Voter 31: ID 155; Choice (1356.0, 2183.0, 192.0, 1889.0, 193.0, 1905.0, 2092.0, 191.0) 
Voter 32: ID 29; Choice (1356.0, 2183.0, 192.0, 1889.0, 193.0, 1905.0, 2092.0, 191.0) 
Voter 33: ID 112; Choice (1356.0, 2183.0, 192.0, 1889.0, 193.0, 1905.0, 2092.0, 191.0) 
Voter 34: ID 252; Choice (1356.0, 2183.0, 192.0, 1889.0, 193.0, 1905.0, 2092.0, 191.0) 
Voter 35: ID 231; Choice (1356.0, 2183.0, 192.0, 1889.0, 193.0, 1905.0, 2092.0, 191.0) 
Voter 36: ID 737; Choice (1356.0, 2183.0, 192.0, 1889.0, 193.0, 1905.0, 2092.0, 191.0) 
Voter 37: ID 705; Choice (1356.0, 2183.0, 192.0, 1889.0, 193.0, 1905.0, 2092.0, 191.0) 
Voter 38: ID 665; Choice (1356.0, 2183.0, 192.0, 1889.0, 193.0, 1905.0, 2092.0, 191.0, 1347.0) 
Voter 39: ID 682; Choice (1356.0, 2183.0, 192.0, 1889.0, 193.0, 1905.0, 2092.0, 191.0) 
Voter 40: ID 292; Choice (1356.0, 2183.0, 192.0, 1889.0, 193.0, 1905.0, 2092.0, 191.0) 
Voter 41: ID 490; Choice (1356.0, 2183.0, 192.0, 1889.0, 193.0, 1905.0, 2092.0, 191.0) 
Voter 42: ID 165; Choice (1356.0, 2183.0, 192.0, 1889.0, 193.0, 1905.0, 2092.0, 191.0) 
Voter 43: ID 512; Choice (1356.0, 2183.0, 192.0, 1889.0, 193.0, 1905.0, 2092.0, 191.0) 
Voter 44: ID 421; Choice (1356.0, 2183.0, 192.0, 1889.0, 193.0, 1905.0, 2092.0, 191.0) 
Voter 45: ID 413; Choice (1356.0, 2183.0, 192.0, 1889.0, 193.0, 1905.0, 2092.0, 191.0) 
Voter 46: ID 482; Choice (1356.0, 2183.0, 192.0, 1889.0, 193.0, 1905.0, 2092.0, 191.0) 
Voter 47: ID 707; Choice (1356.0, 2183.0, 192.0, 1889.0, 193.0, 1905.0, 2092.0, 191.0) 
Voter 48: ID 253; Choice (1356.0, 2183.0, 192.0, 1889.0, 193.0, 1905.0, 2092.0, 191.0) 
Voter 49: ID 11; Choice (1356.0, 433.0, 192.0, 1889.0, 193.0, 1347.0, 1905.0, 2092.0) 
Voter 50: ID 250; Choice (1356.0, 2183.0, 192.0, 1889.0, 193.0, 1905.0, 2092.0, 191.0) 
---------------------------------------------------------------------------
After Iteration 6 :
Voter 1: ID 340; Choice (1356.0, 2183.0, 192.0, 1889.0, 193.0, 1905.0, 2092.0, 191.0, 1347.0) 
Voter 2: ID 626; Choice (1356.0, 2183.0, 192.0, 1889.0, 193.0, 1905.0, 2092.0, 191.0) 
Voter 3: ID 668; Choice (1356.0, 2183.0, 192.0, 1889.0, 193.0, 1905.0, 2092.0, 191.0) 
Voter 4: ID 197; Choice (1356.0, 2183.0, 192.0, 1889.0, 193.0, 1905.0, 2092.0, 191.0) 
Voter 5: ID 334; Choice (1356.0, 2183.0, 192.0, 1889.0, 193.0, 1905.0, 2092.0, 191.0) 
Voter 6: ID 91; Choice (1356.0, 2183.0, 192.0, 1889.0, 193.0, 1905.0, 2092.0, 191.0) 
Voter 7: ID 580; Choice (1356.0, 2183.0, 192.0, 1889.0, 193.0, 1905.0, 2092.0, 191.0) 
Voter 8: ID 44; Choice (1356.0, 2183.0, 192.0, 1889.0, 193.0, 1905.0, 2092.0, 191.0) 
Voter 9: ID 315; Choice (1356.0, 2183.0, 192.0, 1889.0, 193.0, 1905.0, 2092.0, 191.0) 
Voter 10: ID 161; Choice (1356.0, 2183.0, 192.0, 1889.0, 193.0, 1905.0, 2092.0, 191.0) 
Voter 11: ID 436; Choice (1356.0, 2183.0, 192.0, 1889.0, 193.0, 1905.0, 2092.0, 191.0) 
Voter 12: ID 475; Choice (1356.0, 2183.0, 192.0, 1889.0, 193.0, 1905.0, 2092.0, 191.0) 
Voter 13: ID 596; Choice (1356.0, 2183.0, 192.0, 1889.0, 193.0, 1905.0, 2092.0, 191.0, 1347.0) 
Voter 14: ID 647; Choice (2141.0, 1356.0, 2183.0, 433.0, 192.0, 2092.0, 2121.0) 
Voter 15: ID 73; Choice (1356.0, 2183.0, 192.0, 1889.0, 193.0, 1905.0, 2092.0, 191.0) 
Voter 16: ID 206; Choice (1356.0, 2183.0, 192.0, 1889.0, 193.0, 1905.0, 2092.0, 191.0) 
Voter 17: ID 60; Choice (1356.0, 2183.0, 192.0, 1889.0, 193.0, 1905.0, 2092.0, 191.0) 
Voter 18: ID 669; Choice (1356.0, 2183.0, 192.0, 1889.0, 193.0, 1905.0, 2092.0, 191.0) 
Voter 19: ID 333; Choice (1356.0, 2183.0, 192.0, 1889.0, 193.0, 1905.0, 2092.0, 191.0, 1347.0) 
Voter 20: ID 148; Choice (1356.0, 2183.0, 192.0, 1889.0, 193.0, 1905.0, 2092.0, 191.0) 
Voter 21: ID 739; Choice (1356.0, 2183.0, 192.0, 1889.0, 193.0, 1905.0, 2092.0, 191.0) 
Voter 22: ID 425; Choice (1356.0, 2183.0, 192.0, 1889.0, 193.0, 1905.0, 2092.0, 191.0, 1347.0) 
Voter 23: ID 89; Choice (1356.0, 2183.0, 192.0, 1889.0, 193.0, 1905.0, 2092.0, 191.0) 
Voter 24: ID 638; Choice (1356.0, 2183.0, 192.0, 1889.0, 193.0, 1905.0, 2092.0, 191.0) 
Voter 25: ID 293; Choice (1356.0, 2183.0, 192.0, 1889.0, 193.0, 1905.0, 2092.0, 191.0) 
Voter 26: ID 563; Choice (1356.0, 2183.0, 192.0, 1889.0, 193.0, 1905.0, 2092.0, 191.0, 1347.0) 
Voter 27: ID 542; Choice (1356.0, 2183.0, 192.0, 1889.0, 193.0, 1905.0, 2092.0, 191.0) 
Voter 28: ID 522; Choice (1356.0, 2183.0, 192.0, 1889.0, 193.0, 1905.0, 2092.0, 191.0) 
Voter 29: ID 384; Choice (1356.0, 2183.0, 192.0, 1889.0, 193.0, 1905.0, 2092.0, 191.0) 
Voter 30: ID 299; Choice (1356.0, 2183.0, 192.0, 1889.0, 193.0, 1905.0, 2092.0, 191.0) 
Voter 31: ID 155; Choice (1356.0, 2183.0, 192.0, 1889.0, 193.0, 1905.0, 2092.0, 191.0, 1347.0) 
Voter 32: ID 29; Choice (1356.0, 2183.0, 192.0, 1889.0, 193.0, 1905.0, 2092.0, 191.0) 
Voter 33: ID 112; Choice (1356.0, 2183.0, 192.0, 1889.0, 193.0, 1905.0, 2092.0, 191.0) 
Voter 34: ID 252; Choice (1356.0, 2183.0, 192.0, 1889.0, 193.0, 1905.0, 2092.0, 191.0) 
Voter 35: ID 231; Choice (1356.0, 2183.0, 192.0, 1889.0, 193.0, 1905.0, 2092.0, 191.0) 
Voter 36: ID 737; Choice (1356.0, 2183.0, 192.0, 1889.0, 193.0, 1905.0, 2092.0, 191.0) 
Voter 37: ID 705; Choice (1356.0, 2183.0, 192.0, 1889.0, 193.0, 1905.0, 2092.0, 191.0, 1347.0) 
Voter 38: ID 665; Choice (1356.0, 2183.0, 192.0, 1889.0, 193.0, 1905.0, 2092.0, 191.0, 1347.0) 
Voter 39: ID 682; Choice (1356.0, 2183.0, 192.0, 1889.0, 193.0, 1905.0, 2092.0, 191.0) 
Voter 40: ID 292; Choice (1356.0, 2183.0, 192.0, 1889.0, 193.0, 1905.0, 2092.0, 191.0) 
Voter 41: ID 490; Choice (1356.0, 2183.0, 192.0, 1889.0, 193.0, 1905.0, 2092.0, 191.0) 
Voter 42: ID 165; Choice (1356.0, 2183.0, 192.0, 1889.0, 193.0, 1905.0, 2092.0, 191.0) 
Voter 43: ID 512; Choice (1356.0, 2183.0, 192.0, 1889.0, 193.0, 1905.0, 2092.0, 191.0) 
Voter 44: ID 421; Choice (1356.0, 2183.0, 192.0, 1889.0, 193.0, 1905.0, 2092.0, 191.0) 
Voter 45: ID 413; Choice (1356.0, 2183.0, 192.0, 1889.0, 193.0, 1905.0, 2092.0, 191.0) 
Voter 46: ID 482; Choice (1356.0, 2183.0, 192.0, 1889.0, 193.0, 1905.0, 2092.0, 191.0, 1347.0) 
Voter 47: ID 707; Choice (1356.0, 2183.0, 192.0, 1889.0, 193.0, 1905.0, 2092.0, 191.0) 
Voter 48: ID 253; Choice (1356.0, 2183.0, 192.0, 1889.0, 193.0, 1905.0, 2092.0, 191.0) 
Voter 49: ID 11; Choice (1356.0, 2183.0, 192.0, 1889.0, 193.0, 1905.0, 2092.0, 191.0, 1347.0) 
Voter 50: ID 250; Choice (1356.0, 2183.0, 192.0, 1889.0, 193.0, 1905.0, 2092.0, 191.0) 
---------------------------------------------------------------------------
After Iteration 7 :
Voter 1: ID 340; Choice (1356.0, 2183.0, 192.0, 1889.0, 193.0, 1905.0, 2092.0, 191.0) 
Voter 2: ID 626; Choice (1356.0, 2183.0, 192.0, 1889.0, 193.0, 1905.0, 2092.0, 191.0) 
Voter 3: ID 668; Choice (1356.0, 2183.0, 192.0, 1889.0, 193.0, 1905.0, 2092.0, 191.0) 
Voter 4: ID 197; Choice (1356.0, 2183.0, 192.0, 1889.0, 193.0, 1905.0, 2092.0, 191.0) 
Voter 5: ID 334; Choice (1356.0, 2183.0, 192.0, 1889.0, 193.0, 1905.0, 2092.0, 191.0) 
Voter 6: ID 91; Choice (1356.0, 2183.0, 192.0, 1889.0, 193.0, 1905.0, 2092.0, 191.0) 
Voter 7: ID 580; Choice (1356.0, 2183.0, 192.0, 1889.0, 193.0, 1905.0, 2092.0, 191.0) 
Voter 8: ID 44; Choice (1356.0, 2183.0, 192.0, 1889.0, 193.0, 1905.0, 2092.0, 191.0) 
Voter 9: ID 315; Choice (1356.0, 2183.0, 192.0, 1889.0, 193.0, 1905.0, 2092.0, 191.0) 
Voter 10: ID 161; Choice (1356.0, 2183.0, 192.0, 1889.0, 193.0, 1905.0, 2092.0, 191.0) 
Voter 11: ID 436; Choice (1356.0, 2183.0, 192.0, 1889.0, 193.0, 1905.0, 2092.0, 191.0) 
Voter 12: ID 475; Choice (1356.0, 2183.0, 192.0, 1889.0, 193.0, 1905.0, 2092.0, 191.0) 
Voter 13: ID 596; Choice (1356.0, 2183.0, 192.0, 1889.0, 193.0, 1905.0, 2092.0, 191.0) 
Voter 14: ID 647; Choice (1356.0, 2183.0, 192.0, 1889.0, 193.0, 1905.0, 2092.0, 191.0) 
Voter 15: ID 73; Choice (2141.0, 1356.0, 2183.0, 433.0, 192.0, 2092.0, 2121.0) 
Voter 16: ID 206; Choice (1356.0, 2183.0, 192.0, 1889.0, 193.0, 1905.0, 2092.0, 191.0) 
Voter 17: ID 60; Choice (1356.0, 2183.0, 192.0, 1889.0, 193.0, 1905.0, 2092.0, 191.0) 
Voter 18: ID 669; Choice (1356.0, 2183.0, 192.0, 1889.0, 193.0, 1905.0, 2092.0, 191.0) 
Voter 19: ID 333; Choice (1356.0, 2183.0, 192.0, 1889.0, 193.0, 1905.0, 2092.0, 191.0) 
Voter 20: ID 148; Choice (1356.0, 2183.0, 192.0, 1889.0, 193.0, 1905.0, 2092.0, 191.0) 
Voter 21: ID 739; Choice (1356.0, 2183.0, 192.0, 1889.0, 193.0, 1905.0, 2092.0, 191.0) 
Voter 22: ID 425; Choice (1356.0, 2183.0, 192.0, 1889.0, 193.0, 1905.0, 2092.0, 191.0) 
Voter 23: ID 89; Choice (1356.0, 2183.0, 192.0, 1889.0, 193.0, 1905.0, 2092.0, 191.0) 
Voter 24: ID 638; Choice (1356.0, 2183.0, 192.0, 1889.0, 193.0, 1905.0, 2092.0, 191.0) 
Voter 25: ID 293; Choice (1356.0, 2183.0, 192.0, 1889.0, 193.0, 1905.0, 2092.0, 191.0) 
Voter 26: ID 563; Choice (1356.0, 2183.0, 192.0, 1889.0, 193.0, 1905.0, 2092.0, 191.0, 1347.0) 
Voter 27: ID 542; Choice (1356.0, 2183.0, 192.0, 1889.0, 193.0, 1905.0, 2092.0, 191.0) 
Voter 28: ID 522; Choice (1356.0, 2183.0, 192.0, 1889.0, 193.0, 1905.0, 2092.0, 191.0) 
Voter 29: ID 384; Choice (1356.0, 2183.0, 192.0, 1889.0, 193.0, 1905.0, 2092.0, 191.0) 
Voter 30: ID 299; Choice (1356.0, 2183.0, 192.0, 1889.0, 193.0, 1905.0, 2092.0, 191.0, 1347.0) 
Voter 31: ID 155; Choice (1356.0, 2183.0, 192.0, 1889.0, 193.0, 1905.0, 2092.0, 191.0, 1347.0) 
Voter 32: ID 29; Choice (1356.0, 2183.0, 192.0, 1889.0, 193.0, 1905.0, 2092.0, 191.0) 
Voter 33: ID 112; Choice (1356.0, 2183.0, 192.0, 1889.0, 193.0, 1905.0, 2092.0, 191.0) 
Voter 34: ID 252; Choice (1356.0, 2183.0, 192.0, 1889.0, 193.0, 1905.0, 2092.0, 191.0) 
Voter 35: ID 231; Choice (1356.0, 2183.0, 192.0, 1889.0, 193.0, 1905.0, 2092.0, 191.0) 
Voter 36: ID 737; Choice (1356.0, 2183.0, 192.0, 1889.0, 193.0, 1905.0, 2092.0, 191.0) 
Voter 37: ID 705; Choice (1356.0, 2183.0, 192.0, 1889.0, 193.0, 1905.0, 2092.0, 191.0) 
Voter 38: ID 665; Choice (1356.0, 2183.0, 192.0, 1889.0, 193.0, 1905.0, 2092.0, 191.0) 
Voter 39: ID 682; Choice (1356.0, 2183.0, 192.0, 1889.0, 193.0, 1905.0, 2092.0, 191.0) 
Voter 40: ID 292; Choice (1356.0, 2183.0, 192.0, 1889.0, 193.0, 1905.0, 2092.0, 191.0, 1347.0) 
Voter 41: ID 490; Choice (1356.0, 2183.0, 192.0, 1889.0, 193.0, 1905.0, 2092.0, 191.0) 
Voter 42: ID 165; Choice (1356.0, 2183.0, 192.0, 1889.0, 193.0, 1905.0, 2092.0, 191.0) 
Voter 43: ID 512; Choice (1356.0, 2183.0, 192.0, 1889.0, 193.0, 1905.0, 2092.0, 191.0) 
Voter 44: ID 421; Choice (1356.0, 2183.0, 192.0, 1889.0, 193.0, 1905.0, 2092.0, 191.0) 
Voter 45: ID 413; Choice (1356.0, 2183.0, 192.0, 1889.0, 193.0, 1905.0, 2092.0, 191.0, 1347.0) 
Voter 46: ID 482; Choice (1356.0, 2183.0, 192.0, 1889.0, 193.0, 1905.0, 2092.0, 191.0) 
Voter 47: ID 707; Choice (1356.0, 2183.0, 192.0, 1889.0, 193.0, 1905.0, 2092.0, 191.0) 
Voter 48: ID 253; Choice (1356.0, 2183.0, 192.0, 1889.0, 193.0, 1905.0, 2092.0, 191.0) 
Voter 49: ID 11; Choice (1356.0, 2183.0, 192.0, 1889.0, 193.0, 1905.0, 2092.0, 191.0) 
Voter 50: ID 250; Choice (1356.0, 2183.0, 192.0, 1889.0, 193.0, 1905.0, 2092.0, 191.0) 
---------------------------------------------------------------------------
After Iteration 8 :
Voter 1: ID 340; Choice (1356.0, 433.0, 192.0, 1889.0, 193.0, 1347.0, 1905.0, 2092.0) 
Voter 2: ID 626; Choice (1356.0, 2183.0, 192.0, 1889.0, 193.0, 1905.0, 2092.0, 191.0) 
Voter 3: ID 668; Choice (1356.0, 2183.0, 192.0, 1889.0, 193.0, 1905.0, 2092.0, 191.0) 
Voter 4: ID 197; Choice (1356.0, 2183.0, 192.0, 1889.0, 193.0, 1905.0, 2092.0, 191.0) 
Voter 5: ID 334; Choice (1356.0, 2183.0, 192.0, 1889.0, 193.0, 1905.0, 2092.0, 191.0) 
Voter 6: ID 91; Choice (1356.0, 2183.0, 192.0, 1889.0, 193.0, 1905.0, 2092.0, 191.0) 
Voter 7: ID 580; Choice (1356.0, 2183.0, 192.0, 1889.0, 193.0, 1905.0, 2092.0, 191.0) 
Voter 8: ID 44; Choice (1356.0, 2183.0, 192.0, 1889.0, 193.0, 1905.0, 2092.0, 191.0) 
Voter 9: ID 315; Choice (1356.0, 2183.0, 192.0, 1889.0, 193.0, 1905.0, 2092.0, 191.0) 
Voter 10: ID 161; Choice (1356.0, 2183.0, 192.0, 1889.0, 193.0, 1905.0, 2092.0, 191.0) 
Voter 11: ID 436; Choice (1356.0, 2183.0, 192.0, 1889.0, 193.0, 1905.0, 2092.0, 191.0) 
Voter 12: ID 475; Choice (1356.0, 2183.0, 192.0, 1889.0, 193.0, 1905.0, 2092.0, 191.0) 
Voter 13: ID 596; Choice (1356.0, 2183.0, 192.0, 1889.0, 193.0, 1905.0, 2092.0, 191.0) 
Voter 14: ID 647; Choice (1356.0, 2183.0, 192.0, 1889.0, 193.0, 1905.0, 2092.0, 191.0) 
Voter 15: ID 73; Choice (1356.0, 2183.0, 192.0, 1889.0, 193.0, 1905.0, 2092.0, 191.0) 
Voter 16: ID 206; Choice (1356.0, 2183.0, 192.0, 1889.0, 193.0, 1905.0, 2092.0, 191.0) 
Voter 17: ID 60; Choice (1356.0, 2183.0, 192.0, 1889.0, 193.0, 1905.0, 2092.0, 191.0) 
Voter 18: ID 669; Choice (1356.0, 2183.0, 192.0, 1889.0, 193.0, 1905.0, 2092.0, 191.0) 
Voter 19: ID 333; Choice (1356.0, 2183.0, 192.0, 1889.0, 193.0, 1905.0, 2092.0, 191.0) 
Voter 20: ID 148; Choice (1356.0, 2183.0, 192.0, 1889.0, 193.0, 1905.0, 2092.0, 191.0) 
Voter 21: ID 739; Choice (1356.0, 2183.0, 192.0, 1889.0, 193.0, 1905.0, 2092.0, 191.0) 
Voter 22: ID 425; Choice (1356.0, 2183.0, 192.0, 1889.0, 193.0, 1905.0, 2092.0, 191.0) 
Voter 23: ID 89; Choice (1356.0, 2183.0, 192.0, 1889.0, 193.0, 1905.0, 2092.0, 191.0) 
Voter 24: ID 638; Choice (1356.0, 2183.0, 192.0, 1889.0, 193.0, 1905.0, 2092.0, 191.0) 
Voter 25: ID 293; Choice (1356.0, 2183.0, 192.0, 1889.0, 193.0, 1905.0, 2092.0, 191.0) 
Voter 26: ID 563; Choice (1356.0, 2183.0, 192.0, 1889.0, 193.0, 1905.0, 2092.0, 191.0, 1347.0) 
Voter 27: ID 542; Choice (1356.0, 2183.0, 192.0, 1889.0, 193.0, 1905.0, 2092.0, 191.0) 
Voter 28: ID 522; Choice (1356.0, 2183.0, 192.0, 1889.0, 193.0, 1905.0, 2092.0, 191.0) 
Voter 29: ID 384; Choice (1356.0, 2183.0, 192.0, 1889.0, 193.0, 1905.0, 2092.0, 191.0) 
Voter 30: ID 299; Choice (1356.0, 2183.0, 192.0, 1889.0, 193.0, 1905.0, 2092.0, 191.0) 
Voter 31: ID 155; Choice (1356.0, 2183.0, 192.0, 1889.0, 193.0, 1905.0, 2092.0, 191.0) 
Voter 32: ID 29; Choice (1356.0, 2183.0, 192.0, 1889.0, 193.0, 1905.0, 2092.0, 191.0) 
Voter 33: ID 112; Choice (1356.0, 2183.0, 192.0, 1889.0, 193.0, 1905.0, 2092.0, 191.0) 
Voter 34: ID 252; Choice (1356.0, 2183.0, 192.0, 1889.0, 193.0, 1905.0, 2092.0, 191.0) 
Voter 35: ID 231; Choice (1356.0, 2183.0, 192.0, 1889.0, 193.0, 1905.0, 2092.0, 191.0) 
Voter 36: ID 737; Choice (1356.0, 2183.0, 192.0, 1889.0, 193.0, 1905.0, 2092.0, 191.0) 
Voter 37: ID 705; Choice (1356.0, 2183.0, 192.0, 1889.0, 193.0, 1905.0, 2092.0, 191.0) 
Voter 38: ID 665; Choice (1356.0, 2183.0, 192.0, 1889.0, 193.0, 1905.0, 2092.0, 191.0) 
Voter 39: ID 682; Choice (1356.0, 2183.0, 192.0, 1889.0, 193.0, 1905.0, 2092.0, 191.0) 
Voter 40: ID 292; Choice (1356.0, 2183.0, 192.0, 1889.0, 193.0, 1905.0, 2092.0, 191.0) 
Voter 41: ID 490; Choice (1356.0, 2183.0, 192.0, 1889.0, 193.0, 1905.0, 2092.0, 191.0) 
Voter 42: ID 165; Choice (1356.0, 2183.0, 192.0, 1889.0, 193.0, 1905.0, 2092.0, 191.0) 
Voter 43: ID 512; Choice (1356.0, 2183.0, 192.0, 1889.0, 193.0, 1905.0, 2092.0, 191.0) 
Voter 44: ID 421; Choice (1356.0, 2183.0, 192.0, 1889.0, 193.0, 1905.0, 2092.0, 191.0) 
Voter 45: ID 413; Choice (1356.0, 2183.0, 192.0, 1889.0, 193.0, 1905.0, 2092.0, 191.0) 
Voter 46: ID 482; Choice (1356.0, 2183.0, 192.0, 1889.0, 193.0, 1905.0, 2092.0, 191.0) 
Voter 47: ID 707; Choice (1356.0, 2183.0, 192.0, 1889.0, 193.0, 1905.0, 2092.0, 191.0) 
Voter 48: ID 253; Choice (1356.0, 2183.0, 192.0, 1889.0, 193.0, 1905.0, 2092.0, 191.0) 
Voter 49: ID 11; Choice (1356.0, 2183.0, 192.0, 1889.0, 193.0, 1905.0, 2092.0, 191.0) 
Voter 50: ID 250; Choice (1356.0, 2183.0, 192.0, 1889.0, 193.0, 1905.0, 2092.0, 191.0) 
---------------------------------------------------------------------------
After Iteration 9 :
Voter 1: ID 340; Choice (1356.0, 2183.0, 192.0, 1889.0, 193.0, 1905.0, 2092.0, 191.0) 
Voter 2: ID 626; Choice (1356.0, 2183.0, 192.0, 1889.0, 193.0, 1905.0, 2092.0, 191.0) 
Voter 3: ID 668; Choice (1356.0, 2183.0, 192.0, 1889.0, 193.0, 1905.0, 2092.0, 191.0) 
Voter 4: ID 197; Choice (1356.0, 2183.0, 192.0, 1889.0, 193.0, 1905.0, 2092.0, 191.0) 
Voter 5: ID 334; Choice (1356.0, 2183.0, 192.0, 1889.0, 193.0, 1905.0, 2092.0, 191.0) 
Voter 6: ID 91; Choice (1356.0, 2183.0, 192.0, 1889.0, 193.0, 1905.0, 2092.0, 191.0) 
Voter 7: ID 580; Choice (1356.0, 2183.0, 192.0, 1889.0, 193.0, 1905.0, 2092.0, 191.0) 
Voter 8: ID 44; Choice (1356.0, 2183.0, 192.0, 1889.0, 193.0, 1905.0, 2092.0, 191.0) 
Voter 9: ID 315; Choice (1356.0, 2183.0, 192.0, 1889.0, 193.0, 1905.0, 2092.0, 191.0) 
Voter 10: ID 161; Choice (1356.0, 2183.0, 192.0, 1889.0, 193.0, 1905.0, 2092.0, 191.0) 
Voter 11: ID 436; Choice (2141.0, 1356.0, 433.0, 193.0, 2092.0, 191.0) 
Voter 12: ID 475; Choice (1356.0, 2183.0, 192.0, 1889.0, 193.0, 1905.0, 2092.0, 191.0) 
Voter 13: ID 596; Choice (1356.0, 2183.0, 192.0, 1889.0, 193.0, 1905.0, 2092.0, 191.0) 
Voter 14: ID 647; Choice (1356.0, 2183.0, 192.0, 1889.0, 193.0, 1905.0, 2092.0, 191.0) 
Voter 15: ID 73; Choice (1356.0, 2183.0, 192.0, 1889.0, 193.0, 1905.0, 2092.0, 191.0) 
Voter 16: ID 206; Choice (1356.0, 2183.0, 192.0, 1889.0, 193.0, 1905.0, 2092.0, 191.0) 
Voter 17: ID 60; Choice (1356.0, 2183.0, 192.0, 1889.0, 193.0, 1905.0, 2092.0, 191.0) 
Voter 18: ID 669; Choice (1356.0, 2183.0, 192.0, 1889.0, 193.0, 1905.0, 2092.0, 191.0) 
Voter 19: ID 333; Choice (1356.0, 2183.0, 192.0, 1889.0, 193.0, 1905.0, 2092.0, 191.0) 
Voter 20: ID 148; Choice (1356.0, 2183.0, 192.0, 1889.0, 193.0, 1905.0, 2092.0, 191.0) 
Voter 21: ID 739; Choice (1356.0, 2183.0, 192.0, 1889.0, 193.0, 1905.0, 2092.0, 191.0) 
Voter 22: ID 425; Choice (1356.0, 2183.0, 192.0, 1889.0, 193.0, 1905.0, 2092.0, 191.0) 
Voter 23: ID 89; Choice (1356.0, 2183.0, 192.0, 1889.0, 193.0, 1905.0, 2092.0, 191.0) 
Voter 24: ID 638; Choice (1356.0, 2183.0, 192.0, 1889.0, 193.0, 1905.0, 2092.0, 191.0) 
Voter 25: ID 293; Choice (1356.0, 2183.0, 192.0, 1889.0, 193.0, 1905.0, 2092.0, 191.0) 
Voter 26: ID 563; Choice (1356.0, 2183.0, 192.0, 1889.0, 193.0, 1905.0, 2092.0, 191.0) 
Voter 27: ID 542; Choice (1356.0, 2183.0, 192.0, 1889.0, 193.0, 1905.0, 2092.0, 191.0) 
Voter 28: ID 522; Choice (1356.0, 2183.0, 192.0, 1889.0, 193.0, 1905.0, 2092.0, 191.0) 
Voter 29: ID 384; Choice (1356.0, 2183.0, 192.0, 1889.0, 193.0, 1905.0, 2092.0, 191.0) 
Voter 30: ID 299; Choice (1356.0, 2183.0, 192.0, 1889.0, 193.0, 1905.0, 2092.0, 191.0) 
Voter 31: ID 155; Choice (1356.0, 2183.0, 192.0, 1889.0, 193.0, 1905.0, 2092.0, 191.0) 
Voter 32: ID 29; Choice (1356.0, 2183.0, 192.0, 1889.0, 193.0, 1905.0, 2092.0, 191.0) 
Voter 33: ID 112; Choice (1356.0, 2183.0, 192.0, 1889.0, 193.0, 1905.0, 2092.0, 191.0) 
Voter 34: ID 252; Choice (1356.0, 2183.0, 192.0, 1889.0, 193.0, 1905.0, 2092.0, 191.0) 
Voter 35: ID 231; Choice (1356.0, 2183.0, 192.0, 1889.0, 193.0, 1905.0, 2092.0, 191.0) 
Voter 36: ID 737; Choice (1356.0, 2183.0, 192.0, 1889.0, 193.0, 1905.0, 2092.0, 191.0) 
Voter 37: ID 705; Choice (1356.0, 2183.0, 192.0, 1889.0, 193.0, 1905.0, 2092.0, 191.0) 
Voter 38: ID 665; Choice (1356.0, 2183.0, 192.0, 1889.0, 193.0, 1905.0, 2092.0, 191.0) 
Voter 39: ID 682; Choice (1356.0, 2183.0, 192.0, 1889.0, 193.0, 1905.0, 2092.0, 191.0) 
Voter 40: ID 292; Choice (1356.0, 2183.0, 192.0, 1889.0, 193.0, 1905.0, 2092.0, 191.0) 
Voter 41: ID 490; Choice (1356.0, 2183.0, 192.0, 1889.0, 193.0, 1905.0, 2092.0, 191.0) 
Voter 42: ID 165; Choice (1356.0, 2183.0, 192.0, 1889.0, 193.0, 1905.0, 2092.0, 191.0) 
Voter 43: ID 512; Choice (1356.0, 2183.0, 192.0, 1889.0, 193.0, 1905.0, 2092.0, 191.0) 
Voter 44: ID 421; Choice (1356.0, 2183.0, 192.0, 1889.0, 193.0, 1905.0, 2092.0, 191.0) 
Voter 45: ID 413; Choice (1356.0, 2183.0, 192.0, 1889.0, 193.0, 1905.0, 2092.0, 191.0) 
Voter 46: ID 482; Choice (1356.0, 2183.0, 192.0, 1889.0, 193.0, 1905.0, 2092.0, 191.0) 
Voter 47: ID 707; Choice (1356.0, 2183.0, 192.0, 1889.0, 193.0, 1905.0, 2092.0, 191.0) 
Voter 48: ID 253; Choice (1356.0, 2183.0, 192.0, 1889.0, 193.0, 1905.0, 2092.0, 191.0) 
Voter 49: ID 11; Choice (1356.0, 2183.0, 192.0, 1889.0, 193.0, 1905.0, 2092.0, 191.0) 
Voter 50: ID 250; Choice (1356.0, 2183.0, 192.0, 1889.0, 193.0, 1905.0, 2092.0, 191.0) 
---------------------------------------------------------------------------
After Iteration 10 :
Voter 1: ID 340; Choice (1356.0, 2183.0, 192.0, 1889.0, 193.0, 1905.0, 2092.0, 191.0) 
Voter 2: ID 626; Choice (1356.0, 2183.0, 192.0, 1889.0, 193.0, 1905.0, 2092.0, 191.0) 
Voter 3: ID 668; Choice (1356.0, 2183.0, 192.0, 1889.0, 193.0, 1905.0, 2092.0, 191.0) 
Voter 4: ID 197; Choice (1356.0, 2183.0, 192.0, 1889.0, 193.0, 1905.0, 2092.0, 191.0) 
Voter 5: ID 334; Choice (1356.0, 2183.0, 192.0, 1889.0, 193.0, 1905.0, 2092.0, 191.0) 
Voter 6: ID 91; Choice (1356.0, 2183.0, 192.0, 1889.0, 193.0, 1905.0, 2092.0, 191.0) 
Voter 7: ID 580; Choice (1356.0, 2183.0, 192.0, 1889.0, 193.0, 1905.0, 2092.0, 191.0) 
Voter 8: ID 44; Choice (1356.0, 2183.0, 192.0, 1889.0, 193.0, 1905.0, 2092.0, 191.0) 
Voter 9: ID 315; Choice (1356.0, 2183.0, 192.0, 1889.0, 193.0, 1905.0, 2092.0, 191.0) 
Voter 10: ID 161; Choice (1356.0, 2183.0, 192.0, 1889.0, 193.0, 1905.0, 2092.0, 191.0) 
Voter 11: ID 436; Choice (1356.0, 2183.0, 192.0, 1889.0, 193.0, 1905.0, 2092.0, 191.0) 
Voter 12: ID 475; Choice (1356.0, 2183.0, 192.0, 1889.0, 193.0, 1905.0, 2092.0, 191.0) 
Voter 13: ID 596; Choice (1356.0, 2183.0, 192.0, 1889.0, 193.0, 1905.0, 2092.0, 191.0) 
Voter 14: ID 647; Choice (1356.0, 2183.0, 192.0, 1889.0, 193.0, 1905.0, 2092.0, 191.0) 
Voter 15: ID 73; Choice (1356.0, 2183.0, 192.0, 1889.0, 193.0, 1905.0, 2092.0, 191.0) 
Voter 16: ID 206; Choice (1356.0, 2183.0, 192.0, 1889.0, 193.0, 1905.0, 2092.0, 191.0) 
Voter 17: ID 60; Choice (1356.0, 2183.0, 192.0, 1889.0, 193.0, 1905.0, 2092.0, 191.0) 
Voter 18: ID 669; Choice (1356.0, 2183.0, 192.0, 1889.0, 193.0, 1905.0, 2092.0, 191.0) 
Voter 19: ID 333; Choice (1356.0, 2183.0, 192.0, 1889.0, 193.0, 1905.0, 2092.0, 191.0) 
Voter 20: ID 148; Choice (1356.0, 2183.0, 192.0, 1889.0, 193.0, 1905.0, 2092.0, 191.0) 
Voter 21: ID 739; Choice (1356.0, 2183.0, 192.0, 1889.0, 193.0, 1905.0, 2092.0, 191.0) 
Voter 22: ID 425; Choice (1356.0, 2183.0, 192.0, 1889.0, 193.0, 1905.0, 2092.0, 191.0) 
Voter 23: ID 89; Choice (1356.0, 2183.0, 192.0, 1889.0, 193.0, 1905.0, 2092.0, 191.0) 
Voter 24: ID 638; Choice (1356.0, 2183.0, 192.0, 1889.0, 193.0, 1905.0, 2092.0, 191.0) 
Voter 25: ID 293; Choice (1356.0, 2183.0, 192.0, 1889.0, 193.0, 1905.0, 2092.0, 191.0) 
Voter 26: ID 563; Choice (1356.0, 2183.0, 192.0, 1889.0, 193.0, 1905.0, 2092.0, 191.0) 
Voter 27: ID 542; Choice (1356.0, 2183.0, 192.0, 1889.0, 193.0, 1905.0, 2092.0, 191.0) 
Voter 28: ID 522; Choice (1356.0, 2183.0, 192.0, 1889.0, 193.0, 1905.0, 2092.0, 191.0) 
Voter 29: ID 384; Choice (1356.0, 2183.0, 192.0, 1889.0, 193.0, 1905.0, 2092.0, 191.0) 
Voter 30: ID 299; Choice (1356.0, 2183.0, 192.0, 1889.0, 193.0, 1905.0, 2092.0, 191.0) 
Voter 31: ID 155; Choice (1356.0, 2183.0, 192.0, 1889.0, 193.0, 1905.0, 2092.0, 191.0) 
Voter 32: ID 29; Choice (1356.0, 2183.0, 192.0, 1889.0, 193.0, 1905.0, 2092.0, 191.0) 
Voter 33: ID 112; Choice (1356.0, 2183.0, 192.0, 1889.0, 193.0, 1905.0, 2092.0, 191.0) 
Voter 34: ID 252; Choice (1356.0, 2183.0, 192.0, 1889.0, 193.0, 1905.0, 2092.0, 191.0) 
Voter 35: ID 231; Choice (1356.0, 2183.0, 192.0, 1889.0, 193.0, 1905.0, 2092.0, 191.0) 
Voter 36: ID 737; Choice (1356.0, 2183.0, 192.0, 1889.0, 193.0, 1905.0, 2092.0, 191.0) 
Voter 37: ID 705; Choice (1356.0, 2183.0, 192.0, 1889.0, 193.0, 1905.0, 2092.0, 191.0) 
Voter 38: ID 665; Choice (1356.0, 2183.0, 192.0, 1889.0, 193.0, 1905.0, 2092.0, 191.0) 
Voter 39: ID 682; Choice (1356.0, 2183.0, 192.0, 1889.0, 193.0, 1905.0, 2092.0, 191.0) 
Voter 40: ID 292; Choice (1356.0, 2183.0, 192.0, 1889.0, 193.0, 1905.0, 2092.0, 191.0) 
Voter 41: ID 490; Choice (1356.0, 2183.0, 192.0, 1889.0, 193.0, 1905.0, 2092.0, 191.0) 
Voter 42: ID 165; Choice (1356.0, 2183.0, 192.0, 1889.0, 193.0, 1905.0, 2092.0, 191.0) 
Voter 43: ID 512; Choice (1356.0, 2183.0, 192.0, 1889.0, 193.0, 1905.0, 2092.0, 191.0) 
Voter 44: ID 421; Choice (1356.0, 2183.0, 192.0, 1889.0, 193.0, 1905.0, 2092.0, 191.0) 
Voter 45: ID 413; Choice (1356.0, 2183.0, 192.0, 1889.0, 193.0, 1905.0, 2092.0, 191.0) 
Voter 46: ID 482; Choice (1356.0, 2183.0, 192.0, 1889.0, 193.0, 1905.0, 2092.0, 191.0) 
Voter 47: ID 707; Choice (1356.0, 2183.0, 192.0, 1889.0, 193.0, 1905.0, 2092.0, 191.0) 
Voter 48: ID 253; Choice (1356.0, 2183.0, 192.0, 1889.0, 193.0, 1905.0, 2092.0, 191.0) 
Voter 49: ID 11; Choice (1356.0, 2183.0, 192.0, 1889.0, 193.0, 1905.0, 2092.0, 191.0) 
Voter 50: ID 250; Choice (1356.0, 2183.0, 192.0, 1889.0, 193.0, 1905.0, 2092.0, 191.0) 
---------------------------------------------------------------------------
Concensus reached after 10 iterations.
Max degree: 20 Number of valid combinations: 25 Using random find.
There are 1 opinions after all iterations.
(1356.0, 2183.0, 192.0, 1889.0, 193.0, 1905.0, 2092.0, 191.0) count: 50
