    project id    reward
0       1211.0 -0.444988
1       2141.0 -0.057202
2       1356.0  0.331482
3       2183.0  0.343395
4        433.0 -0.263659
5        192.0  0.232709
6       1889.0  0.302624
7        193.0  0.251523
8       1347.0  0.192139
9       1905.0  0.121838
10      2092.0  0.245409
11      2121.0 -0.136063
12       191.0  0.215283
Valid Combinations are:
(1356.0, 2183.0, 192.0, 1889.0, 193.0, 1905.0, 2092.0, 191.0, 1347.0)
(1356.0, 2183.0, 192.0, 1889.0, 193.0, 1905.0, 2092.0, 191.0)
(1211.0, 2141.0, 1356.0, 2183.0, 192.0, 193.0)
(1356.0, 2183.0, 433.0, 192.0, 193.0, 1347.0, 1905.0, 2092.0, 2121.0, 191.0)
(2141.0, 1356.0, 2183.0, 192.0, 1347.0, 1905.0, 2092.0, 2121.0, 191.0)
(2141.0, 1356.0, 192.0, 1889.0, 193.0, 1347.0, 1905.0, 2092.0, 191.0)
(1356.0, 433.0, 192.0, 1889.0, 193.0, 1905.0, 2092.0, 2121.0, 191.0)
(1211.0, 2183.0, 192.0, 1889.0, 193.0, 1905.0, 2092.0, 191.0)
(2141.0, 1356.0, 2183.0, 433.0, 192.0, 1905.0, 2092.0, 2121.0)
(2141.0, 1356.0, 2183.0, 433.0, 193.0, 1905.0, 2121.0, 191.0)
(2141.0, 1356.0, 2183.0, 192.0, 193.0, 1347.0, 2121.0, 191.0)
(2141.0, 1356.0, 2183.0, 192.0, 193.0, 1905.0, 2092.0, 191.0)
(2141.0, 1356.0, 2183.0, 1889.0, 193.0, 1905.0, 2092.0, 191.0)
(2141.0, 1356.0, 2183.0, 1889.0, 193.0, 1905.0, 2121.0, 191.0)
(2141.0, 2183.0, 192.0, 193.0, 1905.0, 2092.0, 2121.0, 191.0)
(2141.0, 2183.0, 1889.0, 193.0, 1347.0, 1905.0, 2121.0, 191.0)
(2141.0, 2183.0, 193.0, 1347.0, 1905.0, 2092.0, 2121.0, 191.0)
(2141.0, 433.0, 192.0, 1889.0, 193.0, 1347.0, 1905.0, 191.0)
(1356.0, 2183.0, 433.0, 1889.0, 193.0, 1905.0, 2092.0, 191.0)
(1356.0, 433.0, 192.0, 1889.0, 193.0, 1347.0, 1905.0, 191.0)
(2183.0, 433.0, 192.0, 1889.0, 193.0, 1905.0, 2092.0, 191.0)
(1211.0, 2141.0, 2183.0, 192.0, 1889.0, 193.0, 1905.0)
(2141.0, 2183.0, 433.0, 1889.0, 193.0, 1347.0, 2121.0)
(2141.0, 433.0, 1889.0, 1347.0, 2092.0, 2121.0, 191.0)
(1356.0, 2183.0, 433.0, 192.0, 1889.0, 1347.0, 2092.0)
(1356.0, 2183.0, 1889.0, 1347.0, 1905.0, 2121.0, 191.0)
(1356.0, 433.0, 1889.0, 1347.0, 1905.0, 2092.0, 2121.0)
(2183.0, 433.0, 1889.0, 1347.0, 1905.0, 2092.0, 2121.0)
(2183.0, 1889.0, 1347.0, 1905.0, 2092.0, 2121.0, 191.0)
(433.0, 192.0, 1889.0, 193.0, 1347.0, 2121.0, 191.0)
(192.0, 1889.0, 193.0, 1347.0, 1905.0, 2092.0, 2121.0)
(1211.0, 1356.0, 192.0, 193.0, 1347.0, 191.0)
(1211.0, 1356.0, 1889.0, 193.0, 1347.0, 2092.0)
(1211.0, 2183.0, 192.0, 193.0, 1347.0, 1905.0)
(2141.0, 1356.0, 2183.0, 1889.0, 1347.0, 2121.0)
(2141.0, 2183.0, 192.0, 1889.0, 193.0, 2092.0)
(2141.0, 2183.0, 192.0, 1889.0, 1905.0, 191.0)
(2141.0, 192.0, 1889.0, 1905.0, 2121.0, 191.0)
(1356.0, 2183.0, 433.0, 192.0, 1889.0, 2121.0)
Initial Choices:
---------------------------------------------------------------------------
Voter 1: ID 237; Choice (433.0, 192.0, 1889.0, 193.0, 1347.0, 2121.0, 191.0) 
Voter 2: ID 720; Choice (2141.0, 433.0, 192.0, 1889.0, 193.0, 1347.0, 1905.0, 191.0) 
Voter 3: ID 675; Choice (1211.0, 2183.0, 192.0, 193.0, 1347.0, 1905.0) 
Voter 4: ID 548; Choice (1211.0, 2141.0, 2183.0, 192.0, 1889.0, 193.0, 1905.0) 
Voter 5: ID 353; Choice (1356.0, 433.0, 192.0, 1889.0, 193.0, 1347.0, 1905.0, 191.0) 
Voter 6: ID 351; Choice (1356.0, 2183.0, 433.0, 192.0, 193.0, 1347.0, 1905.0, 2092.0, 2121.0, 191.0) 
Voter 7: ID 704; Choice (1356.0, 433.0, 192.0, 1889.0, 193.0, 1347.0, 1905.0, 191.0) 
Voter 8: ID 63; Choice (2141.0, 1356.0, 192.0, 1889.0, 193.0, 1347.0, 1905.0, 2092.0, 191.0) 
Voter 9: ID 206; Choice (192.0, 1889.0, 193.0, 1347.0, 1905.0, 2092.0, 2121.0) 
Voter 10: ID 181; Choice (2183.0, 433.0, 1889.0, 1347.0, 1905.0, 2092.0, 2121.0) 
Voter 11: ID 243; Choice (2141.0, 1356.0, 2183.0, 192.0, 193.0, 1905.0, 2092.0, 191.0) 
Voter 12: ID 369; Choice (2141.0, 2183.0, 192.0, 193.0, 1905.0, 2092.0, 2121.0, 191.0) 
Voter 13: ID 550; Choice (1356.0, 2183.0, 433.0, 192.0, 1889.0, 1347.0, 2092.0) 
Voter 14: ID 59; Choice (2141.0, 2183.0, 192.0, 193.0, 1905.0, 2092.0, 2121.0, 191.0) 
Voter 15: ID 102; Choice (2183.0, 1889.0, 1347.0, 1905.0, 2092.0, 2121.0, 191.0) 
Voter 16: ID 677; Choice (192.0, 1889.0, 193.0, 1347.0, 1905.0, 2092.0, 2121.0) 
Voter 17: ID 630; Choice (1356.0, 2183.0, 433.0, 192.0, 1889.0, 1347.0, 2092.0) 
Voter 18: ID 4; Choice (1211.0, 2183.0, 192.0, 193.0, 1347.0, 1905.0) 
Voter 19: ID 447; Choice (2141.0, 1356.0, 192.0, 1889.0, 193.0, 1347.0, 1905.0, 2092.0, 191.0) 
Voter 20: ID 118; Choice (433.0, 192.0, 1889.0, 193.0, 1347.0, 2121.0, 191.0) 
Voter 21: ID 624; Choice (2183.0, 1889.0, 1347.0, 1905.0, 2092.0, 2121.0, 191.0) 
Voter 22: ID 123; Choice (2141.0, 192.0, 1889.0, 1905.0, 2121.0, 191.0) 
Voter 23: ID 24; Choice (1211.0, 2141.0, 1356.0, 2183.0, 192.0, 193.0) 
Voter 24: ID 499; Choice (2141.0, 2183.0, 1889.0, 193.0, 1347.0, 1905.0, 2121.0, 191.0) 
Voter 25: ID 73; Choice (2141.0, 1356.0, 2183.0, 192.0, 1347.0, 1905.0, 2092.0, 2121.0, 191.0) 
Voter 26: ID 512; Choice (1356.0, 2183.0, 433.0, 1889.0, 193.0, 1905.0, 2092.0, 191.0) 
Voter 27: ID 147; Choice (1356.0, 2183.0, 192.0, 1889.0, 193.0, 1905.0, 2092.0, 191.0) 
Voter 28: ID 686; Choice (2141.0, 1356.0, 2183.0, 1889.0, 193.0, 1905.0, 2092.0, 191.0) 
Voter 29: ID 266; Choice (1211.0, 2141.0, 2183.0, 192.0, 1889.0, 193.0, 1905.0) 
Voter 30: ID 733; Choice (2141.0, 1356.0, 2183.0, 1889.0, 193.0, 1905.0, 2121.0, 191.0) 
Voter 31: ID 601; Choice (1211.0, 2183.0, 192.0, 193.0, 1347.0, 1905.0) 
Voter 32: ID 378; Choice (2141.0, 433.0, 1889.0, 1347.0, 2092.0, 2121.0, 191.0) 
Voter 33: ID 609; Choice (2141.0, 2183.0, 192.0, 1889.0, 193.0, 2092.0) 
Voter 34: ID 471; Choice (2141.0, 1356.0, 2183.0, 192.0, 193.0, 1905.0, 2092.0, 191.0) 
Voter 35: ID 685; Choice (1211.0, 2141.0, 2183.0, 192.0, 1889.0, 193.0, 1905.0) 
Voter 36: ID 230; Choice (1356.0, 433.0, 1889.0, 1347.0, 1905.0, 2092.0, 2121.0) 
Voter 37: ID 294; Choice (2183.0, 433.0, 1889.0, 1347.0, 1905.0, 2092.0, 2121.0) 
Voter 38: ID 127; Choice (2141.0, 1356.0, 2183.0, 192.0, 193.0, 1905.0, 2092.0, 191.0) 
Voter 39: ID 688; Choice (2183.0, 433.0, 1889.0, 1347.0, 1905.0, 2092.0, 2121.0) 
Voter 40: ID 257; Choice (1211.0, 2183.0, 192.0, 193.0, 1347.0, 1905.0) 
Voter 41: ID 629; Choice (2141.0, 2183.0, 433.0, 1889.0, 193.0, 1347.0, 2121.0) 
Voter 42: ID 577; Choice (2141.0, 1356.0, 2183.0, 433.0, 193.0, 1905.0, 2121.0, 191.0) 
Voter 43: ID 485; Choice (1356.0, 2183.0, 433.0, 1889.0, 193.0, 1905.0, 2092.0, 191.0) 
Voter 44: ID 359; Choice (1356.0, 2183.0, 433.0, 1889.0, 193.0, 1905.0, 2092.0, 191.0) 
Voter 45: ID 423; Choice (192.0, 1889.0, 193.0, 1347.0, 1905.0, 2092.0, 2121.0) 
Voter 46: ID 313; Choice (1356.0, 2183.0, 192.0, 1889.0, 193.0, 1905.0, 2092.0, 191.0, 1347.0) 
Voter 47: ID 565; Choice (2141.0, 1356.0, 2183.0, 1889.0, 193.0, 1905.0, 2092.0, 191.0) 
Voter 48: ID 374; Choice (192.0, 1889.0, 193.0, 1347.0, 1905.0, 2092.0, 2121.0) 
Voter 49: ID 174; Choice (1356.0, 2183.0, 192.0, 1889.0, 193.0, 1905.0, 2092.0, 191.0, 1347.0) 
Voter 50: ID 681; Choice (2141.0, 433.0, 192.0, 1889.0, 193.0, 1347.0, 1905.0, 191.0) 
---------------------------------------------------------------------------
After Iteration 1 :
Voter 1: ID 237; Choice (192.0, 1889.0, 193.0, 1347.0, 1905.0, 2092.0, 2121.0) 
Voter 2: ID 720; Choice (1356.0, 2183.0, 192.0, 1889.0, 193.0, 1905.0, 2092.0, 191.0, 1347.0) 
Voter 3: ID 675; Choice (1211.0, 2141.0, 1356.0, 2183.0, 192.0, 193.0) 
Voter 4: ID 548; Choice (2183.0, 1889.0, 1347.0, 1905.0, 2092.0, 2121.0, 191.0) 
Voter 5: ID 353; Choice (1211.0, 2183.0, 192.0, 193.0, 1347.0, 1905.0) 
Voter 6: ID 351; Choice (1356.0, 2183.0, 433.0, 1889.0, 193.0, 1905.0, 2092.0, 191.0) 
Voter 7: ID 704; Choice (2183.0, 433.0, 192.0, 1889.0, 193.0, 1905.0, 2092.0, 191.0) 
Voter 8: ID 63; Choice (1356.0, 433.0, 192.0, 1889.0, 193.0, 1905.0, 2092.0, 2121.0, 191.0) 
Voter 9: ID 206; Choice (2183.0, 433.0, 1889.0, 1347.0, 1905.0, 2092.0, 2121.0) 
Voter 10: ID 181; Choice (2183.0, 433.0, 192.0, 1889.0, 193.0, 1905.0, 2092.0, 191.0) 
Voter 11: ID 243; Choice (1356.0, 2183.0, 433.0, 1889.0, 193.0, 1905.0, 2092.0, 191.0) 
Voter 12: ID 369; Choice (2141.0, 1356.0, 2183.0, 1889.0, 193.0, 1905.0, 2121.0, 191.0) 
Voter 13: ID 550; Choice (2141.0, 1356.0, 192.0, 1889.0, 193.0, 1347.0, 1905.0, 2092.0, 191.0) 
Voter 14: ID 59; Choice (1211.0, 2183.0, 192.0, 193.0, 1347.0, 1905.0) 
Voter 15: ID 102; Choice (2183.0, 433.0, 192.0, 1889.0, 193.0, 1905.0, 2092.0, 191.0) 
Voter 16: ID 677; Choice (2183.0, 1889.0, 1347.0, 1905.0, 2092.0, 2121.0, 191.0) 
Voter 17: ID 630; Choice (2141.0, 2183.0, 192.0, 1889.0, 1905.0, 191.0) 
Voter 18: ID 4; Choice (2141.0, 2183.0, 192.0, 1889.0, 193.0, 2092.0) 
Voter 19: ID 447; Choice (1211.0, 2141.0, 1356.0, 2183.0, 192.0, 193.0) 
Voter 20: ID 118; Choice (1211.0, 2141.0, 1356.0, 2183.0, 192.0, 193.0) 
Voter 21: ID 624; Choice (2141.0, 2183.0, 192.0, 1889.0, 1905.0, 191.0) 
Voter 22: ID 123; Choice (1211.0, 1356.0, 192.0, 193.0, 1347.0, 191.0) 
Voter 23: ID 24; Choice (2141.0, 433.0, 192.0, 1889.0, 193.0, 1347.0, 1905.0, 191.0) 
Voter 24: ID 499; Choice (2141.0, 2183.0, 192.0, 193.0, 1905.0, 2092.0, 2121.0, 191.0) 
Voter 25: ID 73; Choice (1211.0, 2183.0, 192.0, 193.0, 1347.0, 1905.0) 
Voter 26: ID 512; Choice (1356.0, 2183.0, 1889.0, 1347.0, 1905.0, 2121.0, 191.0) 
Voter 27: ID 147; Choice (1211.0, 2141.0, 2183.0, 192.0, 1889.0, 193.0, 1905.0) 
Voter 28: ID 686; Choice (2183.0, 1889.0, 1347.0, 1905.0, 2092.0, 2121.0, 191.0) 
Voter 29: ID 266; Choice (1356.0, 2183.0, 433.0, 1889.0, 193.0, 1905.0, 2092.0, 191.0) 
Voter 30: ID 733; Choice (1356.0, 433.0, 1889.0, 1347.0, 1905.0, 2092.0, 2121.0) 
Voter 31: ID 601; Choice (2141.0, 192.0, 1889.0, 1905.0, 2121.0, 191.0) 
Voter 32: ID 378; Choice (1356.0, 2183.0, 433.0, 192.0, 193.0, 1347.0, 1905.0, 2092.0, 2121.0, 191.0) 
Voter 33: ID 609; Choice (2141.0, 1356.0, 2183.0, 192.0, 1347.0, 1905.0, 2092.0, 2121.0, 191.0) 
Voter 34: ID 471; Choice (2141.0, 1356.0, 2183.0, 433.0, 192.0, 1905.0, 2092.0, 2121.0) 
Voter 35: ID 685; Choice (2141.0, 1356.0, 2183.0, 1889.0, 193.0, 1905.0, 2121.0, 191.0) 
Voter 36: ID 230; Choice (2141.0, 1356.0, 2183.0, 192.0, 193.0, 1347.0, 2121.0, 191.0) 
Voter 37: ID 294; Choice (2141.0, 1356.0, 2183.0, 433.0, 192.0, 1905.0, 2092.0, 2121.0) 
Voter 38: ID 127; Choice (2141.0, 2183.0, 193.0, 1347.0, 1905.0, 2092.0, 2121.0, 191.0) 
Voter 39: ID 688; Choice (1356.0, 2183.0, 433.0, 1889.0, 193.0, 1905.0, 2092.0, 191.0) 
Voter 40: ID 257; Choice (192.0, 1889.0, 193.0, 1347.0, 1905.0, 2092.0, 2121.0) 
Voter 41: ID 629; Choice (2141.0, 1356.0, 2183.0, 192.0, 1347.0, 1905.0, 2092.0, 2121.0, 191.0) 
Voter 42: ID 577; Choice (1356.0, 2183.0, 1889.0, 1347.0, 1905.0, 2121.0, 191.0) 
Voter 43: ID 485; Choice (1356.0, 2183.0, 433.0, 1889.0, 193.0, 1905.0, 2092.0, 191.0) 
Voter 44: ID 359; Choice (1211.0, 1356.0, 1889.0, 193.0, 1347.0, 2092.0) 
Voter 45: ID 423; Choice (1356.0, 2183.0, 433.0, 192.0, 1889.0, 2121.0) 
Voter 46: ID 313; Choice (2141.0, 2183.0, 193.0, 1347.0, 1905.0, 2092.0, 2121.0, 191.0) 
Voter 47: ID 565; Choice (1356.0, 2183.0, 1889.0, 1347.0, 1905.0, 2121.0, 191.0) 
Voter 48: ID 374; Choice (2141.0, 1356.0, 2183.0, 192.0, 193.0, 1347.0, 2121.0, 191.0) 
Voter 49: ID 174; Choice (1211.0, 1356.0, 1889.0, 193.0, 1347.0, 2092.0) 
Voter 50: ID 681; Choice (2141.0, 1356.0, 2183.0, 433.0, 193.0, 1905.0, 2121.0, 191.0) 
---------------------------------------------------------------------------
---------------------------------------------------------------------------
{(1356.0, 2183.0, 192.0, 1889.0, 193.0, 1905.0, 2092.0, 191.0, 1347.0): 0.22364029753939524, (1356.0, 2183.0, 192.0, 1889.0, 193.0, 1905.0, 2092.0, 191.0): 0, (1211.0, 2141.0, 1356.0, 2183.0, 192.0, 193.0): 0.06569192918175147, (1356.0, 2183.0, 433.0, 192.0, 193.0, 1347.0, 1905.0, 2092.0, 2121.0, 191.0): 0, (2141.0, 1356.0, 2183.0, 192.0, 1347.0, 1905.0, 2092.0, 2121.0, 191.0): 0, (2141.0, 1356.0, 192.0, 1889.0, 193.0, 1347.0, 1905.0, 2092.0, 191.0): 0.1835805450269175, (1356.0, 433.0, 192.0, 1889.0, 193.0, 1905.0, 2092.0, 2121.0, 191.0): 0, (1211.0, 2183.0, 192.0, 1889.0, 193.0, 1905.0, 2092.0, 191.0): 0, (2141.0, 1356.0, 2183.0, 433.0, 192.0, 1905.0, 2092.0, 2121.0): 0, (2141.0, 1356.0, 2183.0, 433.0, 193.0, 1905.0, 2121.0, 191.0): 0.08065981797545041, (2141.0, 1356.0, 2183.0, 192.0, 193.0, 1347.0, 2121.0, 191.0): 0, (2141.0, 1356.0, 2183.0, 192.0, 193.0, 1905.0, 2092.0, 191.0): 0.16844375447370474, (2141.0, 1356.0, 2183.0, 1889.0, 193.0, 1905.0, 2092.0, 191.0): 0, (2141.0, 1356.0, 2183.0, 1889.0, 193.0, 1905.0, 2121.0, 191.0): 0, (2141.0, 2183.0, 192.0, 193.0, 1905.0, 2092.0, 2121.0, 191.0): 0.12168925207263288, (2141.0, 2183.0, 1889.0, 193.0, 1347.0, 1905.0, 2121.0, 191.0): 0, (2141.0, 2183.0, 193.0, 1347.0, 1905.0, 2092.0, 2121.0, 191.0): 0, (2141.0, 433.0, 192.0, 1889.0, 193.0, 1347.0, 1905.0, 191.0): 0.09952555296199839, (1356.0, 2183.0, 433.0, 1889.0, 193.0, 1905.0, 2092.0, 191.0): 0.1547895961717505, (1356.0, 433.0, 192.0, 1889.0, 193.0, 1347.0, 1905.0, 191.0): 0.13839402042261661, (2183.0, 433.0, 192.0, 1889.0, 193.0, 1905.0, 2092.0, 191.0): 0, (1211.0, 2141.0, 2183.0, 192.0, 1889.0, 193.0, 1905.0): 0.07498991273534321, (2141.0, 2183.0, 433.0, 1889.0, 193.0, 1347.0, 2121.0): 0, (2141.0, 433.0, 1889.0, 1347.0, 2092.0, 2121.0, 191.0): 0, (1356.0, 2183.0, 433.0, 192.0, 1889.0, 1347.0, 2092.0): 0, (1356.0, 2183.0, 1889.0, 1347.0, 1905.0, 2121.0, 191.0): 0, (1356.0, 433.0, 1889.0, 1347.0, 1905.0, 2092.0, 2121.0): 0, (2183.0, 433.0, 1889.0, 1347.0, 1905.0, 2092.0, 2121.0): 0.08056846045911581, (2183.0, 1889.0, 1347.0, 1905.0, 2092.0, 2121.0, 191.0): 0.1284625791106614, (433.0, 192.0, 1889.0, 193.0, 1347.0, 2121.0, 191.0): 0, (192.0, 1889.0, 193.0, 1347.0, 1905.0, 2092.0, 2121.0): 0.12101801127739123, (1211.0, 1356.0, 192.0, 193.0, 1347.0, 191.0): 0, (1211.0, 1356.0, 1889.0, 193.0, 1347.0, 2092.0): 0, (1211.0, 2183.0, 192.0, 193.0, 1347.0, 1905.0): 0.06966172326165192, (2141.0, 1356.0, 2183.0, 1889.0, 1347.0, 2121.0): 0, (2141.0, 2183.0, 192.0, 1889.0, 193.0, 2092.0): 0.13184577211104034, (2141.0, 2183.0, 192.0, 1889.0, 1905.0, 191.0): 0, (2141.0, 192.0, 1889.0, 1905.0, 2121.0, 191.0): 0.06791888469076475, (1356.0, 2183.0, 433.0, 192.0, 1889.0, 2121.0): 0}
After Iteration 2 :
Voter 1: ID 237; Choice (1356.0, 2183.0, 192.0, 1889.0, 193.0, 1905.0, 2092.0, 191.0) 
Voter 2: ID 720; Choice (1356.0, 433.0, 1889.0, 1347.0, 1905.0, 2092.0, 2121.0) 
Voter 3: ID 675; Choice (2141.0, 433.0, 1889.0, 1347.0, 2092.0, 2121.0, 191.0) 
Voter 4: ID 548; Choice (433.0, 192.0, 1889.0, 193.0, 1347.0, 2121.0, 191.0) 
Voter 5: ID 353; Choice (2141.0, 2183.0, 192.0, 1889.0, 1905.0, 191.0) 
Voter 6: ID 351; Choice (1356.0, 2183.0, 433.0, 192.0, 1889.0, 1347.0, 2092.0) 
Voter 7: ID 704; Choice (1211.0, 2141.0, 2183.0, 192.0, 1889.0, 193.0, 1905.0) 
Voter 8: ID 63; Choice (1356.0, 433.0, 192.0, 1889.0, 193.0, 1347.0, 1905.0, 191.0) 
Voter 9: ID 206; Choice (433.0, 192.0, 1889.0, 193.0, 1347.0, 2121.0, 191.0) 
Voter 10: ID 181; Choice (2141.0, 1356.0, 2183.0, 192.0, 193.0, 1905.0, 2092.0, 191.0) 
Voter 11: ID 243; Choice (1211.0, 2183.0, 192.0, 193.0, 1347.0, 1905.0) 
Voter 12: ID 369; Choice (2141.0, 1356.0, 192.0, 1889.0, 193.0, 1347.0, 1905.0, 2092.0, 191.0) 
Voter 13: ID 550; Choice (2183.0, 1889.0, 1347.0, 1905.0, 2092.0, 2121.0, 191.0) 
Voter 14: ID 59; Choice (1356.0, 2183.0, 192.0, 1889.0, 193.0, 1905.0, 2092.0, 191.0, 1347.0) 
Voter 15: ID 102; Choice (2141.0, 1356.0, 2183.0, 1889.0, 193.0, 1905.0, 2092.0, 191.0) 
Voter 16: ID 677; Choice (1211.0, 2141.0, 1356.0, 2183.0, 192.0, 193.0) 
Voter 17: ID 630; Choice (1211.0, 2141.0, 2183.0, 192.0, 1889.0, 193.0, 1905.0) 
Voter 18: ID 4; Choice (1356.0, 2183.0, 433.0, 192.0, 1889.0, 1347.0, 2092.0) 
Voter 19: ID 447; Choice (2141.0, 2183.0, 193.0, 1347.0, 1905.0, 2092.0, 2121.0, 191.0) 
Voter 20: ID 118; Choice (2141.0, 2183.0, 1889.0, 193.0, 1347.0, 1905.0, 2121.0, 191.0) 
Voter 21: ID 624; Choice (2141.0, 1356.0, 2183.0, 192.0, 193.0, 1347.0, 2121.0, 191.0) 
Voter 22: ID 123; Choice (1211.0, 2183.0, 192.0, 193.0, 1347.0, 1905.0) 
Voter 23: ID 24; Choice (2141.0, 433.0, 1889.0, 1347.0, 2092.0, 2121.0, 191.0) 
Voter 24: ID 499; Choice (1211.0, 2141.0, 1356.0, 2183.0, 192.0, 193.0) 
Voter 25: ID 73; Choice (2141.0, 1356.0, 192.0, 1889.0, 193.0, 1347.0, 1905.0, 2092.0, 191.0) 
Voter 26: ID 512; Choice (1356.0, 2183.0, 433.0, 1889.0, 193.0, 1905.0, 2092.0, 191.0) 
Voter 27: ID 147; Choice (433.0, 192.0, 1889.0, 193.0, 1347.0, 2121.0, 191.0) 
Voter 28: ID 686; Choice (2141.0, 2183.0, 433.0, 1889.0, 193.0, 1347.0, 2121.0) 
Voter 29: ID 266; Choice (2141.0, 433.0, 1889.0, 1347.0, 2092.0, 2121.0, 191.0) 
Voter 30: ID 733; Choice (1356.0, 433.0, 192.0, 1889.0, 193.0, 1905.0, 2092.0, 2121.0, 191.0) 
Voter 31: ID 601; Choice (2141.0, 2183.0, 193.0, 1347.0, 1905.0, 2092.0, 2121.0, 191.0) 
Voter 32: ID 378; Choice (1211.0, 1356.0, 1889.0, 193.0, 1347.0, 2092.0) 
Voter 33: ID 609; Choice (192.0, 1889.0, 193.0, 1347.0, 1905.0, 2092.0, 2121.0) 
Voter 34: ID 471; Choice (192.0, 1889.0, 193.0, 1347.0, 1905.0, 2092.0, 2121.0) 
Voter 35: ID 685; Choice (1356.0, 2183.0, 433.0, 1889.0, 193.0, 1905.0, 2092.0, 191.0) 
Voter 36: ID 230; Choice (2141.0, 1356.0, 192.0, 1889.0, 193.0, 1347.0, 1905.0, 2092.0, 191.0) 
Voter 37: ID 294; Choice (2141.0, 1356.0, 2183.0, 192.0, 193.0, 1905.0, 2092.0, 191.0) 
Voter 38: ID 127; Choice (1356.0, 2183.0, 433.0, 192.0, 1889.0, 1347.0, 2092.0) 
Voter 39: ID 688; Choice (192.0, 1889.0, 193.0, 1347.0, 1905.0, 2092.0, 2121.0) 
Voter 40: ID 257; Choice (2141.0, 1356.0, 2183.0, 192.0, 193.0, 1347.0, 2121.0, 191.0) 
Voter 41: ID 629; Choice (2141.0, 1356.0, 2183.0, 192.0, 193.0, 1347.0, 2121.0, 191.0) 
Voter 42: ID 577; Choice (2141.0, 2183.0, 193.0, 1347.0, 1905.0, 2092.0, 2121.0, 191.0) 
Voter 43: ID 485; Choice (2141.0, 2183.0, 433.0, 1889.0, 193.0, 1347.0, 2121.0) 
Voter 44: ID 359; Choice (1356.0, 2183.0, 433.0, 192.0, 1889.0, 1347.0, 2092.0) 
Voter 45: ID 423; Choice (1211.0, 2183.0, 192.0, 1889.0, 193.0, 1905.0, 2092.0, 191.0) 
Voter 46: ID 313; Choice (1211.0, 2141.0, 1356.0, 2183.0, 192.0, 193.0) 
Voter 47: ID 565; Choice (2141.0, 2183.0, 192.0, 1889.0, 1905.0, 191.0) 
Voter 48: ID 374; Choice (1211.0, 1356.0, 192.0, 193.0, 1347.0, 191.0) 
Voter 49: ID 174; Choice (2141.0, 192.0, 1889.0, 1905.0, 2121.0, 191.0) 
Voter 50: ID 681; Choice (2141.0, 2183.0, 192.0, 1889.0, 1905.0, 191.0) 
---------------------------------------------------------------------------
After Iteration 3 :
Voter 1: ID 237; Choice (1356.0, 2183.0, 433.0, 1889.0, 193.0, 1905.0, 2092.0, 191.0) 
Voter 2: ID 720; Choice (1356.0, 433.0, 1889.0, 1347.0, 1905.0, 2092.0, 2121.0) 
Voter 3: ID 675; Choice (1211.0, 2141.0, 1356.0, 2183.0, 192.0, 193.0) 
Voter 4: ID 548; Choice (1356.0, 2183.0, 192.0, 1889.0, 193.0, 1905.0, 2092.0, 191.0) 
Voter 5: ID 353; Choice (1356.0, 2183.0, 433.0, 1889.0, 193.0, 1905.0, 2092.0, 191.0) 
Voter 6: ID 351; Choice (1356.0, 2183.0, 433.0, 1889.0, 193.0, 1905.0, 2092.0, 191.0) 
Voter 7: ID 704; Choice (2141.0, 1356.0, 2183.0, 192.0, 1347.0, 1905.0, 2092.0, 2121.0, 191.0) 
Voter 8: ID 63; Choice (2141.0, 1356.0, 2183.0, 192.0, 193.0, 1905.0, 2092.0, 191.0) 
Voter 9: ID 206; Choice (1211.0, 1356.0, 1889.0, 193.0, 1347.0, 2092.0) 
Voter 10: ID 181; Choice (1356.0, 2183.0, 192.0, 1889.0, 193.0, 1905.0, 2092.0, 191.0) 
Voter 11: ID 243; Choice (2141.0, 1356.0, 2183.0, 433.0, 192.0, 1905.0, 2092.0, 2121.0) 
Voter 12: ID 369; Choice (1356.0, 2183.0, 433.0, 1889.0, 193.0, 1905.0, 2092.0, 191.0) 
Voter 13: ID 550; Choice (2183.0, 1889.0, 1347.0, 1905.0, 2092.0, 2121.0, 191.0) 
Voter 14: ID 59; Choice (1211.0, 2141.0, 2183.0, 192.0, 1889.0, 193.0, 1905.0) 
Voter 15: ID 102; Choice (2141.0, 1356.0, 192.0, 1889.0, 193.0, 1347.0, 1905.0, 2092.0, 191.0) 
Voter 16: ID 677; Choice (1356.0, 2183.0, 433.0, 1889.0, 193.0, 1905.0, 2092.0, 191.0) 
Voter 17: ID 630; Choice (1211.0, 2141.0, 2183.0, 192.0, 1889.0, 193.0, 1905.0) 
Voter 18: ID 4; Choice (1211.0, 2141.0, 2183.0, 192.0, 1889.0, 193.0, 1905.0) 
Voter 19: ID 447; Choice (2141.0, 1356.0, 2183.0, 192.0, 1347.0, 1905.0, 2092.0, 2121.0, 191.0) 
Voter 20: ID 118; Choice (2141.0, 1356.0, 192.0, 1889.0, 193.0, 1347.0, 1905.0, 2092.0, 191.0) 
Voter 21: ID 624; Choice (1356.0, 433.0, 192.0, 1889.0, 193.0, 1905.0, 2092.0, 2121.0, 191.0) 
Voter 22: ID 123; Choice (2141.0, 1356.0, 2183.0, 1889.0, 1347.0, 2121.0) 
Voter 23: ID 24; Choice (2141.0, 2183.0, 193.0, 1347.0, 1905.0, 2092.0, 2121.0, 191.0) 
Voter 24: ID 499; Choice (2141.0, 1356.0, 2183.0, 1889.0, 1347.0, 2121.0) 
Voter 25: ID 73; Choice (2141.0, 2183.0, 192.0, 1889.0, 193.0, 2092.0) 
Voter 26: ID 512; Choice (2141.0, 2183.0, 433.0, 1889.0, 193.0, 1347.0, 2121.0) 
Voter 27: ID 147; Choice (433.0, 192.0, 1889.0, 193.0, 1347.0, 2121.0, 191.0) 
Voter 28: ID 686; Choice (1211.0, 2183.0, 192.0, 193.0, 1347.0, 1905.0) 
Voter 29: ID 266; Choice (1356.0, 2183.0, 192.0, 1889.0, 193.0, 1905.0, 2092.0, 191.0, 1347.0) 
Voter 30: ID 733; Choice (433.0, 192.0, 1889.0, 193.0, 1347.0, 2121.0, 191.0) 
Voter 31: ID 601; Choice (2141.0, 2183.0, 433.0, 1889.0, 193.0, 1347.0, 2121.0) 
Voter 32: ID 378; Choice (2141.0, 1356.0, 192.0, 1889.0, 193.0, 1347.0, 1905.0, 2092.0, 191.0) 
Voter 33: ID 609; Choice (2141.0, 1356.0, 2183.0, 192.0, 1347.0, 1905.0, 2092.0, 2121.0, 191.0) 
Voter 34: ID 471; Choice (1211.0, 2141.0, 1356.0, 2183.0, 192.0, 193.0) 
Voter 35: ID 685; Choice (1356.0, 433.0, 192.0, 1889.0, 193.0, 1347.0, 1905.0, 191.0) 
Voter 36: ID 230; Choice (1211.0, 1356.0, 1889.0, 193.0, 1347.0, 2092.0) 
Voter 37: ID 294; Choice (1356.0, 2183.0, 1889.0, 1347.0, 1905.0, 2121.0, 191.0) 
Voter 38: ID 127; Choice (2183.0, 1889.0, 1347.0, 1905.0, 2092.0, 2121.0, 191.0) 
Voter 39: ID 688; Choice (2141.0, 1356.0, 2183.0, 1889.0, 1347.0, 2121.0) 
Voter 40: ID 257; Choice (1356.0, 2183.0, 433.0, 192.0, 1889.0, 2121.0) 
Voter 41: ID 629; Choice (1356.0, 2183.0, 433.0, 1889.0, 193.0, 1905.0, 2092.0, 191.0) 
Voter 42: ID 577; Choice (2141.0, 2183.0, 192.0, 193.0, 1905.0, 2092.0, 2121.0, 191.0) 
Voter 43: ID 485; Choice (2183.0, 433.0, 192.0, 1889.0, 193.0, 1905.0, 2092.0, 191.0) 
Voter 44: ID 359; Choice (2141.0, 2183.0, 192.0, 1889.0, 1905.0, 191.0) 
Voter 45: ID 423; Choice (2183.0, 433.0, 1889.0, 1347.0, 1905.0, 2092.0, 2121.0) 
Voter 46: ID 313; Choice (2141.0, 2183.0, 192.0, 1889.0, 1905.0, 191.0) 
Voter 47: ID 565; Choice (1356.0, 2183.0, 192.0, 1889.0, 193.0, 1905.0, 2092.0, 191.0, 1347.0) 
Voter 48: ID 374; Choice (1356.0, 433.0, 192.0, 1889.0, 193.0, 1905.0, 2092.0, 2121.0, 191.0) 
Voter 49: ID 174; Choice (1356.0, 2183.0, 433.0, 192.0, 1889.0, 1347.0, 2092.0) 
Voter 50: ID 681; Choice (1356.0, 2183.0, 433.0, 192.0, 1889.0, 1347.0, 2092.0) 
---------------------------------------------------------------------------
After Iteration 4 :
Voter 1: ID 237; Choice (1356.0, 2183.0, 192.0, 1889.0, 193.0, 1905.0, 2092.0, 191.0) 
Voter 2: ID 720; Choice (1356.0, 2183.0, 192.0, 1889.0, 193.0, 1905.0, 2092.0, 191.0, 1347.0) 
Voter 3: ID 675; Choice (1356.0, 2183.0, 192.0, 1889.0, 193.0, 1905.0, 2092.0, 191.0, 1347.0) 
Voter 4: ID 548; Choice (2183.0, 1889.0, 1347.0, 1905.0, 2092.0, 2121.0, 191.0) 
Voter 5: ID 353; Choice (1356.0, 2183.0, 192.0, 1889.0, 193.0, 1905.0, 2092.0, 191.0, 1347.0) 
Voter 6: ID 351; Choice (1356.0, 2183.0, 192.0, 1889.0, 193.0, 1905.0, 2092.0, 191.0, 1347.0) 
Voter 7: ID 704; Choice (1356.0, 2183.0, 192.0, 1889.0, 193.0, 1905.0, 2092.0, 191.0, 1347.0) 
Voter 8: ID 63; Choice (1356.0, 2183.0, 192.0, 1889.0, 193.0, 1905.0, 2092.0, 191.0, 1347.0) 
Voter 9: ID 206; Choice (1356.0, 2183.0, 192.0, 1889.0, 193.0, 1905.0, 2092.0, 191.0, 1347.0) 
Voter 10: ID 181; Choice (1356.0, 2183.0, 192.0, 1889.0, 193.0, 1905.0, 2092.0, 191.0, 1347.0) 
Voter 11: ID 243; Choice (1356.0, 2183.0, 192.0, 1889.0, 193.0, 1905.0, 2092.0, 191.0, 1347.0) 
Voter 12: ID 369; Choice (1356.0, 2183.0, 192.0, 1889.0, 193.0, 1905.0, 2092.0, 191.0, 1347.0) 
Voter 13: ID 550; Choice (1356.0, 2183.0, 192.0, 1889.0, 193.0, 1905.0, 2092.0, 191.0, 1347.0) 
Voter 14: ID 59; Choice (1356.0, 2183.0, 192.0, 1889.0, 193.0, 1905.0, 2092.0, 191.0, 1347.0) 
Voter 15: ID 102; Choice (1356.0, 2183.0, 192.0, 1889.0, 193.0, 1905.0, 2092.0, 191.0, 1347.0) 
Voter 16: ID 677; Choice (1356.0, 2183.0, 192.0, 1889.0, 193.0, 1905.0, 2092.0, 191.0, 1347.0) 
Voter 17: ID 630; Choice (1356.0, 2183.0, 192.0, 1889.0, 193.0, 1905.0, 2092.0, 191.0, 1347.0) 
Voter 18: ID 4; Choice (1356.0, 2183.0, 433.0, 192.0, 1889.0, 1347.0, 2092.0) 
Voter 19: ID 447; Choice (1356.0, 2183.0, 192.0, 1889.0, 193.0, 1905.0, 2092.0, 191.0, 1347.0) 
Voter 20: ID 118; Choice (2141.0, 2183.0, 1889.0, 193.0, 1347.0, 1905.0, 2121.0, 191.0) 
Voter 21: ID 624; Choice (1356.0, 2183.0, 192.0, 1889.0, 193.0, 1905.0, 2092.0, 191.0, 1347.0) 
Voter 22: ID 123; Choice (1356.0, 2183.0, 192.0, 1889.0, 193.0, 1905.0, 2092.0, 191.0, 1347.0) 
Voter 23: ID 24; Choice (1356.0, 2183.0, 192.0, 1889.0, 193.0, 1905.0, 2092.0, 191.0, 1347.0) 
Voter 24: ID 499; Choice (2141.0, 2183.0, 192.0, 193.0, 1905.0, 2092.0, 2121.0, 191.0) 
Voter 25: ID 73; Choice (1356.0, 2183.0, 192.0, 1889.0, 193.0, 1905.0, 2092.0, 191.0, 1347.0) 
Voter 26: ID 512; Choice (1356.0, 2183.0, 192.0, 1889.0, 193.0, 1905.0, 2092.0, 191.0, 1347.0) 
Voter 27: ID 147; Choice (1356.0, 2183.0, 192.0, 1889.0, 193.0, 1905.0, 2092.0, 191.0, 1347.0) 
Voter 28: ID 686; Choice (1356.0, 2183.0, 192.0, 1889.0, 193.0, 1905.0, 2092.0, 191.0) 
Voter 29: ID 266; Choice (1356.0, 2183.0, 192.0, 1889.0, 193.0, 1905.0, 2092.0, 191.0, 1347.0) 
Voter 30: ID 733; Choice (1356.0, 2183.0, 192.0, 1889.0, 193.0, 1905.0, 2092.0, 191.0, 1347.0) 
Voter 31: ID 601; Choice (2141.0, 2183.0, 193.0, 1347.0, 1905.0, 2092.0, 2121.0, 191.0) 
Voter 32: ID 378; Choice (1356.0, 2183.0, 192.0, 1889.0, 193.0, 1905.0, 2092.0, 191.0, 1347.0) 
Voter 33: ID 609; Choice (192.0, 1889.0, 193.0, 1347.0, 1905.0, 2092.0, 2121.0) 
Voter 34: ID 471; Choice (192.0, 1889.0, 193.0, 1347.0, 1905.0, 2092.0, 2121.0) 
Voter 35: ID 685; Choice (1356.0, 2183.0, 433.0, 1889.0, 193.0, 1905.0, 2092.0, 191.0) 
Voter 36: ID 230; Choice (1356.0, 2183.0, 192.0, 1889.0, 193.0, 1905.0, 2092.0, 191.0, 1347.0) 
Voter 37: ID 294; Choice (1356.0, 2183.0, 192.0, 1889.0, 193.0, 1905.0, 2092.0, 191.0, 1347.0) 
Voter 38: ID 127; Choice (1356.0, 2183.0, 192.0, 1889.0, 193.0, 1905.0, 2092.0, 191.0, 1347.0) 
Voter 39: ID 688; Choice (192.0, 1889.0, 193.0, 1347.0, 1905.0, 2092.0, 2121.0) 
Voter 40: ID 257; Choice (2141.0, 1356.0, 2183.0, 192.0, 193.0, 1347.0, 2121.0, 191.0) 
Voter 41: ID 629; Choice (2141.0, 1356.0, 2183.0, 192.0, 1347.0, 1905.0, 2092.0, 2121.0, 191.0) 
Voter 42: ID 577; Choice (1356.0, 2183.0, 192.0, 1889.0, 193.0, 1905.0, 2092.0, 191.0, 1347.0) 
Voter 43: ID 485; Choice (1356.0, 2183.0, 433.0, 1889.0, 193.0, 1905.0, 2092.0, 191.0) 
Voter 44: ID 359; Choice (1356.0, 2183.0, 192.0, 1889.0, 193.0, 1905.0, 2092.0, 191.0, 1347.0) 
Voter 45: ID 423; Choice (1356.0, 2183.0, 192.0, 1889.0, 193.0, 1905.0, 2092.0, 191.0, 1347.0) 
Voter 46: ID 313; Choice (1356.0, 2183.0, 192.0, 1889.0, 193.0, 1905.0, 2092.0, 191.0, 1347.0) 
Voter 47: ID 565; Choice (1356.0, 2183.0, 192.0, 1889.0, 193.0, 1905.0, 2092.0, 191.0, 1347.0) 
Voter 48: ID 374; Choice (1356.0, 2183.0, 192.0, 1889.0, 193.0, 1905.0, 2092.0, 191.0, 1347.0) 
Voter 49: ID 174; Choice (1356.0, 2183.0, 192.0, 1889.0, 193.0, 1905.0, 2092.0, 191.0, 1347.0) 
Voter 50: ID 681; Choice (1356.0, 2183.0, 192.0, 1889.0, 193.0, 1905.0, 2092.0, 191.0, 1347.0) 
---------------------------------------------------------------------------
After Iteration 5 :
Voter 1: ID 237; Choice (1356.0, 2183.0, 433.0, 1889.0, 193.0, 1905.0, 2092.0, 191.0) 
Voter 2: ID 720; Choice (1356.0, 2183.0, 192.0, 1889.0, 193.0, 1905.0, 2092.0, 191.0, 1347.0) 
Voter 3: ID 675; Choice (1356.0, 2183.0, 192.0, 1889.0, 193.0, 1905.0, 2092.0, 191.0, 1347.0) 
Voter 4: ID 548; Choice (192.0, 1889.0, 193.0, 1347.0, 1905.0, 2092.0, 2121.0) 
Voter 5: ID 353; Choice (192.0, 1889.0, 193.0, 1347.0, 1905.0, 2092.0, 2121.0) 
Voter 6: ID 351; Choice (1356.0, 2183.0, 192.0, 1889.0, 193.0, 1905.0, 2092.0, 191.0, 1347.0) 
Voter 7: ID 704; Choice (1356.0, 2183.0, 192.0, 1889.0, 193.0, 1905.0, 2092.0, 191.0, 1347.0) 
Voter 8: ID 63; Choice (2141.0, 1356.0, 2183.0, 192.0, 193.0, 1905.0, 2092.0, 191.0) 
Voter 9: ID 206; Choice (192.0, 1889.0, 193.0, 1347.0, 1905.0, 2092.0, 2121.0) 
Voter 10: ID 181; Choice (1356.0, 2183.0, 192.0, 1889.0, 193.0, 1905.0, 2092.0, 191.0, 1347.0) 
Voter 11: ID 243; Choice (1356.0, 2183.0, 192.0, 1889.0, 193.0, 1905.0, 2092.0, 191.0, 1347.0) 
Voter 12: ID 369; Choice (1356.0, 2183.0, 192.0, 1889.0, 193.0, 1905.0, 2092.0, 191.0, 1347.0) 
Voter 13: ID 550; Choice (192.0, 1889.0, 193.0, 1347.0, 1905.0, 2092.0, 2121.0) 
Voter 14: ID 59; Choice (1356.0, 2183.0, 192.0, 1889.0, 193.0, 1905.0, 2092.0, 191.0, 1347.0) 
Voter 15: ID 102; Choice (2141.0, 1356.0, 192.0, 1889.0, 193.0, 1347.0, 1905.0, 2092.0, 191.0) 
Voter 16: ID 677; Choice (1356.0, 2183.0, 433.0, 1889.0, 193.0, 1905.0, 2092.0, 191.0) 
Voter 17: ID 630; Choice (1356.0, 2183.0, 192.0, 1889.0, 193.0, 1905.0, 2092.0, 191.0, 1347.0) 
Voter 18: ID 4; Choice (1356.0, 2183.0, 192.0, 1889.0, 193.0, 1905.0, 2092.0, 191.0, 1347.0) 
Voter 19: ID 447; Choice (1356.0, 2183.0, 192.0, 1889.0, 193.0, 1905.0, 2092.0, 191.0, 1347.0) 
Voter 20: ID 118; Choice (2141.0, 2183.0, 1889.0, 193.0, 1347.0, 1905.0, 2121.0, 191.0) 
Voter 21: ID 624; Choice (1356.0, 2183.0, 192.0, 1889.0, 193.0, 1905.0, 2092.0, 191.0, 1347.0) 
Voter 22: ID 123; Choice (1356.0, 2183.0, 192.0, 1889.0, 193.0, 1905.0, 2092.0, 191.0, 1347.0) 
Voter 23: ID 24; Choice (2141.0, 2183.0, 193.0, 1347.0, 1905.0, 2092.0, 2121.0, 191.0) 
Voter 24: ID 499; Choice (192.0, 1889.0, 193.0, 1347.0, 1905.0, 2092.0, 2121.0) 
Voter 25: ID 73; Choice (1356.0, 2183.0, 192.0, 1889.0, 193.0, 1905.0, 2092.0, 191.0, 1347.0) 
Voter 26: ID 512; Choice (1356.0, 2183.0, 192.0, 1889.0, 193.0, 1905.0, 2092.0, 191.0, 1347.0) 
Voter 27: ID 147; Choice (192.0, 1889.0, 193.0, 1347.0, 1905.0, 2092.0, 2121.0) 
Voter 28: ID 686; Choice (192.0, 1889.0, 193.0, 1347.0, 1905.0, 2092.0, 2121.0) 
Voter 29: ID 266; Choice (192.0, 1889.0, 193.0, 1347.0, 1905.0, 2092.0, 2121.0) 
Voter 30: ID 733; Choice (1356.0, 2183.0, 192.0, 1889.0, 193.0, 1905.0, 2092.0, 191.0, 1347.0) 
Voter 31: ID 601; Choice (192.0, 1889.0, 193.0, 1347.0, 1905.0, 2092.0, 2121.0) 
Voter 32: ID 378; Choice (2141.0, 1356.0, 192.0, 1889.0, 193.0, 1347.0, 1905.0, 2092.0, 191.0) 
Voter 33: ID 609; Choice (2141.0, 1356.0, 2183.0, 192.0, 1347.0, 1905.0, 2092.0, 2121.0, 191.0) 
Voter 34: ID 471; Choice (192.0, 1889.0, 193.0, 1347.0, 1905.0, 2092.0, 2121.0) 
Voter 35: ID 685; Choice (1356.0, 2183.0, 433.0, 1889.0, 193.0, 1905.0, 2092.0, 191.0) 
Voter 36: ID 230; Choice (1356.0, 2183.0, 192.0, 1889.0, 193.0, 1905.0, 2092.0, 191.0, 1347.0) 
Voter 37: ID 294; Choice (192.0, 1889.0, 193.0, 1347.0, 1905.0, 2092.0, 2121.0) 
Voter 38: ID 127; Choice (1356.0, 2183.0, 192.0, 1889.0, 193.0, 1905.0, 2092.0, 191.0, 1347.0) 
Voter 39: ID 688; Choice (192.0, 1889.0, 193.0, 1347.0, 1905.0, 2092.0, 2121.0) 
Voter 40: ID 257; Choice (1356.0, 2183.0, 192.0, 1889.0, 193.0, 1905.0, 2092.0, 191.0, 1347.0) 
Voter 41: ID 629; Choice (192.0, 1889.0, 193.0, 1347.0, 1905.0, 2092.0, 2121.0) 
Voter 42: ID 577; Choice (2141.0, 2183.0, 192.0, 193.0, 1905.0, 2092.0, 2121.0, 191.0) 
Voter 43: ID 485; Choice (1356.0, 2183.0, 433.0, 1889.0, 193.0, 1905.0, 2092.0, 191.0) 
Voter 44: ID 359; Choice (1356.0, 2183.0, 192.0, 1889.0, 193.0, 1905.0, 2092.0, 191.0, 1347.0) 
Voter 45: ID 423; Choice (192.0, 1889.0, 193.0, 1347.0, 1905.0, 2092.0, 2121.0) 
Voter 46: ID 313; Choice (1356.0, 2183.0, 192.0, 1889.0, 193.0, 1905.0, 2092.0, 191.0, 1347.0) 
Voter 47: ID 565; Choice (1356.0, 2183.0, 192.0, 1889.0, 193.0, 1905.0, 2092.0, 191.0, 1347.0) 
Voter 48: ID 374; Choice (192.0, 1889.0, 193.0, 1347.0, 1905.0, 2092.0, 2121.0) 
Voter 49: ID 174; Choice (1356.0, 2183.0, 192.0, 1889.0, 193.0, 1905.0, 2092.0, 191.0, 1347.0) 
Voter 50: ID 681; Choice (1356.0, 2183.0, 192.0, 1889.0, 193.0, 1905.0, 2092.0, 191.0, 1347.0) 
---------------------------------------------------------------------------
After Iteration 6 :
Voter 1: ID 237; Choice (1356.0, 2183.0, 433.0, 1889.0, 193.0, 1905.0, 2092.0, 191.0) 
Voter 2: ID 720; Choice (1356.0, 2183.0, 192.0, 1889.0, 193.0, 1905.0, 2092.0, 191.0, 1347.0) 
Voter 3: ID 675; Choice (1356.0, 2183.0, 192.0, 1889.0, 193.0, 1905.0, 2092.0, 191.0, 1347.0) 
Voter 4: ID 548; Choice (1356.0, 2183.0, 192.0, 1889.0, 193.0, 1905.0, 2092.0, 191.0, 1347.0) 
Voter 5: ID 353; Choice (1356.0, 2183.0, 192.0, 1889.0, 193.0, 1905.0, 2092.0, 191.0, 1347.0) 
Voter 6: ID 351; Choice (1356.0, 2183.0, 192.0, 1889.0, 193.0, 1905.0, 2092.0, 191.0, 1347.0) 
Voter 7: ID 704; Choice (1356.0, 2183.0, 192.0, 1889.0, 193.0, 1905.0, 2092.0, 191.0, 1347.0) 
Voter 8: ID 63; Choice (1356.0, 2183.0, 192.0, 1889.0, 193.0, 1905.0, 2092.0, 191.0, 1347.0) 
Voter 9: ID 206; Choice (1356.0, 2183.0, 192.0, 1889.0, 193.0, 1905.0, 2092.0, 191.0, 1347.0) 
Voter 10: ID 181; Choice (1356.0, 2183.0, 192.0, 1889.0, 193.0, 1905.0, 2092.0, 191.0, 1347.0) 
Voter 11: ID 243; Choice (1356.0, 2183.0, 192.0, 1889.0, 193.0, 1905.0, 2092.0, 191.0, 1347.0) 
Voter 12: ID 369; Choice (1356.0, 2183.0, 192.0, 1889.0, 193.0, 1905.0, 2092.0, 191.0, 1347.0) 
Voter 13: ID 550; Choice (1356.0, 2183.0, 192.0, 1889.0, 193.0, 1905.0, 2092.0, 191.0, 1347.0) 
Voter 14: ID 59; Choice (1356.0, 2183.0, 192.0, 1889.0, 193.0, 1905.0, 2092.0, 191.0, 1347.0) 
Voter 15: ID 102; Choice (1356.0, 2183.0, 192.0, 1889.0, 193.0, 1905.0, 2092.0, 191.0, 1347.0) 
Voter 16: ID 677; Choice (1356.0, 2183.0, 192.0, 1889.0, 193.0, 1905.0, 2092.0, 191.0, 1347.0) 
Voter 17: ID 630; Choice (1356.0, 2183.0, 192.0, 1889.0, 193.0, 1905.0, 2092.0, 191.0, 1347.0) 
Voter 18: ID 4; Choice (1356.0, 2183.0, 192.0, 1889.0, 193.0, 1905.0, 2092.0, 191.0, 1347.0) 
Voter 19: ID 447; Choice (1356.0, 2183.0, 192.0, 1889.0, 193.0, 1905.0, 2092.0, 191.0, 1347.0) 
Voter 20: ID 118; Choice (2141.0, 2183.0, 1889.0, 193.0, 1347.0, 1905.0, 2121.0, 191.0) 
Voter 21: ID 624; Choice (1356.0, 2183.0, 192.0, 1889.0, 193.0, 1905.0, 2092.0, 191.0, 1347.0) 
Voter 22: ID 123; Choice (1356.0, 2183.0, 192.0, 1889.0, 193.0, 1905.0, 2092.0, 191.0, 1347.0) 
Voter 23: ID 24; Choice (1356.0, 2183.0, 192.0, 1889.0, 193.0, 1905.0, 2092.0, 191.0, 1347.0) 
Voter 24: ID 499; Choice (1356.0, 2183.0, 192.0, 1889.0, 193.0, 1905.0, 2092.0, 191.0, 1347.0) 
Voter 25: ID 73; Choice (1356.0, 2183.0, 192.0, 1889.0, 193.0, 1905.0, 2092.0, 191.0, 1347.0) 
Voter 26: ID 512; Choice (1356.0, 2183.0, 192.0, 1889.0, 193.0, 1905.0, 2092.0, 191.0, 1347.0) 
Voter 27: ID 147; Choice (1356.0, 2183.0, 192.0, 1889.0, 193.0, 1905.0, 2092.0, 191.0, 1347.0) 
Voter 28: ID 686; Choice (1356.0, 2183.0, 192.0, 1889.0, 193.0, 1905.0, 2092.0, 191.0) 
Voter 29: ID 266; Choice (1356.0, 2183.0, 192.0, 1889.0, 193.0, 1905.0, 2092.0, 191.0, 1347.0) 
Voter 30: ID 733; Choice (1356.0, 2183.0, 192.0, 1889.0, 193.0, 1905.0, 2092.0, 191.0, 1347.0) 
Voter 31: ID 601; Choice (1356.0, 2183.0, 192.0, 1889.0, 193.0, 1905.0, 2092.0, 191.0, 1347.0) 
Voter 32: ID 378; Choice (1356.0, 2183.0, 192.0, 1889.0, 193.0, 1905.0, 2092.0, 191.0, 1347.0) 
Voter 33: ID 609; Choice (1356.0, 2183.0, 192.0, 1889.0, 193.0, 1905.0, 2092.0, 191.0, 1347.0) 
Voter 34: ID 471; Choice (192.0, 1889.0, 193.0, 1347.0, 1905.0, 2092.0, 2121.0) 
Voter 35: ID 685; Choice (1356.0, 2183.0, 192.0, 1889.0, 193.0, 1905.0, 2092.0, 191.0, 1347.0) 
Voter 36: ID 230; Choice (1356.0, 2183.0, 192.0, 1889.0, 193.0, 1905.0, 2092.0, 191.0, 1347.0) 
Voter 37: ID 294; Choice (1356.0, 2183.0, 192.0, 1889.0, 193.0, 1905.0, 2092.0, 191.0, 1347.0) 
Voter 38: ID 127; Choice (1356.0, 2183.0, 192.0, 1889.0, 193.0, 1905.0, 2092.0, 191.0, 1347.0) 
Voter 39: ID 688; Choice (1356.0, 2183.0, 192.0, 1889.0, 193.0, 1905.0, 2092.0, 191.0, 1347.0) 
Voter 40: ID 257; Choice (1356.0, 2183.0, 192.0, 1889.0, 193.0, 1905.0, 2092.0, 191.0, 1347.0) 
Voter 41: ID 629; Choice (1356.0, 2183.0, 192.0, 1889.0, 193.0, 1905.0, 2092.0, 191.0, 1347.0) 
Voter 42: ID 577; Choice (1356.0, 2183.0, 192.0, 1889.0, 193.0, 1905.0, 2092.0, 191.0, 1347.0) 
Voter 43: ID 485; Choice (1356.0, 2183.0, 192.0, 1889.0, 193.0, 1905.0, 2092.0, 191.0, 1347.0) 
Voter 44: ID 359; Choice (1356.0, 2183.0, 192.0, 1889.0, 193.0, 1905.0, 2092.0, 191.0, 1347.0) 
Voter 45: ID 423; Choice (1356.0, 2183.0, 192.0, 1889.0, 193.0, 1905.0, 2092.0, 191.0, 1347.0) 
Voter 46: ID 313; Choice (1356.0, 2183.0, 192.0, 1889.0, 193.0, 1905.0, 2092.0, 191.0, 1347.0) 
Voter 47: ID 565; Choice (1356.0, 2183.0, 192.0, 1889.0, 193.0, 1905.0, 2092.0, 191.0, 1347.0) 
Voter 48: ID 374; Choice (1356.0, 2183.0, 192.0, 1889.0, 193.0, 1905.0, 2092.0, 191.0, 1347.0) 
Voter 49: ID 174; Choice (1356.0, 2183.0, 192.0, 1889.0, 193.0, 1905.0, 2092.0, 191.0, 1347.0) 
Voter 50: ID 681; Choice (1356.0, 2183.0, 192.0, 1889.0, 193.0, 1905.0, 2092.0, 191.0, 1347.0) 
---------------------------------------------------------------------------
After Iteration 7 :
Voter 1: ID 237; Choice (1356.0, 2183.0, 192.0, 1889.0, 193.0, 1905.0, 2092.0, 191.0, 1347.0) 
Voter 2: ID 720; Choice (1356.0, 2183.0, 192.0, 1889.0, 193.0, 1905.0, 2092.0, 191.0, 1347.0) 
Voter 3: ID 675; Choice (1356.0, 2183.0, 192.0, 1889.0, 193.0, 1905.0, 2092.0, 191.0, 1347.0) 
Voter 4: ID 548; Choice (1356.0, 2183.0, 192.0, 1889.0, 193.0, 1905.0, 2092.0, 191.0, 1347.0) 
Voter 5: ID 353; Choice (1356.0, 2183.0, 433.0, 1889.0, 193.0, 1905.0, 2092.0, 191.0) 
Voter 6: ID 351; Choice (1356.0, 2183.0, 192.0, 1889.0, 193.0, 1905.0, 2092.0, 191.0, 1347.0) 
Voter 7: ID 704; Choice (1356.0, 2183.0, 433.0, 1889.0, 193.0, 1905.0, 2092.0, 191.0) 
Voter 8: ID 63; Choice (1356.0, 2183.0, 433.0, 1889.0, 193.0, 1905.0, 2092.0, 191.0) 
Voter 9: ID 206; Choice (1356.0, 2183.0, 192.0, 1889.0, 193.0, 1905.0, 2092.0, 191.0, 1347.0) 
Voter 10: ID 181; Choice (1356.0, 2183.0, 192.0, 1889.0, 193.0, 1905.0, 2092.0, 191.0, 1347.0) 
Voter 11: ID 243; Choice (1356.0, 2183.0, 192.0, 1889.0, 193.0, 1905.0, 2092.0, 191.0, 1347.0) 
Voter 12: ID 369; Choice (1356.0, 2183.0, 433.0, 1889.0, 193.0, 1905.0, 2092.0, 191.0) 
Voter 13: ID 550; Choice (1356.0, 2183.0, 192.0, 1889.0, 193.0, 1905.0, 2092.0, 191.0, 1347.0) 
Voter 14: ID 59; Choice (1356.0, 2183.0, 433.0, 1889.0, 193.0, 1905.0, 2092.0, 191.0) 
Voter 15: ID 102; Choice (1356.0, 2183.0, 433.0, 1889.0, 193.0, 1905.0, 2092.0, 191.0) 
Voter 16: ID 677; Choice (1356.0, 2183.0, 192.0, 1889.0, 193.0, 1905.0, 2092.0, 191.0, 1347.0) 
Voter 17: ID 630; Choice (1356.0, 2183.0, 192.0, 1889.0, 193.0, 1905.0, 2092.0, 191.0, 1347.0) 
Voter 18: ID 4; Choice (1356.0, 2183.0, 192.0, 1889.0, 193.0, 1905.0, 2092.0, 191.0, 1347.0) 
Voter 19: ID 447; Choice (1356.0, 2183.0, 433.0, 1889.0, 193.0, 1905.0, 2092.0, 191.0) 
Voter 20: ID 118; Choice (192.0, 1889.0, 193.0, 1347.0, 1905.0, 2092.0, 2121.0) 
Voter 21: ID 624; Choice (1356.0, 2183.0, 192.0, 1889.0, 193.0, 1905.0, 2092.0, 191.0, 1347.0) 
Voter 22: ID 123; Choice (1356.0, 2183.0, 192.0, 1889.0, 193.0, 1905.0, 2092.0, 191.0, 1347.0) 
Voter 23: ID 24; Choice (2141.0, 2183.0, 193.0, 1347.0, 1905.0, 2092.0, 2121.0, 191.0) 
Voter 24: ID 499; Choice (1356.0, 2183.0, 192.0, 1889.0, 193.0, 1905.0, 2092.0, 191.0, 1347.0) 
Voter 25: ID 73; Choice (1356.0, 2183.0, 433.0, 1889.0, 193.0, 1905.0, 2092.0, 191.0) 
Voter 26: ID 512; Choice (1356.0, 2183.0, 433.0, 1889.0, 193.0, 1905.0, 2092.0, 191.0) 
Voter 27: ID 147; Choice (1356.0, 2183.0, 192.0, 1889.0, 193.0, 1905.0, 2092.0, 191.0, 1347.0) 
Voter 28: ID 686; Choice (1356.0, 2183.0, 192.0, 1889.0, 193.0, 1905.0, 2092.0, 191.0, 1347.0) 
Voter 29: ID 266; Choice (1356.0, 2183.0, 192.0, 1889.0, 193.0, 1905.0, 2092.0, 191.0, 1347.0) 
Voter 30: ID 733; Choice (1356.0, 2183.0, 192.0, 1889.0, 193.0, 1905.0, 2092.0, 191.0, 1347.0) 
Voter 31: ID 601; Choice (1356.0, 2183.0, 192.0, 1889.0, 193.0, 1905.0, 2092.0, 191.0, 1347.0) 
Voter 32: ID 378; Choice (1356.0, 2183.0, 433.0, 1889.0, 193.0, 1905.0, 2092.0, 191.0) 
Voter 33: ID 609; Choice (1356.0, 2183.0, 433.0, 1889.0, 193.0, 1905.0, 2092.0, 191.0) 
Voter 34: ID 471; Choice (1356.0, 2183.0, 192.0, 1889.0, 193.0, 1905.0, 2092.0, 191.0, 1347.0) 
Voter 35: ID 685; Choice (1356.0, 2183.0, 433.0, 1889.0, 193.0, 1905.0, 2092.0, 191.0) 
Voter 36: ID 230; Choice (1356.0, 2183.0, 192.0, 1889.0, 193.0, 1905.0, 2092.0, 191.0, 1347.0) 
Voter 37: ID 294; Choice (192.0, 1889.0, 193.0, 1347.0, 1905.0, 2092.0, 2121.0) 
Voter 38: ID 127; Choice (1356.0, 2183.0, 192.0, 1889.0, 193.0, 1905.0, 2092.0, 191.0, 1347.0) 
Voter 39: ID 688; Choice (1356.0, 2183.0, 192.0, 1889.0, 193.0, 1905.0, 2092.0, 191.0, 1347.0) 
Voter 40: ID 257; Choice (1356.0, 2183.0, 192.0, 1889.0, 193.0, 1905.0, 2092.0, 191.0, 1347.0) 
Voter 41: ID 629; Choice (1356.0, 2183.0, 192.0, 1889.0, 193.0, 1905.0, 2092.0, 191.0, 1347.0) 
Voter 42: ID 577; Choice (1356.0, 2183.0, 433.0, 1889.0, 193.0, 1905.0, 2092.0, 191.0) 
Voter 43: ID 485; Choice (1356.0, 2183.0, 192.0, 1889.0, 193.0, 1905.0, 2092.0, 191.0, 1347.0) 
Voter 44: ID 359; Choice (1356.0, 2183.0, 192.0, 1889.0, 193.0, 1905.0, 2092.0, 191.0, 1347.0) 
Voter 45: ID 423; Choice (192.0, 1889.0, 193.0, 1347.0, 1905.0, 2092.0, 2121.0) 
Voter 46: ID 313; Choice (1356.0, 2183.0, 433.0, 1889.0, 193.0, 1905.0, 2092.0, 191.0) 
Voter 47: ID 565; Choice (1356.0, 2183.0, 192.0, 1889.0, 193.0, 1905.0, 2092.0, 191.0, 1347.0) 
Voter 48: ID 374; Choice (1356.0, 2183.0, 192.0, 1889.0, 193.0, 1905.0, 2092.0, 191.0, 1347.0) 
Voter 49: ID 174; Choice (1356.0, 2183.0, 192.0, 1889.0, 193.0, 1905.0, 2092.0, 191.0, 1347.0) 
Voter 50: ID 681; Choice (1356.0, 2183.0, 433.0, 1889.0, 193.0, 1905.0, 2092.0, 191.0) 
---------------------------------------------------------------------------
After Iteration 8 :
Voter 1: ID 237; Choice (1356.0, 2183.0, 192.0, 1889.0, 193.0, 1905.0, 2092.0, 191.0, 1347.0) 
Voter 2: ID 720; Choice (1356.0, 2183.0, 192.0, 1889.0, 193.0, 1905.0, 2092.0, 191.0, 1347.0) 
Voter 3: ID 675; Choice (1356.0, 2183.0, 192.0, 1889.0, 193.0, 1905.0, 2092.0, 191.0, 1347.0) 
Voter 4: ID 548; Choice (1356.0, 2183.0, 192.0, 1889.0, 193.0, 1905.0, 2092.0, 191.0, 1347.0) 
Voter 5: ID 353; Choice (1356.0, 2183.0, 192.0, 1889.0, 193.0, 1905.0, 2092.0, 191.0, 1347.0) 
Voter 6: ID 351; Choice (1356.0, 2183.0, 192.0, 1889.0, 193.0, 1905.0, 2092.0, 191.0, 1347.0) 
Voter 7: ID 704; Choice (1356.0, 2183.0, 192.0, 1889.0, 193.0, 1905.0, 2092.0, 191.0, 1347.0) 
Voter 8: ID 63; Choice (1356.0, 2183.0, 192.0, 1889.0, 193.0, 1905.0, 2092.0, 191.0, 1347.0) 
Voter 9: ID 206; Choice (1356.0, 2183.0, 192.0, 1889.0, 193.0, 1905.0, 2092.0, 191.0, 1347.0) 
Voter 10: ID 181; Choice (1356.0, 2183.0, 192.0, 1889.0, 193.0, 1905.0, 2092.0, 191.0, 1347.0) 
Voter 11: ID 243; Choice (1356.0, 2183.0, 192.0, 1889.0, 193.0, 1905.0, 2092.0, 191.0, 1347.0) 
Voter 12: ID 369; Choice (1356.0, 2183.0, 192.0, 1889.0, 193.0, 1905.0, 2092.0, 191.0, 1347.0) 
Voter 13: ID 550; Choice (1356.0, 2183.0, 192.0, 1889.0, 193.0, 1905.0, 2092.0, 191.0, 1347.0) 
Voter 14: ID 59; Choice (1356.0, 2183.0, 192.0, 1889.0, 193.0, 1905.0, 2092.0, 191.0, 1347.0) 
Voter 15: ID 102; Choice (1356.0, 2183.0, 433.0, 1889.0, 193.0, 1905.0, 2092.0, 191.0) 
Voter 16: ID 677; Choice (1356.0, 2183.0, 192.0, 1889.0, 193.0, 1905.0, 2092.0, 191.0, 1347.0) 
Voter 17: ID 630; Choice (1356.0, 2183.0, 192.0, 1889.0, 193.0, 1905.0, 2092.0, 191.0, 1347.0) 
Voter 18: ID 4; Choice (1356.0, 2183.0, 192.0, 1889.0, 193.0, 1905.0, 2092.0, 191.0, 1347.0) 
Voter 19: ID 447; Choice (1356.0, 2183.0, 433.0, 1889.0, 193.0, 1905.0, 2092.0, 191.0) 
Voter 20: ID 118; Choice (1356.0, 2183.0, 192.0, 1889.0, 193.0, 1905.0, 2092.0, 191.0, 1347.0) 
Voter 21: ID 624; Choice (1356.0, 2183.0, 192.0, 1889.0, 193.0, 1905.0, 2092.0, 191.0, 1347.0) 
Voter 22: ID 123; Choice (1356.0, 2183.0, 192.0, 1889.0, 193.0, 1905.0, 2092.0, 191.0, 1347.0) 
Voter 23: ID 24; Choice (1356.0, 2183.0, 192.0, 1889.0, 193.0, 1905.0, 2092.0, 191.0, 1347.0) 
Voter 24: ID 499; Choice (1356.0, 2183.0, 192.0, 1889.0, 193.0, 1905.0, 2092.0, 191.0, 1347.0) 
Voter 25: ID 73; Choice (1356.0, 2183.0, 433.0, 1889.0, 193.0, 1905.0, 2092.0, 191.0) 
Voter 26: ID 512; Choice (1356.0, 2183.0, 433.0, 1889.0, 193.0, 1905.0, 2092.0, 191.0) 
Voter 27: ID 147; Choice (1356.0, 2183.0, 192.0, 1889.0, 193.0, 1905.0, 2092.0, 191.0, 1347.0) 
Voter 28: ID 686; Choice (1356.0, 2183.0, 192.0, 1889.0, 193.0, 1905.0, 2092.0, 191.0, 1347.0) 
Voter 29: ID 266; Choice (1356.0, 2183.0, 192.0, 1889.0, 193.0, 1905.0, 2092.0, 191.0, 1347.0) 
Voter 30: ID 733; Choice (1356.0, 2183.0, 192.0, 1889.0, 193.0, 1905.0, 2092.0, 191.0, 1347.0) 
Voter 31: ID 601; Choice (1356.0, 2183.0, 192.0, 1889.0, 193.0, 1905.0, 2092.0, 191.0, 1347.0) 
Voter 32: ID 378; Choice (1356.0, 2183.0, 192.0, 1889.0, 193.0, 1905.0, 2092.0, 191.0, 1347.0) 
Voter 33: ID 609; Choice (1356.0, 2183.0, 192.0, 1889.0, 193.0, 1905.0, 2092.0, 191.0, 1347.0) 
Voter 34: ID 471; Choice (1356.0, 2183.0, 192.0, 1889.0, 193.0, 1905.0, 2092.0, 191.0, 1347.0) 
Voter 35: ID 685; Choice (1356.0, 2183.0, 192.0, 1889.0, 193.0, 1905.0, 2092.0, 191.0, 1347.0) 
Voter 36: ID 230; Choice (1356.0, 2183.0, 192.0, 1889.0, 193.0, 1905.0, 2092.0, 191.0, 1347.0) 
Voter 37: ID 294; Choice (1356.0, 2183.0, 192.0, 1889.0, 193.0, 1905.0, 2092.0, 191.0, 1347.0) 
Voter 38: ID 127; Choice (1356.0, 2183.0, 192.0, 1889.0, 193.0, 1905.0, 2092.0, 191.0, 1347.0) 
Voter 39: ID 688; Choice (1356.0, 2183.0, 192.0, 1889.0, 193.0, 1905.0, 2092.0, 191.0, 1347.0) 
Voter 40: ID 257; Choice (1356.0, 2183.0, 192.0, 1889.0, 193.0, 1905.0, 2092.0, 191.0, 1347.0) 
Voter 41: ID 629; Choice (1356.0, 2183.0, 192.0, 1889.0, 193.0, 1905.0, 2092.0, 191.0, 1347.0) 
Voter 42: ID 577; Choice (1356.0, 2183.0, 192.0, 1889.0, 193.0, 1905.0, 2092.0, 191.0, 1347.0) 
Voter 43: ID 485; Choice (1356.0, 2183.0, 192.0, 1889.0, 193.0, 1905.0, 2092.0, 191.0, 1347.0) 
Voter 44: ID 359; Choice (1356.0, 2183.0, 192.0, 1889.0, 193.0, 1905.0, 2092.0, 191.0, 1347.0) 
Voter 45: ID 423; Choice (1356.0, 2183.0, 192.0, 1889.0, 193.0, 1905.0, 2092.0, 191.0, 1347.0) 
Voter 46: ID 313; Choice (1356.0, 2183.0, 192.0, 1889.0, 193.0, 1905.0, 2092.0, 191.0, 1347.0) 
Voter 47: ID 565; Choice (1356.0, 2183.0, 192.0, 1889.0, 193.0, 1905.0, 2092.0, 191.0, 1347.0) 
Voter 48: ID 374; Choice (1356.0, 2183.0, 192.0, 1889.0, 193.0, 1905.0, 2092.0, 191.0, 1347.0) 
Voter 49: ID 174; Choice (1356.0, 2183.0, 192.0, 1889.0, 193.0, 1905.0, 2092.0, 191.0, 1347.0) 
Voter 50: ID 681; Choice (1356.0, 2183.0, 192.0, 1889.0, 193.0, 1905.0, 2092.0, 191.0, 1347.0) 
---------------------------------------------------------------------------
After Iteration 9 :
Voter 1: ID 237; Choice (1356.0, 2183.0, 192.0, 1889.0, 193.0, 1905.0, 2092.0, 191.0, 1347.0) 
Voter 2: ID 720; Choice (1356.0, 2183.0, 192.0, 1889.0, 193.0, 1905.0, 2092.0, 191.0, 1347.0) 
Voter 3: ID 675; Choice (1356.0, 2183.0, 192.0, 1889.0, 193.0, 1905.0, 2092.0, 191.0, 1347.0) 
Voter 4: ID 548; Choice (1356.0, 2183.0, 192.0, 1889.0, 193.0, 1905.0, 2092.0, 191.0, 1347.0) 
Voter 5: ID 353; Choice (1356.0, 2183.0, 192.0, 1889.0, 193.0, 1905.0, 2092.0, 191.0, 1347.0) 
Voter 6: ID 351; Choice (1356.0, 2183.0, 192.0, 1889.0, 193.0, 1905.0, 2092.0, 191.0, 1347.0) 
Voter 7: ID 704; Choice (1356.0, 2183.0, 192.0, 1889.0, 193.0, 1905.0, 2092.0, 191.0, 1347.0) 
Voter 8: ID 63; Choice (1356.0, 2183.0, 192.0, 1889.0, 193.0, 1905.0, 2092.0, 191.0, 1347.0) 
Voter 9: ID 206; Choice (1356.0, 2183.0, 192.0, 1889.0, 193.0, 1905.0, 2092.0, 191.0, 1347.0) 
Voter 10: ID 181; Choice (1356.0, 2183.0, 192.0, 1889.0, 193.0, 1905.0, 2092.0, 191.0, 1347.0) 
Voter 11: ID 243; Choice (1356.0, 2183.0, 192.0, 1889.0, 193.0, 1905.0, 2092.0, 191.0, 1347.0) 
Voter 12: ID 369; Choice (1356.0, 2183.0, 192.0, 1889.0, 193.0, 1905.0, 2092.0, 191.0, 1347.0) 
Voter 13: ID 550; Choice (1356.0, 2183.0, 192.0, 1889.0, 193.0, 1905.0, 2092.0, 191.0, 1347.0) 
Voter 14: ID 59; Choice (1356.0, 2183.0, 192.0, 1889.0, 193.0, 1905.0, 2092.0, 191.0, 1347.0) 
Voter 15: ID 102; Choice (1356.0, 2183.0, 192.0, 1889.0, 193.0, 1905.0, 2092.0, 191.0, 1347.0) 
Voter 16: ID 677; Choice (1356.0, 2183.0, 192.0, 1889.0, 193.0, 1905.0, 2092.0, 191.0, 1347.0) 
Voter 17: ID 630; Choice (1356.0, 2183.0, 192.0, 1889.0, 193.0, 1905.0, 2092.0, 191.0, 1347.0) 
Voter 18: ID 4; Choice (1356.0, 2183.0, 192.0, 1889.0, 193.0, 1905.0, 2092.0, 191.0, 1347.0) 
Voter 19: ID 447; Choice (1356.0, 2183.0, 192.0, 1889.0, 193.0, 1905.0, 2092.0, 191.0, 1347.0) 
Voter 20: ID 118; Choice (1356.0, 2183.0, 192.0, 1889.0, 193.0, 1905.0, 2092.0, 191.0, 1347.0) 
Voter 21: ID 624; Choice (1356.0, 2183.0, 192.0, 1889.0, 193.0, 1905.0, 2092.0, 191.0, 1347.0) 
Voter 22: ID 123; Choice (1356.0, 2183.0, 192.0, 1889.0, 193.0, 1905.0, 2092.0, 191.0, 1347.0) 
Voter 23: ID 24; Choice (1356.0, 2183.0, 192.0, 1889.0, 193.0, 1905.0, 2092.0, 191.0, 1347.0) 
Voter 24: ID 499; Choice (1356.0, 2183.0, 192.0, 1889.0, 193.0, 1905.0, 2092.0, 191.0, 1347.0) 
Voter 25: ID 73; Choice (1356.0, 2183.0, 192.0, 1889.0, 193.0, 1905.0, 2092.0, 191.0, 1347.0) 
Voter 26: ID 512; Choice (1356.0, 2183.0, 192.0, 1889.0, 193.0, 1905.0, 2092.0, 191.0, 1347.0) 
Voter 27: ID 147; Choice (1356.0, 2183.0, 192.0, 1889.0, 193.0, 1905.0, 2092.0, 191.0, 1347.0) 
Voter 28: ID 686; Choice (1356.0, 2183.0, 192.0, 1889.0, 193.0, 1905.0, 2092.0, 191.0, 1347.0) 
Voter 29: ID 266; Choice (1356.0, 2183.0, 192.0, 1889.0, 193.0, 1905.0, 2092.0, 191.0, 1347.0) 
Voter 30: ID 733; Choice (1356.0, 2183.0, 192.0, 1889.0, 193.0, 1905.0, 2092.0, 191.0, 1347.0) 
Voter 31: ID 601; Choice (1356.0, 2183.0, 192.0, 1889.0, 193.0, 1905.0, 2092.0, 191.0, 1347.0) 
Voter 32: ID 378; Choice (1356.0, 2183.0, 192.0, 1889.0, 193.0, 1905.0, 2092.0, 191.0, 1347.0) 
Voter 33: ID 609; Choice (1356.0, 2183.0, 192.0, 1889.0, 193.0, 1905.0, 2092.0, 191.0, 1347.0) 
Voter 34: ID 471; Choice (1356.0, 2183.0, 192.0, 1889.0, 193.0, 1905.0, 2092.0, 191.0, 1347.0) 
Voter 35: ID 685; Choice (1356.0, 2183.0, 192.0, 1889.0, 193.0, 1905.0, 2092.0, 191.0, 1347.0) 
Voter 36: ID 230; Choice (1356.0, 2183.0, 192.0, 1889.0, 193.0, 1905.0, 2092.0, 191.0, 1347.0) 
Voter 37: ID 294; Choice (1356.0, 2183.0, 192.0, 1889.0, 193.0, 1905.0, 2092.0, 191.0, 1347.0) 
Voter 38: ID 127; Choice (1356.0, 2183.0, 192.0, 1889.0, 193.0, 1905.0, 2092.0, 191.0, 1347.0) 
Voter 39: ID 688; Choice (1356.0, 2183.0, 192.0, 1889.0, 193.0, 1905.0, 2092.0, 191.0, 1347.0) 
Voter 40: ID 257; Choice (1356.0, 2183.0, 192.0, 1889.0, 193.0, 1905.0, 2092.0, 191.0, 1347.0) 
Voter 41: ID 629; Choice (1356.0, 2183.0, 192.0, 1889.0, 193.0, 1905.0, 2092.0, 191.0, 1347.0) 
Voter 42: ID 577; Choice (1356.0, 2183.0, 192.0, 1889.0, 193.0, 1905.0, 2092.0, 191.0, 1347.0) 
Voter 43: ID 485; Choice (1356.0, 2183.0, 192.0, 1889.0, 193.0, 1905.0, 2092.0, 191.0, 1347.0) 
Voter 44: ID 359; Choice (1356.0, 2183.0, 192.0, 1889.0, 193.0, 1905.0, 2092.0, 191.0, 1347.0) 
Voter 45: ID 423; Choice (1356.0, 2183.0, 192.0, 1889.0, 193.0, 1905.0, 2092.0, 191.0, 1347.0) 
Voter 46: ID 313; Choice (1356.0, 2183.0, 192.0, 1889.0, 193.0, 1905.0, 2092.0, 191.0, 1347.0) 
Voter 47: ID 565; Choice (1356.0, 2183.0, 192.0, 1889.0, 193.0, 1905.0, 2092.0, 191.0, 1347.0) 
Voter 48: ID 374; Choice (1356.0, 2183.0, 192.0, 1889.0, 193.0, 1905.0, 2092.0, 191.0, 1347.0) 
Voter 49: ID 174; Choice (1356.0, 2183.0, 192.0, 1889.0, 193.0, 1905.0, 2092.0, 191.0, 1347.0) 
Voter 50: ID 681; Choice (1356.0, 2183.0, 192.0, 1889.0, 193.0, 1905.0, 2092.0, 191.0, 1347.0) 
---------------------------------------------------------------------------
Concensus reached after 9 iterations.
Max degree: 22 Number of valid combinations: 39 Using random find.
There are 1 opinions after all iterations.
(1356.0, 2183.0, 192.0, 1889.0, 193.0, 1905.0, 2092.0, 191.0, 1347.0) count: 50
