    project id    reward
0       1211.0 -0.444988
1       2141.0 -0.057202
2       1356.0  0.331482
3       2183.0  0.343395
4        433.0 -0.263659
5        192.0  0.232709
6       1889.0  0.302624
7        193.0  0.251523
8       1347.0  0.192139
9       1905.0  0.121838
10      2092.0  0.245409
11      2121.0 -0.136063
12       191.0  0.215283
Valid Combinations are:
(1356.0, 2183.0, 192.0, 1889.0, 193.0, 1905.0, 2092.0, 191.0, 1347.0)
(1356.0, 2183.0, 192.0, 1889.0, 193.0, 1905.0, 2092.0, 191.0)
(1211.0, 2141.0, 1356.0, 2183.0, 192.0, 193.0)
(1356.0, 2183.0, 433.0, 192.0, 1889.0, 193.0, 1347.0, 1905.0, 2092.0, 2121.0)
(2141.0, 1356.0, 2183.0, 192.0, 193.0, 1905.0, 2092.0, 2121.0, 191.0)
(2141.0, 1356.0, 192.0, 1889.0, 193.0, 1347.0, 1905.0, 2092.0, 2121.0)
(1356.0, 2183.0, 192.0, 1889.0, 1347.0, 1905.0, 2092.0, 2121.0, 191.0)
(1211.0, 1356.0, 2183.0, 1889.0, 193.0, 1347.0, 1905.0, 2092.0)
(2141.0, 1356.0, 2183.0, 433.0, 192.0, 1889.0, 1347.0, 1905.0)
(2141.0, 1356.0, 2183.0, 433.0, 192.0, 1889.0, 1347.0, 2092.0)
(2141.0, 1356.0, 2183.0, 192.0, 1889.0, 193.0, 1905.0, 2121.0)
(2141.0, 2183.0, 433.0, 192.0, 1889.0, 1347.0, 2092.0, 2121.0)
(2141.0, 433.0, 1889.0, 193.0, 1905.0, 2092.0, 2121.0, 191.0)
(1211.0, 1356.0, 2183.0, 192.0, 1889.0, 193.0, 1905.0)
(1211.0, 1356.0, 2183.0, 192.0, 1347.0, 2092.0, 191.0)
Initial Choices:
---------------------------------------------------------------------------
Voter 1: ID 325; Choice (1211.0, 1356.0, 2183.0, 192.0, 1889.0, 193.0, 1905.0) 
Voter 2: ID 598; Choice (1211.0, 2141.0, 1356.0, 2183.0, 192.0, 193.0) 
Voter 3: ID 593; Choice (1356.0, 2183.0, 192.0, 1889.0, 193.0, 1905.0, 2092.0, 191.0, 1347.0) 
Voter 4: ID 457; Choice (2141.0, 433.0, 1889.0, 193.0, 1905.0, 2092.0, 2121.0, 191.0) 
Voter 5: ID 636; Choice (2141.0, 2183.0, 433.0, 192.0, 1889.0, 1347.0, 2092.0, 2121.0) 
Voter 6: ID 737; Choice (1211.0, 1356.0, 2183.0, 192.0, 1347.0, 2092.0, 191.0) 
Voter 7: ID 116; Choice (2141.0, 1356.0, 2183.0, 192.0, 1889.0, 193.0, 1905.0, 2121.0) 
Voter 8: ID 570; Choice (2141.0, 1356.0, 2183.0, 192.0, 193.0, 1905.0, 2092.0, 2121.0, 191.0) 
Voter 9: ID 185; Choice (2141.0, 2183.0, 433.0, 192.0, 1889.0, 1347.0, 2092.0, 2121.0) 
Voter 10: ID 511; Choice (2141.0, 1356.0, 2183.0, 192.0, 193.0, 1905.0, 2092.0, 2121.0, 191.0) 
Voter 11: ID 645; Choice (1211.0, 1356.0, 2183.0, 192.0, 1889.0, 193.0, 1905.0) 
Voter 12: ID 525; Choice (2141.0, 1356.0, 2183.0, 433.0, 192.0, 1889.0, 1347.0, 2092.0) 
Voter 13: ID 441; Choice (2141.0, 1356.0, 2183.0, 192.0, 1889.0, 193.0, 1905.0, 2121.0) 
Voter 14: ID 75; Choice (1356.0, 2183.0, 192.0, 1889.0, 1347.0, 1905.0, 2092.0, 2121.0, 191.0) 
Voter 15: ID 661; Choice (2141.0, 1356.0, 2183.0, 433.0, 192.0, 1889.0, 1347.0, 2092.0) 
Voter 16: ID 296; Choice (1211.0, 2141.0, 1356.0, 2183.0, 192.0, 193.0) 
Voter 17: ID 398; Choice (1211.0, 1356.0, 2183.0, 192.0, 1889.0, 193.0, 1905.0) 
Voter 18: ID 302; Choice (1211.0, 1356.0, 2183.0, 192.0, 1347.0, 2092.0, 191.0) 
Voter 19: ID 432; Choice (1356.0, 2183.0, 192.0, 1889.0, 193.0, 1905.0, 2092.0, 191.0, 1347.0) 
Voter 20: ID 125; Choice (2141.0, 433.0, 1889.0, 193.0, 1905.0, 2092.0, 2121.0, 191.0) 
Voter 21: ID 278; Choice (2141.0, 1356.0, 2183.0, 192.0, 1889.0, 193.0, 1905.0, 2121.0) 
Voter 22: ID 220; Choice (1356.0, 2183.0, 192.0, 1889.0, 193.0, 1905.0, 2092.0, 191.0) 
Voter 23: ID 696; Choice (2141.0, 2183.0, 433.0, 192.0, 1889.0, 1347.0, 2092.0, 2121.0) 
Voter 24: ID 244; Choice (1211.0, 1356.0, 2183.0, 1889.0, 193.0, 1347.0, 1905.0, 2092.0) 
Voter 25: ID 69; Choice (1356.0, 2183.0, 433.0, 192.0, 1889.0, 193.0, 1347.0, 1905.0, 2092.0, 2121.0) 
Voter 26: ID 124; Choice (2141.0, 1356.0, 192.0, 1889.0, 193.0, 1347.0, 1905.0, 2092.0, 2121.0) 
Voter 27: ID 664; Choice (1356.0, 2183.0, 192.0, 1889.0, 193.0, 1905.0, 2092.0, 191.0, 1347.0) 
Voter 28: ID 689; Choice (1356.0, 2183.0, 192.0, 1889.0, 193.0, 1905.0, 2092.0, 191.0, 1347.0) 
Voter 29: ID 129; Choice (2141.0, 1356.0, 2183.0, 433.0, 192.0, 1889.0, 1347.0, 1905.0) 
Voter 30: ID 303; Choice (1356.0, 2183.0, 192.0, 1889.0, 193.0, 1905.0, 2092.0, 191.0, 1347.0) 
Voter 31: ID 454; Choice (2141.0, 2183.0, 433.0, 192.0, 1889.0, 1347.0, 2092.0, 2121.0) 
Voter 32: ID 434; Choice (1356.0, 2183.0, 192.0, 1889.0, 193.0, 1905.0, 2092.0, 191.0) 
Voter 33: ID 74; Choice (2141.0, 1356.0, 192.0, 1889.0, 193.0, 1347.0, 1905.0, 2092.0, 2121.0) 
Voter 34: ID 542; Choice (1211.0, 1356.0, 2183.0, 192.0, 1889.0, 193.0, 1905.0) 
Voter 35: ID 460; Choice (1211.0, 2141.0, 1356.0, 2183.0, 192.0, 193.0) 
Voter 36: ID 717; Choice (1356.0, 2183.0, 433.0, 192.0, 1889.0, 193.0, 1347.0, 1905.0, 2092.0, 2121.0) 
Voter 37: ID 684; Choice (1211.0, 1356.0, 2183.0, 192.0, 1347.0, 2092.0, 191.0) 
Voter 38: ID 703; Choice (2141.0, 1356.0, 2183.0, 433.0, 192.0, 1889.0, 1347.0, 2092.0) 
Voter 39: ID 695; Choice (1211.0, 1356.0, 2183.0, 192.0, 1889.0, 193.0, 1905.0) 
Voter 40: ID 683; Choice (2141.0, 1356.0, 2183.0, 192.0, 1889.0, 193.0, 1905.0, 2121.0) 
Voter 41: ID 572; Choice (2141.0, 1356.0, 2183.0, 192.0, 1889.0, 193.0, 1905.0, 2121.0) 
Voter 42: ID 539; Choice (2141.0, 1356.0, 192.0, 1889.0, 193.0, 1347.0, 1905.0, 2092.0, 2121.0) 
Voter 43: ID 446; Choice (2141.0, 1356.0, 192.0, 1889.0, 193.0, 1347.0, 1905.0, 2092.0, 2121.0) 
Voter 44: ID 8; Choice (2141.0, 1356.0, 192.0, 1889.0, 193.0, 1347.0, 1905.0, 2092.0, 2121.0) 
Voter 45: ID 592; Choice (2141.0, 1356.0, 2183.0, 433.0, 192.0, 1889.0, 1347.0, 1905.0) 
Voter 46: ID 135; Choice (2141.0, 1356.0, 2183.0, 192.0, 193.0, 1905.0, 2092.0, 2121.0, 191.0) 
Voter 47: ID 205; Choice (1211.0, 1356.0, 2183.0, 192.0, 1889.0, 193.0, 1905.0) 
Voter 48: ID 439; Choice (2141.0, 2183.0, 433.0, 192.0, 1889.0, 1347.0, 2092.0, 2121.0) 
Voter 49: ID 301; Choice (1356.0, 2183.0, 433.0, 192.0, 1889.0, 193.0, 1347.0, 1905.0, 2092.0, 2121.0) 
Voter 50: ID 127; Choice (1356.0, 2183.0, 192.0, 1889.0, 193.0, 1905.0, 2092.0, 191.0) 
---------------------------------------------------------------------------
After Iteration 1 :
Voter 1: ID 325; Choice (1356.0, 2183.0, 192.0, 1889.0, 1347.0, 1905.0, 2092.0, 2121.0, 191.0) 
Voter 2: ID 598; Choice (2141.0, 1356.0, 192.0, 1889.0, 193.0, 1347.0, 1905.0, 2092.0, 2121.0) 
Voter 3: ID 593; Choice (1356.0, 2183.0, 192.0, 1889.0, 193.0, 1905.0, 2092.0, 191.0) 
Voter 4: ID 457; Choice (1356.0, 2183.0, 192.0, 1889.0, 1347.0, 1905.0, 2092.0, 2121.0, 191.0) 
Voter 5: ID 636; Choice (2141.0, 1356.0, 2183.0, 433.0, 192.0, 1889.0, 1347.0, 2092.0) 
Voter 6: ID 737; Choice (2141.0, 1356.0, 2183.0, 192.0, 1889.0, 193.0, 1905.0, 2121.0) 
Voter 7: ID 116; Choice (1356.0, 2183.0, 433.0, 192.0, 1889.0, 193.0, 1347.0, 1905.0, 2092.0, 2121.0) 
Voter 8: ID 570; Choice (2141.0, 1356.0, 2183.0, 192.0, 1889.0, 193.0, 1905.0, 2121.0) 
Voter 9: ID 185; Choice (2141.0, 1356.0, 2183.0, 192.0, 1889.0, 193.0, 1905.0, 2121.0) 
Voter 10: ID 511; Choice (1356.0, 2183.0, 433.0, 192.0, 1889.0, 193.0, 1347.0, 1905.0, 2092.0, 2121.0) 
Voter 11: ID 645; Choice (2141.0, 1356.0, 192.0, 1889.0, 193.0, 1347.0, 1905.0, 2092.0, 2121.0) 
Voter 12: ID 525; Choice (2141.0, 1356.0, 192.0, 1889.0, 193.0, 1347.0, 1905.0, 2092.0, 2121.0) 
Voter 13: ID 441; Choice (2141.0, 1356.0, 2183.0, 433.0, 192.0, 1889.0, 1347.0, 2092.0) 
Voter 14: ID 75; Choice (2141.0, 1356.0, 2183.0, 192.0, 193.0, 1905.0, 2092.0, 2121.0, 191.0) 
Voter 15: ID 661; Choice (1356.0, 2183.0, 192.0, 1889.0, 193.0, 1905.0, 2092.0, 191.0) 
Voter 16: ID 296; Choice (2141.0, 1356.0, 192.0, 1889.0, 193.0, 1347.0, 1905.0, 2092.0, 2121.0) 
Voter 17: ID 398; Choice (1211.0, 1356.0, 2183.0, 192.0, 1347.0, 2092.0, 191.0) 
Voter 18: ID 302; Choice (1356.0, 2183.0, 192.0, 1889.0, 1347.0, 1905.0, 2092.0, 2121.0, 191.0) 
Voter 19: ID 432; Choice (1211.0, 2141.0, 1356.0, 2183.0, 192.0, 193.0) 
Voter 20: ID 125; Choice (1356.0, 2183.0, 192.0, 1889.0, 193.0, 1905.0, 2092.0, 191.0, 1347.0) 
Voter 21: ID 278; Choice (1356.0, 2183.0, 433.0, 192.0, 1889.0, 193.0, 1347.0, 1905.0, 2092.0, 2121.0) 
Voter 22: ID 220; Choice (1356.0, 2183.0, 433.0, 192.0, 1889.0, 193.0, 1347.0, 1905.0, 2092.0, 2121.0) 
Voter 23: ID 696; Choice (2141.0, 433.0, 1889.0, 193.0, 1905.0, 2092.0, 2121.0, 191.0) 
Voter 24: ID 244; Choice (2141.0, 1356.0, 2183.0, 192.0, 1889.0, 193.0, 1905.0, 2121.0) 
Voter 25: ID 69; Choice (1356.0, 2183.0, 192.0, 1889.0, 1347.0, 1905.0, 2092.0, 2121.0, 191.0) 
Voter 26: ID 124; Choice (1356.0, 2183.0, 192.0, 1889.0, 193.0, 1905.0, 2092.0, 191.0, 1347.0) 
Voter 27: ID 664; Choice (2141.0, 1356.0, 2183.0, 192.0, 1889.0, 193.0, 1905.0, 2121.0) 
Voter 28: ID 689; Choice (2141.0, 433.0, 1889.0, 193.0, 1905.0, 2092.0, 2121.0, 191.0) 
Voter 29: ID 129; Choice (1356.0, 2183.0, 192.0, 1889.0, 1347.0, 1905.0, 2092.0, 2121.0, 191.0) 
Voter 30: ID 303; Choice (2141.0, 1356.0, 2183.0, 192.0, 193.0, 1905.0, 2092.0, 2121.0, 191.0) 
Voter 31: ID 454; Choice (1356.0, 2183.0, 433.0, 192.0, 1889.0, 193.0, 1347.0, 1905.0, 2092.0, 2121.0) 
Voter 32: ID 434; Choice (2141.0, 2183.0, 433.0, 192.0, 1889.0, 1347.0, 2092.0, 2121.0) 
Voter 33: ID 74; Choice (1211.0, 1356.0, 2183.0, 192.0, 1889.0, 193.0, 1905.0) 
Voter 34: ID 542; Choice (1211.0, 1356.0, 2183.0, 192.0, 1347.0, 2092.0, 191.0) 
Voter 35: ID 460; Choice (2141.0, 433.0, 1889.0, 193.0, 1905.0, 2092.0, 2121.0, 191.0) 
Voter 36: ID 717; Choice (2141.0, 1356.0, 192.0, 1889.0, 193.0, 1347.0, 1905.0, 2092.0, 2121.0) 
Voter 37: ID 684; Choice (1211.0, 1356.0, 2183.0, 192.0, 1347.0, 2092.0, 191.0) 
Voter 38: ID 703; Choice (1211.0, 1356.0, 2183.0, 192.0, 1347.0, 2092.0, 191.0) 
Voter 39: ID 695; Choice (2141.0, 1356.0, 2183.0, 433.0, 192.0, 1889.0, 1347.0, 2092.0) 
Voter 40: ID 683; Choice (2141.0, 433.0, 1889.0, 193.0, 1905.0, 2092.0, 2121.0, 191.0) 
Voter 41: ID 572; Choice (1211.0, 1356.0, 2183.0, 192.0, 1347.0, 2092.0, 191.0) 
Voter 42: ID 539; Choice (1211.0, 1356.0, 2183.0, 192.0, 1889.0, 193.0, 1905.0) 
Voter 43: ID 446; Choice (1211.0, 1356.0, 2183.0, 192.0, 1889.0, 193.0, 1905.0) 
Voter 44: ID 8; Choice (1356.0, 2183.0, 192.0, 1889.0, 193.0, 1905.0, 2092.0, 191.0) 
Voter 45: ID 592; Choice (1211.0, 1356.0, 2183.0, 192.0, 1347.0, 2092.0, 191.0) 
Voter 46: ID 135; Choice (1211.0, 1356.0, 2183.0, 1889.0, 193.0, 1347.0, 1905.0, 2092.0) 
Voter 47: ID 205; Choice (2141.0, 433.0, 1889.0, 193.0, 1905.0, 2092.0, 2121.0, 191.0) 
Voter 48: ID 439; Choice (1211.0, 1356.0, 2183.0, 192.0, 1889.0, 193.0, 1905.0) 
Voter 49: ID 301; Choice (2141.0, 1356.0, 192.0, 1889.0, 193.0, 1347.0, 1905.0, 2092.0, 2121.0) 
Voter 50: ID 127; Choice (1356.0, 2183.0, 433.0, 192.0, 1889.0, 193.0, 1347.0, 1905.0, 2092.0, 2121.0) 
---------------------------------------------------------------------------
---------------------------------------------------------------------------
{(1356.0, 2183.0, 192.0, 1889.0, 193.0, 1905.0, 2092.0, 191.0, 1347.0): 0.22364029753939524, (1356.0, 2183.0, 192.0, 1889.0, 193.0, 1905.0, 2092.0, 191.0): 0, (1211.0, 2141.0, 1356.0, 2183.0, 192.0, 193.0): 0.06569192918175147, (1356.0, 2183.0, 433.0, 192.0, 1889.0, 193.0, 1347.0, 1905.0, 2092.0, 2121.0): 0.16213990902615957, (2141.0, 1356.0, 2183.0, 192.0, 193.0, 1905.0, 2092.0, 2121.0, 191.0): 0.15483748461201463, (2141.0, 1356.0, 192.0, 1889.0, 193.0, 1347.0, 1905.0, 2092.0, 2121.0): 0.14844600889553652, (1356.0, 2183.0, 192.0, 1889.0, 1347.0, 1905.0, 2092.0, 2121.0, 191.0): 0, (1211.0, 1356.0, 2183.0, 1889.0, 193.0, 1347.0, 1905.0, 2092.0): 0, (2141.0, 1356.0, 2183.0, 433.0, 192.0, 1889.0, 1347.0, 1905.0): 0.12033272790629546, (2141.0, 1356.0, 2183.0, 433.0, 192.0, 1889.0, 1347.0, 2092.0): 0.1326897852266955, (2141.0, 1356.0, 2183.0, 192.0, 1889.0, 193.0, 1905.0, 2121.0): 0.13903067746833198, (2141.0, 2183.0, 433.0, 192.0, 1889.0, 1347.0, 2092.0, 2121.0): 0.08593528282562364, (2141.0, 433.0, 1889.0, 193.0, 1905.0, 2092.0, 2121.0, 191.0): 0.06797534125820091, (1211.0, 1356.0, 2183.0, 192.0, 1889.0, 193.0, 1905.0): 0.11385838019596145, (1211.0, 1356.0, 2183.0, 192.0, 1347.0, 2092.0, 191.0): 0.11154297047448954}
After Iteration 2 :
Voter 1: ID 325; Choice (1211.0, 2141.0, 1356.0, 2183.0, 192.0, 193.0) 
Voter 2: ID 598; Choice (1211.0, 2141.0, 1356.0, 2183.0, 192.0, 193.0) 
Voter 3: ID 593; Choice (1211.0, 2141.0, 1356.0, 2183.0, 192.0, 193.0) 
Voter 4: ID 457; Choice (2141.0, 1356.0, 2183.0, 433.0, 192.0, 1889.0, 1347.0, 2092.0) 
Voter 5: ID 636; Choice (1211.0, 1356.0, 2183.0, 192.0, 1889.0, 193.0, 1905.0) 
Voter 6: ID 737; Choice (2141.0, 1356.0, 2183.0, 192.0, 193.0, 1905.0, 2092.0, 2121.0, 191.0) 
Voter 7: ID 116; Choice (2141.0, 433.0, 1889.0, 193.0, 1905.0, 2092.0, 2121.0, 191.0) 
Voter 8: ID 570; Choice (1211.0, 1356.0, 2183.0, 192.0, 1889.0, 193.0, 1905.0) 
Voter 9: ID 185; Choice (2141.0, 1356.0, 2183.0, 192.0, 193.0, 1905.0, 2092.0, 2121.0, 191.0) 
Voter 10: ID 511; Choice (1356.0, 2183.0, 192.0, 1889.0, 1347.0, 1905.0, 2092.0, 2121.0, 191.0) 
Voter 11: ID 645; Choice (2141.0, 433.0, 1889.0, 193.0, 1905.0, 2092.0, 2121.0, 191.0) 
Voter 12: ID 525; Choice (2141.0, 1356.0, 192.0, 1889.0, 193.0, 1347.0, 1905.0, 2092.0, 2121.0) 
Voter 13: ID 441; Choice (2141.0, 2183.0, 433.0, 192.0, 1889.0, 1347.0, 2092.0, 2121.0) 
Voter 14: ID 75; Choice (2141.0, 1356.0, 2183.0, 192.0, 1889.0, 193.0, 1905.0, 2121.0) 
Voter 15: ID 661; Choice (1356.0, 2183.0, 192.0, 1889.0, 193.0, 1905.0, 2092.0, 191.0) 
Voter 16: ID 296; Choice (2141.0, 1356.0, 2183.0, 433.0, 192.0, 1889.0, 1347.0, 2092.0) 
Voter 17: ID 398; Choice (1356.0, 2183.0, 433.0, 192.0, 1889.0, 193.0, 1347.0, 1905.0, 2092.0, 2121.0) 
Voter 18: ID 302; Choice (1211.0, 1356.0, 2183.0, 192.0, 1889.0, 193.0, 1905.0) 
Voter 19: ID 432; Choice (2141.0, 1356.0, 2183.0, 192.0, 193.0, 1905.0, 2092.0, 2121.0, 191.0) 
Voter 20: ID 125; Choice (2141.0, 1356.0, 2183.0, 433.0, 192.0, 1889.0, 1347.0, 1905.0) 
Voter 21: ID 278; Choice (2141.0, 1356.0, 192.0, 1889.0, 193.0, 1347.0, 1905.0, 2092.0, 2121.0) 
Voter 22: ID 220; Choice (2141.0, 1356.0, 2183.0, 192.0, 193.0, 1905.0, 2092.0, 2121.0, 191.0) 
Voter 23: ID 696; Choice (2141.0, 1356.0, 2183.0, 192.0, 1889.0, 193.0, 1905.0, 2121.0) 
Voter 24: ID 244; Choice (2141.0, 1356.0, 2183.0, 192.0, 1889.0, 193.0, 1905.0, 2121.0) 
Voter 25: ID 69; Choice (1211.0, 1356.0, 2183.0, 192.0, 1347.0, 2092.0, 191.0) 
Voter 26: ID 124; Choice (2141.0, 433.0, 1889.0, 193.0, 1905.0, 2092.0, 2121.0, 191.0) 
Voter 27: ID 664; Choice (2141.0, 1356.0, 2183.0, 433.0, 192.0, 1889.0, 1347.0, 2092.0) 
Voter 28: ID 689; Choice (1211.0, 1356.0, 2183.0, 1889.0, 193.0, 1347.0, 1905.0, 2092.0) 
Voter 29: ID 129; Choice (1211.0, 1356.0, 2183.0, 192.0, 1889.0, 193.0, 1905.0) 
Voter 30: ID 303; Choice (2141.0, 433.0, 1889.0, 193.0, 1905.0, 2092.0, 2121.0, 191.0) 
Voter 31: ID 454; Choice (1211.0, 2141.0, 1356.0, 2183.0, 192.0, 193.0) 
Voter 32: ID 434; Choice (2141.0, 433.0, 1889.0, 193.0, 1905.0, 2092.0, 2121.0, 191.0) 
Voter 33: ID 74; Choice (1356.0, 2183.0, 192.0, 1889.0, 193.0, 1905.0, 2092.0, 191.0) 
Voter 34: ID 542; Choice (2141.0, 433.0, 1889.0, 193.0, 1905.0, 2092.0, 2121.0, 191.0) 
Voter 35: ID 460; Choice (1211.0, 1356.0, 2183.0, 1889.0, 193.0, 1347.0, 1905.0, 2092.0) 
Voter 36: ID 717; Choice (2141.0, 1356.0, 2183.0, 192.0, 1889.0, 193.0, 1905.0, 2121.0) 
Voter 37: ID 684; Choice (1211.0, 1356.0, 2183.0, 192.0, 1347.0, 2092.0, 191.0) 
Voter 38: ID 703; Choice (2141.0, 1356.0, 2183.0, 192.0, 193.0, 1905.0, 2092.0, 2121.0, 191.0) 
Voter 39: ID 695; Choice (1356.0, 2183.0, 192.0, 1889.0, 1347.0, 1905.0, 2092.0, 2121.0, 191.0) 
Voter 40: ID 683; Choice (1356.0, 2183.0, 192.0, 1889.0, 193.0, 1905.0, 2092.0, 191.0, 1347.0) 
Voter 41: ID 572; Choice (2141.0, 2183.0, 433.0, 192.0, 1889.0, 1347.0, 2092.0, 2121.0) 
Voter 42: ID 539; Choice (2141.0, 1356.0, 2183.0, 433.0, 192.0, 1889.0, 1347.0, 2092.0) 
Voter 43: ID 446; Choice (1211.0, 1356.0, 2183.0, 1889.0, 193.0, 1347.0, 1905.0, 2092.0) 
Voter 44: ID 8; Choice (2141.0, 1356.0, 192.0, 1889.0, 193.0, 1347.0, 1905.0, 2092.0, 2121.0) 
Voter 45: ID 592; Choice (1211.0, 2141.0, 1356.0, 2183.0, 192.0, 193.0) 
Voter 46: ID 135; Choice (2141.0, 1356.0, 2183.0, 192.0, 193.0, 1905.0, 2092.0, 2121.0, 191.0) 
Voter 47: ID 205; Choice (1211.0, 2141.0, 1356.0, 2183.0, 192.0, 193.0) 
Voter 48: ID 439; Choice (1356.0, 2183.0, 433.0, 192.0, 1889.0, 193.0, 1347.0, 1905.0, 2092.0, 2121.0) 
Voter 49: ID 301; Choice (2141.0, 1356.0, 2183.0, 192.0, 1889.0, 193.0, 1905.0, 2121.0) 
Voter 50: ID 127; Choice (1356.0, 2183.0, 192.0, 1889.0, 193.0, 1905.0, 2092.0, 191.0, 1347.0) 
---------------------------------------------------------------------------
After Iteration 3 :
Voter 1: ID 325; Choice (1356.0, 2183.0, 192.0, 1889.0, 193.0, 1905.0, 2092.0, 191.0, 1347.0) 
Voter 2: ID 598; Choice (1211.0, 1356.0, 2183.0, 192.0, 1347.0, 2092.0, 191.0) 
Voter 3: ID 593; Choice (1356.0, 2183.0, 192.0, 1889.0, 193.0, 1905.0, 2092.0, 191.0, 1347.0) 
Voter 4: ID 457; Choice (1211.0, 1356.0, 2183.0, 192.0, 1889.0, 193.0, 1905.0) 
Voter 5: ID 636; Choice (1356.0, 2183.0, 192.0, 1889.0, 193.0, 1905.0, 2092.0, 191.0, 1347.0) 
Voter 6: ID 737; Choice (1356.0, 2183.0, 192.0, 1889.0, 193.0, 1905.0, 2092.0, 191.0, 1347.0) 
Voter 7: ID 116; Choice (2141.0, 1356.0, 2183.0, 192.0, 1889.0, 193.0, 1905.0, 2121.0) 
Voter 8: ID 570; Choice (1211.0, 1356.0, 2183.0, 192.0, 1889.0, 193.0, 1905.0) 
Voter 9: ID 185; Choice (1356.0, 2183.0, 433.0, 192.0, 1889.0, 193.0, 1347.0, 1905.0, 2092.0, 2121.0) 
Voter 10: ID 511; Choice (2141.0, 1356.0, 2183.0, 433.0, 192.0, 1889.0, 1347.0, 2092.0) 
Voter 11: ID 645; Choice (2141.0, 1356.0, 192.0, 1889.0, 193.0, 1347.0, 1905.0, 2092.0, 2121.0) 
Voter 12: ID 525; Choice (2141.0, 2183.0, 433.0, 192.0, 1889.0, 1347.0, 2092.0, 2121.0) 
Voter 13: ID 441; Choice (2141.0, 433.0, 1889.0, 193.0, 1905.0, 2092.0, 2121.0, 191.0) 
Voter 14: ID 75; Choice (2141.0, 1356.0, 2183.0, 192.0, 193.0, 1905.0, 2092.0, 2121.0, 191.0) 
Voter 15: ID 661; Choice (1356.0, 2183.0, 192.0, 1889.0, 193.0, 1905.0, 2092.0, 191.0) 
Voter 16: ID 296; Choice (1211.0, 1356.0, 2183.0, 192.0, 1889.0, 193.0, 1905.0) 
Voter 17: ID 398; Choice (2141.0, 1356.0, 192.0, 1889.0, 193.0, 1347.0, 1905.0, 2092.0, 2121.0) 
Voter 18: ID 302; Choice (1211.0, 1356.0, 2183.0, 1889.0, 193.0, 1347.0, 1905.0, 2092.0) 
Voter 19: ID 432; Choice (1211.0, 1356.0, 2183.0, 1889.0, 193.0, 1347.0, 1905.0, 2092.0) 
Voter 20: ID 125; Choice (2141.0, 1356.0, 2183.0, 433.0, 192.0, 1889.0, 1347.0, 1905.0) 
Voter 21: ID 278; Choice (2141.0, 1356.0, 192.0, 1889.0, 193.0, 1347.0, 1905.0, 2092.0, 2121.0) 
Voter 22: ID 220; Choice (1211.0, 2141.0, 1356.0, 2183.0, 192.0, 193.0) 
Voter 23: ID 696; Choice (1356.0, 2183.0, 192.0, 1889.0, 193.0, 1905.0, 2092.0, 191.0) 
Voter 24: ID 244; Choice (1356.0, 2183.0, 192.0, 1889.0, 193.0, 1905.0, 2092.0, 191.0, 1347.0) 
Voter 25: ID 69; Choice (1356.0, 2183.0, 192.0, 1889.0, 1347.0, 1905.0, 2092.0, 2121.0, 191.0) 
Voter 26: ID 124; Choice (2141.0, 1356.0, 2183.0, 433.0, 192.0, 1889.0, 1347.0, 1905.0) 
Voter 27: ID 664; Choice (1356.0, 2183.0, 192.0, 1889.0, 193.0, 1905.0, 2092.0, 191.0) 
Voter 28: ID 689; Choice (2141.0, 1356.0, 2183.0, 433.0, 192.0, 1889.0, 1347.0, 1905.0) 
Voter 29: ID 129; Choice (1211.0, 1356.0, 2183.0, 1889.0, 193.0, 1347.0, 1905.0, 2092.0) 
Voter 30: ID 303; Choice (2141.0, 1356.0, 2183.0, 433.0, 192.0, 1889.0, 1347.0, 2092.0) 
Voter 31: ID 454; Choice (1211.0, 1356.0, 2183.0, 192.0, 1889.0, 193.0, 1905.0) 
Voter 32: ID 434; Choice (1356.0, 2183.0, 433.0, 192.0, 1889.0, 193.0, 1347.0, 1905.0, 2092.0, 2121.0) 
Voter 33: ID 74; Choice (2141.0, 1356.0, 2183.0, 192.0, 193.0, 1905.0, 2092.0, 2121.0, 191.0) 
Voter 34: ID 542; Choice (2141.0, 1356.0, 192.0, 1889.0, 193.0, 1347.0, 1905.0, 2092.0, 2121.0) 
Voter 35: ID 460; Choice (1211.0, 2141.0, 1356.0, 2183.0, 192.0, 193.0) 
Voter 36: ID 717; Choice (1356.0, 2183.0, 192.0, 1889.0, 193.0, 1905.0, 2092.0, 191.0, 1347.0) 
Voter 37: ID 684; Choice (1211.0, 1356.0, 2183.0, 192.0, 1347.0, 2092.0, 191.0) 
Voter 38: ID 703; Choice (1211.0, 1356.0, 2183.0, 1889.0, 193.0, 1347.0, 1905.0, 2092.0) 
Voter 39: ID 695; Choice (2141.0, 1356.0, 2183.0, 192.0, 193.0, 1905.0, 2092.0, 2121.0, 191.0) 
Voter 40: ID 683; Choice (1356.0, 2183.0, 192.0, 1889.0, 193.0, 1905.0, 2092.0, 191.0, 1347.0) 
Voter 41: ID 572; Choice (2141.0, 433.0, 1889.0, 193.0, 1905.0, 2092.0, 2121.0, 191.0) 
Voter 42: ID 539; Choice (1356.0, 2183.0, 192.0, 1889.0, 193.0, 1905.0, 2092.0, 191.0) 
Voter 43: ID 446; Choice (1211.0, 1356.0, 2183.0, 192.0, 1347.0, 2092.0, 191.0) 
Voter 44: ID 8; Choice (2141.0, 433.0, 1889.0, 193.0, 1905.0, 2092.0, 2121.0, 191.0) 
Voter 45: ID 592; Choice (2141.0, 433.0, 1889.0, 193.0, 1905.0, 2092.0, 2121.0, 191.0) 
Voter 46: ID 135; Choice (2141.0, 1356.0, 192.0, 1889.0, 193.0, 1347.0, 1905.0, 2092.0, 2121.0) 
Voter 47: ID 205; Choice (1356.0, 2183.0, 433.0, 192.0, 1889.0, 193.0, 1347.0, 1905.0, 2092.0, 2121.0) 
Voter 48: ID 439; Choice (2141.0, 433.0, 1889.0, 193.0, 1905.0, 2092.0, 2121.0, 191.0) 
Voter 49: ID 301; Choice (1211.0, 1356.0, 2183.0, 1889.0, 193.0, 1347.0, 1905.0, 2092.0) 
Voter 50: ID 127; Choice (2141.0, 1356.0, 2183.0, 192.0, 193.0, 1905.0, 2092.0, 2121.0, 191.0) 
---------------------------------------------------------------------------
After Iteration 4 :
Voter 1: ID 325; Choice (2141.0, 1356.0, 2183.0, 192.0, 1889.0, 193.0, 1905.0, 2121.0) 
Voter 2: ID 598; Choice (2141.0, 1356.0, 2183.0, 192.0, 1889.0, 193.0, 1905.0, 2121.0) 
Voter 3: ID 593; Choice (1356.0, 2183.0, 192.0, 1889.0, 193.0, 1905.0, 2092.0, 191.0, 1347.0) 
Voter 4: ID 457; Choice (2141.0, 1356.0, 2183.0, 192.0, 193.0, 1905.0, 2092.0, 2121.0, 191.0) 
Voter 5: ID 636; Choice (2141.0, 1356.0, 2183.0, 192.0, 193.0, 1905.0, 2092.0, 2121.0, 191.0) 
Voter 6: ID 737; Choice (1356.0, 2183.0, 192.0, 1889.0, 193.0, 1905.0, 2092.0, 191.0, 1347.0) 
Voter 7: ID 116; Choice (1356.0, 2183.0, 192.0, 1889.0, 193.0, 1905.0, 2092.0, 191.0, 1347.0) 
Voter 8: ID 570; Choice (2141.0, 1356.0, 2183.0, 192.0, 193.0, 1905.0, 2092.0, 2121.0, 191.0) 
Voter 9: ID 185; Choice (2141.0, 1356.0, 2183.0, 192.0, 193.0, 1905.0, 2092.0, 2121.0, 191.0) 
Voter 10: ID 511; Choice (1356.0, 2183.0, 192.0, 1889.0, 193.0, 1905.0, 2092.0, 191.0, 1347.0) 
Voter 11: ID 645; Choice (2141.0, 1356.0, 2183.0, 192.0, 193.0, 1905.0, 2092.0, 2121.0, 191.0) 
Voter 12: ID 525; Choice (1356.0, 2183.0, 192.0, 1889.0, 193.0, 1905.0, 2092.0, 191.0, 1347.0) 
Voter 13: ID 441; Choice (1356.0, 2183.0, 192.0, 1889.0, 193.0, 1905.0, 2092.0, 191.0, 1347.0) 
Voter 14: ID 75; Choice (2141.0, 1356.0, 2183.0, 192.0, 193.0, 1905.0, 2092.0, 2121.0, 191.0) 
Voter 15: ID 661; Choice (2141.0, 1356.0, 2183.0, 192.0, 193.0, 1905.0, 2092.0, 2121.0, 191.0) 
Voter 16: ID 296; Choice (2141.0, 1356.0, 2183.0, 192.0, 193.0, 1905.0, 2092.0, 2121.0, 191.0) 
Voter 17: ID 398; Choice (2141.0, 1356.0, 2183.0, 192.0, 193.0, 1905.0, 2092.0, 2121.0, 191.0) 
Voter 18: ID 302; Choice (1356.0, 2183.0, 192.0, 1889.0, 193.0, 1905.0, 2092.0, 191.0, 1347.0) 
Voter 19: ID 432; Choice (2141.0, 1356.0, 2183.0, 192.0, 193.0, 1905.0, 2092.0, 2121.0, 191.0) 
Voter 20: ID 125; Choice (1356.0, 2183.0, 192.0, 1889.0, 193.0, 1905.0, 2092.0, 191.0, 1347.0) 
Voter 21: ID 278; Choice (2141.0, 1356.0, 2183.0, 192.0, 193.0, 1905.0, 2092.0, 2121.0, 191.0) 
Voter 22: ID 220; Choice (2141.0, 1356.0, 2183.0, 192.0, 193.0, 1905.0, 2092.0, 2121.0, 191.0) 
Voter 23: ID 696; Choice (2141.0, 1356.0, 2183.0, 192.0, 193.0, 1905.0, 2092.0, 2121.0, 191.0) 
Voter 24: ID 244; Choice (2141.0, 1356.0, 2183.0, 192.0, 193.0, 1905.0, 2092.0, 2121.0, 191.0) 
Voter 25: ID 69; Choice (2141.0, 1356.0, 2183.0, 192.0, 193.0, 1905.0, 2092.0, 2121.0, 191.0) 
Voter 26: ID 124; Choice (1356.0, 2183.0, 192.0, 1889.0, 193.0, 1905.0, 2092.0, 191.0, 1347.0) 
Voter 27: ID 664; Choice (1356.0, 2183.0, 192.0, 1889.0, 193.0, 1905.0, 2092.0, 191.0, 1347.0) 
Voter 28: ID 689; Choice (2141.0, 1356.0, 2183.0, 192.0, 193.0, 1905.0, 2092.0, 2121.0, 191.0) 
Voter 29: ID 129; Choice (1356.0, 2183.0, 192.0, 1889.0, 193.0, 1905.0, 2092.0, 191.0, 1347.0) 
Voter 30: ID 303; Choice (2141.0, 1356.0, 2183.0, 192.0, 193.0, 1905.0, 2092.0, 2121.0, 191.0) 
Voter 31: ID 454; Choice (1356.0, 2183.0, 192.0, 1889.0, 193.0, 1905.0, 2092.0, 191.0, 1347.0) 
Voter 32: ID 434; Choice (2141.0, 1356.0, 2183.0, 433.0, 192.0, 1889.0, 1347.0, 1905.0) 
Voter 33: ID 74; Choice (1356.0, 2183.0, 192.0, 1889.0, 193.0, 1905.0, 2092.0, 191.0) 
Voter 34: ID 542; Choice (2141.0, 1356.0, 2183.0, 192.0, 193.0, 1905.0, 2092.0, 2121.0, 191.0) 
Voter 35: ID 460; Choice (2141.0, 1356.0, 2183.0, 192.0, 193.0, 1905.0, 2092.0, 2121.0, 191.0) 
Voter 36: ID 717; Choice (2141.0, 1356.0, 2183.0, 192.0, 193.0, 1905.0, 2092.0, 2121.0, 191.0) 
Voter 37: ID 684; Choice (1356.0, 2183.0, 192.0, 1889.0, 193.0, 1905.0, 2092.0, 191.0, 1347.0) 
Voter 38: ID 703; Choice (1356.0, 2183.0, 192.0, 1889.0, 193.0, 1905.0, 2092.0, 191.0, 1347.0) 
Voter 39: ID 695; Choice (1356.0, 2183.0, 192.0, 1889.0, 1347.0, 1905.0, 2092.0, 2121.0, 191.0) 
Voter 40: ID 683; Choice (2141.0, 1356.0, 2183.0, 192.0, 1889.0, 193.0, 1905.0, 2121.0) 
Voter 41: ID 572; Choice (2141.0, 1356.0, 2183.0, 192.0, 193.0, 1905.0, 2092.0, 2121.0, 191.0) 
Voter 42: ID 539; Choice (1356.0, 2183.0, 192.0, 1889.0, 193.0, 1905.0, 2092.0, 191.0, 1347.0) 
Voter 43: ID 446; Choice (2141.0, 1356.0, 2183.0, 192.0, 193.0, 1905.0, 2092.0, 2121.0, 191.0) 
Voter 44: ID 8; Choice (2141.0, 1356.0, 2183.0, 192.0, 1889.0, 193.0, 1905.0, 2121.0) 
Voter 45: ID 592; Choice (1356.0, 2183.0, 192.0, 1889.0, 193.0, 1905.0, 2092.0, 191.0, 1347.0) 
Voter 46: ID 135; Choice (2141.0, 1356.0, 2183.0, 192.0, 1889.0, 193.0, 1905.0, 2121.0) 
Voter 47: ID 205; Choice (1356.0, 2183.0, 192.0, 1889.0, 193.0, 1905.0, 2092.0, 191.0, 1347.0) 
Voter 48: ID 439; Choice (1356.0, 2183.0, 192.0, 1889.0, 193.0, 1905.0, 2092.0, 191.0, 1347.0) 
Voter 49: ID 301; Choice (2141.0, 1356.0, 2183.0, 192.0, 193.0, 1905.0, 2092.0, 2121.0, 191.0) 
Voter 50: ID 127; Choice (1356.0, 2183.0, 192.0, 1889.0, 193.0, 1905.0, 2092.0, 191.0, 1347.0) 
---------------------------------------------------------------------------
After Iteration 5 :
Voter 1: ID 325; Choice (2141.0, 1356.0, 2183.0, 192.0, 1889.0, 193.0, 1905.0, 2121.0) 
Voter 2: ID 598; Choice (2141.0, 1356.0, 2183.0, 192.0, 1889.0, 193.0, 1905.0, 2121.0) 
Voter 3: ID 593; Choice (1356.0, 2183.0, 192.0, 1889.0, 193.0, 1905.0, 2092.0, 191.0) 
Voter 4: ID 457; Choice (1356.0, 2183.0, 192.0, 1889.0, 193.0, 1905.0, 2092.0, 191.0) 
Voter 5: ID 636; Choice (1356.0, 2183.0, 433.0, 192.0, 1889.0, 193.0, 1347.0, 1905.0, 2092.0, 2121.0) 
Voter 6: ID 737; Choice (1356.0, 2183.0, 192.0, 1889.0, 193.0, 1905.0, 2092.0, 191.0, 1347.0) 
Voter 7: ID 116; Choice (1356.0, 2183.0, 192.0, 1889.0, 193.0, 1905.0, 2092.0, 191.0, 1347.0) 
Voter 8: ID 570; Choice (1356.0, 2183.0, 192.0, 1889.0, 193.0, 1905.0, 2092.0, 191.0, 1347.0) 
Voter 9: ID 185; Choice (1356.0, 2183.0, 192.0, 1889.0, 193.0, 1905.0, 2092.0, 191.0, 1347.0) 
Voter 10: ID 511; Choice (1356.0, 2183.0, 192.0, 1889.0, 193.0, 1905.0, 2092.0, 191.0) 
Voter 11: ID 645; Choice (1211.0, 1356.0, 2183.0, 192.0, 1889.0, 193.0, 1905.0) 
Voter 12: ID 525; Choice (1356.0, 2183.0, 433.0, 192.0, 1889.0, 193.0, 1347.0, 1905.0, 2092.0, 2121.0) 
Voter 13: ID 441; Choice (1356.0, 2183.0, 192.0, 1889.0, 193.0, 1905.0, 2092.0, 191.0) 
Voter 14: ID 75; Choice (1356.0, 2183.0, 192.0, 1889.0, 193.0, 1905.0, 2092.0, 191.0, 1347.0) 
Voter 15: ID 661; Choice (1356.0, 2183.0, 192.0, 1889.0, 193.0, 1905.0, 2092.0, 191.0, 1347.0) 
Voter 16: ID 296; Choice (1356.0, 2183.0, 192.0, 1889.0, 193.0, 1905.0, 2092.0, 191.0, 1347.0) 
Voter 17: ID 398; Choice (1356.0, 2183.0, 433.0, 192.0, 1889.0, 193.0, 1347.0, 1905.0, 2092.0, 2121.0) 
Voter 18: ID 302; Choice (1356.0, 2183.0, 433.0, 192.0, 1889.0, 193.0, 1347.0, 1905.0, 2092.0, 2121.0) 
Voter 19: ID 432; Choice (1356.0, 2183.0, 192.0, 1889.0, 193.0, 1905.0, 2092.0, 191.0) 
Voter 20: ID 125; Choice (1211.0, 1356.0, 2183.0, 192.0, 1889.0, 193.0, 1905.0) 
Voter 21: ID 278; Choice (1356.0, 2183.0, 192.0, 1889.0, 193.0, 1905.0, 2092.0, 191.0) 
Voter 22: ID 220; Choice (2141.0, 1356.0, 2183.0, 192.0, 1889.0, 193.0, 1905.0, 2121.0) 
Voter 23: ID 696; Choice (1356.0, 2183.0, 192.0, 1889.0, 193.0, 1905.0, 2092.0, 191.0) 
Voter 24: ID 244; Choice (1356.0, 2183.0, 192.0, 1889.0, 193.0, 1905.0, 2092.0, 191.0, 1347.0) 
Voter 25: ID 69; Choice (1356.0, 2183.0, 192.0, 1889.0, 1347.0, 1905.0, 2092.0, 2121.0, 191.0) 
Voter 26: ID 124; Choice (2141.0, 1356.0, 2183.0, 192.0, 193.0, 1905.0, 2092.0, 2121.0, 191.0) 
Voter 27: ID 664; Choice (1356.0, 2183.0, 192.0, 1889.0, 193.0, 1905.0, 2092.0, 191.0) 
Voter 28: ID 689; Choice (2141.0, 1356.0, 2183.0, 192.0, 1889.0, 193.0, 1905.0, 2121.0) 
Voter 29: ID 129; Choice (1211.0, 1356.0, 2183.0, 1889.0, 193.0, 1347.0, 1905.0, 2092.0) 
Voter 30: ID 303; Choice (2141.0, 1356.0, 2183.0, 192.0, 193.0, 1905.0, 2092.0, 2121.0, 191.0) 
Voter 31: ID 454; Choice (1356.0, 2183.0, 192.0, 1889.0, 193.0, 1905.0, 2092.0, 191.0) 
Voter 32: ID 434; Choice (1211.0, 1356.0, 2183.0, 192.0, 1889.0, 193.0, 1905.0) 
Voter 33: ID 74; Choice (1356.0, 2183.0, 192.0, 1889.0, 193.0, 1905.0, 2092.0, 191.0, 1347.0) 
Voter 34: ID 542; Choice (2141.0, 1356.0, 2183.0, 192.0, 193.0, 1905.0, 2092.0, 2121.0, 191.0) 
Voter 35: ID 460; Choice (1356.0, 2183.0, 192.0, 1889.0, 193.0, 1905.0, 2092.0, 191.0, 1347.0) 
Voter 36: ID 717; Choice (1356.0, 2183.0, 192.0, 1889.0, 193.0, 1905.0, 2092.0, 191.0, 1347.0) 
Voter 37: ID 684; Choice (1356.0, 2183.0, 192.0, 1889.0, 193.0, 1905.0, 2092.0, 191.0) 
Voter 38: ID 703; Choice (1356.0, 2183.0, 192.0, 1889.0, 193.0, 1905.0, 2092.0, 191.0) 
Voter 39: ID 695; Choice (2141.0, 1356.0, 2183.0, 192.0, 1889.0, 193.0, 1905.0, 2121.0) 
Voter 40: ID 683; Choice (1211.0, 1356.0, 2183.0, 192.0, 1889.0, 193.0, 1905.0) 
Voter 41: ID 572; Choice (2141.0, 1356.0, 2183.0, 192.0, 193.0, 1905.0, 2092.0, 2121.0, 191.0) 
Voter 42: ID 539; Choice (1356.0, 2183.0, 192.0, 1889.0, 193.0, 1905.0, 2092.0, 191.0) 
Voter 43: ID 446; Choice (1211.0, 1356.0, 2183.0, 192.0, 1889.0, 193.0, 1905.0) 
Voter 44: ID 8; Choice (1356.0, 2183.0, 192.0, 1889.0, 193.0, 1905.0, 2092.0, 191.0, 1347.0) 
Voter 45: ID 592; Choice (1356.0, 2183.0, 192.0, 1889.0, 193.0, 1905.0, 2092.0, 191.0, 1347.0) 
Voter 46: ID 135; Choice (2141.0, 1356.0, 2183.0, 192.0, 1889.0, 193.0, 1905.0, 2121.0) 
Voter 47: ID 205; Choice (2141.0, 1356.0, 2183.0, 192.0, 1889.0, 193.0, 1905.0, 2121.0) 
Voter 48: ID 439; Choice (2141.0, 1356.0, 2183.0, 192.0, 193.0, 1905.0, 2092.0, 2121.0, 191.0) 
Voter 49: ID 301; Choice (1356.0, 2183.0, 192.0, 1889.0, 193.0, 1905.0, 2092.0, 191.0) 
Voter 50: ID 127; Choice (2141.0, 1356.0, 2183.0, 192.0, 193.0, 1905.0, 2092.0, 2121.0, 191.0) 
---------------------------------------------------------------------------
After Iteration 6 :
Voter 1: ID 325; Choice (1356.0, 2183.0, 192.0, 1889.0, 193.0, 1905.0, 2092.0, 191.0, 1347.0) 
Voter 2: ID 598; Choice (1356.0, 2183.0, 192.0, 1889.0, 193.0, 1905.0, 2092.0, 191.0) 
Voter 3: ID 593; Choice (1356.0, 2183.0, 192.0, 1889.0, 193.0, 1905.0, 2092.0, 191.0, 1347.0) 
Voter 4: ID 457; Choice (1356.0, 2183.0, 192.0, 1889.0, 193.0, 1905.0, 2092.0, 191.0, 1347.0) 
Voter 5: ID 636; Choice (1356.0, 2183.0, 192.0, 1889.0, 193.0, 1905.0, 2092.0, 191.0, 1347.0) 
Voter 6: ID 737; Choice (1356.0, 2183.0, 192.0, 1889.0, 193.0, 1905.0, 2092.0, 191.0, 1347.0) 
Voter 7: ID 116; Choice (1356.0, 2183.0, 192.0, 1889.0, 193.0, 1905.0, 2092.0, 191.0, 1347.0) 
Voter 8: ID 570; Choice (1356.0, 2183.0, 192.0, 1889.0, 193.0, 1905.0, 2092.0, 191.0, 1347.0) 
Voter 9: ID 185; Choice (1356.0, 2183.0, 192.0, 1889.0, 193.0, 1905.0, 2092.0, 191.0, 1347.0) 
Voter 10: ID 511; Choice (1356.0, 2183.0, 192.0, 1889.0, 193.0, 1905.0, 2092.0, 191.0, 1347.0) 
Voter 11: ID 645; Choice (1356.0, 2183.0, 192.0, 1889.0, 193.0, 1905.0, 2092.0, 191.0, 1347.0) 
Voter 12: ID 525; Choice (1356.0, 2183.0, 192.0, 1889.0, 193.0, 1905.0, 2092.0, 191.0, 1347.0) 
Voter 13: ID 441; Choice (1356.0, 2183.0, 192.0, 1889.0, 193.0, 1905.0, 2092.0, 191.0, 1347.0) 
Voter 14: ID 75; Choice (2141.0, 1356.0, 2183.0, 192.0, 193.0, 1905.0, 2092.0, 2121.0, 191.0) 
Voter 15: ID 661; Choice (1356.0, 2183.0, 192.0, 1889.0, 193.0, 1905.0, 2092.0, 191.0, 1347.0) 
Voter 16: ID 296; Choice (1356.0, 2183.0, 192.0, 1889.0, 193.0, 1905.0, 2092.0, 191.0, 1347.0) 
Voter 17: ID 398; Choice (1356.0, 2183.0, 192.0, 1889.0, 193.0, 1905.0, 2092.0, 191.0, 1347.0) 
Voter 18: ID 302; Choice (1356.0, 2183.0, 192.0, 1889.0, 193.0, 1905.0, 2092.0, 191.0, 1347.0) 
Voter 19: ID 432; Choice (1356.0, 2183.0, 192.0, 1889.0, 193.0, 1905.0, 2092.0, 191.0, 1347.0) 
Voter 20: ID 125; Choice (1356.0, 2183.0, 192.0, 1889.0, 193.0, 1905.0, 2092.0, 191.0, 1347.0) 
Voter 21: ID 278; Choice (1356.0, 2183.0, 192.0, 1889.0, 193.0, 1905.0, 2092.0, 191.0, 1347.0) 
Voter 22: ID 220; Choice (1356.0, 2183.0, 192.0, 1889.0, 193.0, 1905.0, 2092.0, 191.0, 1347.0) 
Voter 23: ID 696; Choice (1356.0, 2183.0, 192.0, 1889.0, 193.0, 1905.0, 2092.0, 191.0) 
Voter 24: ID 244; Choice (1356.0, 2183.0, 192.0, 1889.0, 193.0, 1905.0, 2092.0, 191.0, 1347.0) 
Voter 25: ID 69; Choice (1356.0, 2183.0, 192.0, 1889.0, 193.0, 1905.0, 2092.0, 191.0, 1347.0) 
Voter 26: ID 124; Choice (1356.0, 2183.0, 192.0, 1889.0, 193.0, 1905.0, 2092.0, 191.0, 1347.0) 
Voter 27: ID 664; Choice (1356.0, 2183.0, 192.0, 1889.0, 193.0, 1905.0, 2092.0, 191.0, 1347.0) 
Voter 28: ID 689; Choice (1356.0, 2183.0, 192.0, 1889.0, 193.0, 1905.0, 2092.0, 191.0, 1347.0) 
Voter 29: ID 129; Choice (1356.0, 2183.0, 192.0, 1889.0, 193.0, 1905.0, 2092.0, 191.0, 1347.0) 
Voter 30: ID 303; Choice (1356.0, 2183.0, 192.0, 1889.0, 193.0, 1905.0, 2092.0, 191.0, 1347.0) 
Voter 31: ID 454; Choice (1356.0, 2183.0, 192.0, 1889.0, 193.0, 1905.0, 2092.0, 191.0, 1347.0) 
Voter 32: ID 434; Choice (2141.0, 1356.0, 2183.0, 192.0, 193.0, 1905.0, 2092.0, 2121.0, 191.0) 
Voter 33: ID 74; Choice (1356.0, 2183.0, 192.0, 1889.0, 193.0, 1905.0, 2092.0, 191.0, 1347.0) 
Voter 34: ID 542; Choice (2141.0, 1356.0, 2183.0, 192.0, 193.0, 1905.0, 2092.0, 2121.0, 191.0) 
Voter 35: ID 460; Choice (1356.0, 2183.0, 192.0, 1889.0, 193.0, 1905.0, 2092.0, 191.0, 1347.0) 
Voter 36: ID 717; Choice (1356.0, 2183.0, 192.0, 1889.0, 193.0, 1905.0, 2092.0, 191.0, 1347.0) 
Voter 37: ID 684; Choice (2141.0, 433.0, 1889.0, 193.0, 1905.0, 2092.0, 2121.0, 191.0) 
Voter 38: ID 703; Choice (1356.0, 2183.0, 192.0, 1889.0, 193.0, 1905.0, 2092.0, 191.0, 1347.0) 
Voter 39: ID 695; Choice (1356.0, 2183.0, 192.0, 1889.0, 193.0, 1905.0, 2092.0, 191.0, 1347.0) 
Voter 40: ID 683; Choice (1356.0, 2183.0, 192.0, 1889.0, 193.0, 1905.0, 2092.0, 191.0, 1347.0) 
Voter 41: ID 572; Choice (2141.0, 1356.0, 2183.0, 192.0, 193.0, 1905.0, 2092.0, 2121.0, 191.0) 
Voter 42: ID 539; Choice (1356.0, 2183.0, 192.0, 1889.0, 193.0, 1905.0, 2092.0, 191.0, 1347.0) 
Voter 43: ID 446; Choice (2141.0, 1356.0, 2183.0, 192.0, 193.0, 1905.0, 2092.0, 2121.0, 191.0) 
Voter 44: ID 8; Choice (1356.0, 2183.0, 192.0, 1889.0, 193.0, 1905.0, 2092.0, 191.0, 1347.0) 
Voter 45: ID 592; Choice (1356.0, 2183.0, 192.0, 1889.0, 193.0, 1905.0, 2092.0, 191.0, 1347.0) 
Voter 46: ID 135; Choice (1356.0, 2183.0, 192.0, 1889.0, 193.0, 1905.0, 2092.0, 191.0, 1347.0) 
Voter 47: ID 205; Choice (1356.0, 2183.0, 192.0, 1889.0, 193.0, 1905.0, 2092.0, 191.0, 1347.0) 
Voter 48: ID 439; Choice (1356.0, 2183.0, 192.0, 1889.0, 193.0, 1905.0, 2092.0, 191.0, 1347.0) 
Voter 49: ID 301; Choice (1356.0, 2183.0, 192.0, 1889.0, 193.0, 1905.0, 2092.0, 191.0) 
Voter 50: ID 127; Choice (1356.0, 2183.0, 192.0, 1889.0, 193.0, 1905.0, 2092.0, 191.0, 1347.0) 
---------------------------------------------------------------------------
After Iteration 7 :
Voter 1: ID 325; Choice (1356.0, 2183.0, 192.0, 1889.0, 193.0, 1905.0, 2092.0, 191.0, 1347.0) 
Voter 2: ID 598; Choice (1356.0, 2183.0, 192.0, 1889.0, 193.0, 1905.0, 2092.0, 191.0, 1347.0) 
Voter 3: ID 593; Choice (1356.0, 2183.0, 192.0, 1889.0, 193.0, 1905.0, 2092.0, 191.0, 1347.0) 
Voter 4: ID 457; Choice (1356.0, 2183.0, 192.0, 1889.0, 193.0, 1905.0, 2092.0, 191.0) 
Voter 5: ID 636; Choice (1356.0, 2183.0, 192.0, 1889.0, 193.0, 1905.0, 2092.0, 191.0, 1347.0) 
Voter 6: ID 737; Choice (1356.0, 2183.0, 192.0, 1889.0, 193.0, 1905.0, 2092.0, 191.0, 1347.0) 
Voter 7: ID 116; Choice (1356.0, 2183.0, 192.0, 1889.0, 193.0, 1905.0, 2092.0, 191.0, 1347.0) 
Voter 8: ID 570; Choice (1356.0, 2183.0, 192.0, 1889.0, 193.0, 1905.0, 2092.0, 191.0, 1347.0) 
Voter 9: ID 185; Choice (1356.0, 2183.0, 192.0, 1889.0, 193.0, 1905.0, 2092.0, 191.0, 1347.0) 
Voter 10: ID 511; Choice (1356.0, 2183.0, 192.0, 1889.0, 193.0, 1905.0, 2092.0, 191.0, 1347.0) 
Voter 11: ID 645; Choice (1356.0, 2183.0, 192.0, 1889.0, 193.0, 1905.0, 2092.0, 191.0, 1347.0) 
Voter 12: ID 525; Choice (1356.0, 2183.0, 192.0, 1889.0, 193.0, 1905.0, 2092.0, 191.0, 1347.0) 
Voter 13: ID 441; Choice (1356.0, 2183.0, 192.0, 1889.0, 193.0, 1905.0, 2092.0, 191.0) 
Voter 14: ID 75; Choice (1356.0, 2183.0, 192.0, 1889.0, 193.0, 1905.0, 2092.0, 191.0, 1347.0) 
Voter 15: ID 661; Choice (1356.0, 2183.0, 192.0, 1889.0, 193.0, 1905.0, 2092.0, 191.0, 1347.0) 
Voter 16: ID 296; Choice (1356.0, 2183.0, 192.0, 1889.0, 193.0, 1905.0, 2092.0, 191.0, 1347.0) 
Voter 17: ID 398; Choice (1356.0, 2183.0, 433.0, 192.0, 1889.0, 193.0, 1347.0, 1905.0, 2092.0, 2121.0) 
Voter 18: ID 302; Choice (1356.0, 2183.0, 192.0, 1889.0, 193.0, 1905.0, 2092.0, 191.0, 1347.0) 
Voter 19: ID 432; Choice (1356.0, 2183.0, 192.0, 1889.0, 193.0, 1905.0, 2092.0, 191.0, 1347.0) 
Voter 20: ID 125; Choice (1356.0, 2183.0, 192.0, 1889.0, 193.0, 1905.0, 2092.0, 191.0, 1347.0) 
Voter 21: ID 278; Choice (1356.0, 2183.0, 192.0, 1889.0, 193.0, 1905.0, 2092.0, 191.0) 
Voter 22: ID 220; Choice (1356.0, 2183.0, 192.0, 1889.0, 193.0, 1905.0, 2092.0, 191.0, 1347.0) 
Voter 23: ID 696; Choice (1356.0, 2183.0, 192.0, 1889.0, 193.0, 1905.0, 2092.0, 191.0, 1347.0) 
Voter 24: ID 244; Choice (1356.0, 2183.0, 192.0, 1889.0, 193.0, 1905.0, 2092.0, 191.0, 1347.0) 
Voter 25: ID 69; Choice (1356.0, 2183.0, 192.0, 1889.0, 193.0, 1905.0, 2092.0, 191.0, 1347.0) 
Voter 26: ID 124; Choice (1356.0, 2183.0, 192.0, 1889.0, 193.0, 1905.0, 2092.0, 191.0, 1347.0) 
Voter 27: ID 664; Choice (1356.0, 2183.0, 192.0, 1889.0, 193.0, 1905.0, 2092.0, 191.0, 1347.0) 
Voter 28: ID 689; Choice (1356.0, 2183.0, 192.0, 1889.0, 193.0, 1905.0, 2092.0, 191.0, 1347.0) 
Voter 29: ID 129; Choice (1356.0, 2183.0, 192.0, 1889.0, 193.0, 1905.0, 2092.0, 191.0, 1347.0) 
Voter 30: ID 303; Choice (1356.0, 2183.0, 192.0, 1889.0, 193.0, 1905.0, 2092.0, 191.0, 1347.0) 
Voter 31: ID 454; Choice (1356.0, 2183.0, 192.0, 1889.0, 193.0, 1905.0, 2092.0, 191.0) 
Voter 32: ID 434; Choice (1356.0, 2183.0, 192.0, 1889.0, 193.0, 1905.0, 2092.0, 191.0, 1347.0) 
Voter 33: ID 74; Choice (1356.0, 2183.0, 192.0, 1889.0, 193.0, 1905.0, 2092.0, 191.0, 1347.0) 
Voter 34: ID 542; Choice (1356.0, 2183.0, 192.0, 1889.0, 193.0, 1905.0, 2092.0, 191.0, 1347.0) 
Voter 35: ID 460; Choice (1356.0, 2183.0, 192.0, 1889.0, 193.0, 1905.0, 2092.0, 191.0, 1347.0) 
Voter 36: ID 717; Choice (1356.0, 2183.0, 192.0, 1889.0, 193.0, 1905.0, 2092.0, 191.0, 1347.0) 
Voter 37: ID 684; Choice (1356.0, 2183.0, 192.0, 1889.0, 193.0, 1905.0, 2092.0, 191.0, 1347.0) 
Voter 38: ID 703; Choice (1356.0, 2183.0, 192.0, 1889.0, 193.0, 1905.0, 2092.0, 191.0, 1347.0) 
Voter 39: ID 695; Choice (1356.0, 2183.0, 192.0, 1889.0, 193.0, 1905.0, 2092.0, 191.0, 1347.0) 
Voter 40: ID 683; Choice (1356.0, 2183.0, 192.0, 1889.0, 193.0, 1905.0, 2092.0, 191.0, 1347.0) 
Voter 41: ID 572; Choice (1356.0, 2183.0, 192.0, 1889.0, 193.0, 1905.0, 2092.0, 191.0, 1347.0) 
Voter 42: ID 539; Choice (1356.0, 2183.0, 192.0, 1889.0, 193.0, 1905.0, 2092.0, 191.0, 1347.0) 
Voter 43: ID 446; Choice (1356.0, 2183.0, 192.0, 1889.0, 193.0, 1905.0, 2092.0, 191.0, 1347.0) 
Voter 44: ID 8; Choice (1356.0, 2183.0, 192.0, 1889.0, 193.0, 1905.0, 2092.0, 191.0, 1347.0) 
Voter 45: ID 592; Choice (1356.0, 2183.0, 192.0, 1889.0, 193.0, 1905.0, 2092.0, 191.0, 1347.0) 
Voter 46: ID 135; Choice (1356.0, 2183.0, 192.0, 1889.0, 193.0, 1905.0, 2092.0, 191.0, 1347.0) 
Voter 47: ID 205; Choice (1356.0, 2183.0, 192.0, 1889.0, 193.0, 1905.0, 2092.0, 191.0, 1347.0) 
Voter 48: ID 439; Choice (1356.0, 2183.0, 192.0, 1889.0, 193.0, 1905.0, 2092.0, 191.0, 1347.0) 
Voter 49: ID 301; Choice (1356.0, 2183.0, 192.0, 1889.0, 193.0, 1905.0, 2092.0, 191.0) 
Voter 50: ID 127; Choice (1356.0, 2183.0, 192.0, 1889.0, 193.0, 1905.0, 2092.0, 191.0, 1347.0) 
---------------------------------------------------------------------------
After Iteration 8 :
Voter 1: ID 325; Choice (1356.0, 2183.0, 192.0, 1889.0, 193.0, 1905.0, 2092.0, 191.0, 1347.0) 
Voter 2: ID 598; Choice (1356.0, 2183.0, 192.0, 1889.0, 193.0, 1905.0, 2092.0, 191.0, 1347.0) 
Voter 3: ID 593; Choice (1356.0, 2183.0, 192.0, 1889.0, 193.0, 1905.0, 2092.0, 191.0, 1347.0) 
Voter 4: ID 457; Choice (1356.0, 2183.0, 192.0, 1889.0, 193.0, 1905.0, 2092.0, 191.0, 1347.0) 
Voter 5: ID 636; Choice (1356.0, 2183.0, 192.0, 1889.0, 193.0, 1905.0, 2092.0, 191.0, 1347.0) 
Voter 6: ID 737; Choice (1356.0, 2183.0, 192.0, 1889.0, 193.0, 1905.0, 2092.0, 191.0, 1347.0) 
Voter 7: ID 116; Choice (1356.0, 2183.0, 192.0, 1889.0, 193.0, 1905.0, 2092.0, 191.0, 1347.0) 
Voter 8: ID 570; Choice (1356.0, 2183.0, 192.0, 1889.0, 193.0, 1905.0, 2092.0, 191.0, 1347.0) 
Voter 9: ID 185; Choice (1356.0, 2183.0, 192.0, 1889.0, 193.0, 1905.0, 2092.0, 191.0, 1347.0) 
Voter 10: ID 511; Choice (1356.0, 2183.0, 192.0, 1889.0, 193.0, 1905.0, 2092.0, 191.0, 1347.0) 
Voter 11: ID 645; Choice (1356.0, 2183.0, 192.0, 1889.0, 193.0, 1905.0, 2092.0, 191.0, 1347.0) 
Voter 12: ID 525; Choice (1356.0, 2183.0, 192.0, 1889.0, 193.0, 1905.0, 2092.0, 191.0, 1347.0) 
Voter 13: ID 441; Choice (1356.0, 2183.0, 192.0, 1889.0, 193.0, 1905.0, 2092.0, 191.0, 1347.0) 
Voter 14: ID 75; Choice (1356.0, 2183.0, 192.0, 1889.0, 193.0, 1905.0, 2092.0, 191.0, 1347.0) 
Voter 15: ID 661; Choice (1356.0, 2183.0, 192.0, 1889.0, 193.0, 1905.0, 2092.0, 191.0, 1347.0) 
Voter 16: ID 296; Choice (1356.0, 2183.0, 192.0, 1889.0, 193.0, 1905.0, 2092.0, 191.0, 1347.0) 
Voter 17: ID 398; Choice (1356.0, 2183.0, 192.0, 1889.0, 193.0, 1905.0, 2092.0, 191.0, 1347.0) 
Voter 18: ID 302; Choice (1356.0, 2183.0, 192.0, 1889.0, 193.0, 1905.0, 2092.0, 191.0, 1347.0) 
Voter 19: ID 432; Choice (1356.0, 2183.0, 192.0, 1889.0, 193.0, 1905.0, 2092.0, 191.0, 1347.0) 
Voter 20: ID 125; Choice (1356.0, 2183.0, 192.0, 1889.0, 193.0, 1905.0, 2092.0, 191.0, 1347.0) 
Voter 21: ID 278; Choice (1356.0, 2183.0, 192.0, 1889.0, 193.0, 1905.0, 2092.0, 191.0, 1347.0) 
Voter 22: ID 220; Choice (1356.0, 2183.0, 192.0, 1889.0, 193.0, 1905.0, 2092.0, 191.0, 1347.0) 
Voter 23: ID 696; Choice (1356.0, 2183.0, 192.0, 1889.0, 193.0, 1905.0, 2092.0, 191.0, 1347.0) 
Voter 24: ID 244; Choice (1356.0, 2183.0, 192.0, 1889.0, 193.0, 1905.0, 2092.0, 191.0, 1347.0) 
Voter 25: ID 69; Choice (1356.0, 2183.0, 192.0, 1889.0, 193.0, 1905.0, 2092.0, 191.0, 1347.0) 
Voter 26: ID 124; Choice (1356.0, 2183.0, 192.0, 1889.0, 193.0, 1905.0, 2092.0, 191.0, 1347.0) 
Voter 27: ID 664; Choice (1356.0, 2183.0, 192.0, 1889.0, 193.0, 1905.0, 2092.0, 191.0, 1347.0) 
Voter 28: ID 689; Choice (1356.0, 2183.0, 192.0, 1889.0, 193.0, 1905.0, 2092.0, 191.0, 1347.0) 
Voter 29: ID 129; Choice (1356.0, 2183.0, 192.0, 1889.0, 193.0, 1905.0, 2092.0, 191.0, 1347.0) 
Voter 30: ID 303; Choice (1356.0, 2183.0, 192.0, 1889.0, 193.0, 1905.0, 2092.0, 191.0, 1347.0) 
Voter 31: ID 454; Choice (1211.0, 2141.0, 1356.0, 2183.0, 192.0, 193.0) 
Voter 32: ID 434; Choice (1356.0, 2183.0, 192.0, 1889.0, 193.0, 1905.0, 2092.0, 191.0, 1347.0) 
Voter 33: ID 74; Choice (1356.0, 2183.0, 192.0, 1889.0, 193.0, 1905.0, 2092.0, 191.0, 1347.0) 
Voter 34: ID 542; Choice (1356.0, 2183.0, 192.0, 1889.0, 193.0, 1905.0, 2092.0, 191.0, 1347.0) 
Voter 35: ID 460; Choice (1356.0, 2183.0, 192.0, 1889.0, 193.0, 1905.0, 2092.0, 191.0, 1347.0) 
Voter 36: ID 717; Choice (1356.0, 2183.0, 192.0, 1889.0, 193.0, 1905.0, 2092.0, 191.0, 1347.0) 
Voter 37: ID 684; Choice (1356.0, 2183.0, 192.0, 1889.0, 193.0, 1905.0, 2092.0, 191.0, 1347.0) 
Voter 38: ID 703; Choice (1356.0, 2183.0, 192.0, 1889.0, 193.0, 1905.0, 2092.0, 191.0, 1347.0) 
Voter 39: ID 695; Choice (1356.0, 2183.0, 192.0, 1889.0, 193.0, 1905.0, 2092.0, 191.0, 1347.0) 
Voter 40: ID 683; Choice (1356.0, 2183.0, 192.0, 1889.0, 193.0, 1905.0, 2092.0, 191.0, 1347.0) 
Voter 41: ID 572; Choice (1356.0, 2183.0, 192.0, 1889.0, 193.0, 1905.0, 2092.0, 191.0, 1347.0) 
Voter 42: ID 539; Choice (1356.0, 2183.0, 192.0, 1889.0, 193.0, 1905.0, 2092.0, 191.0, 1347.0) 
Voter 43: ID 446; Choice (1356.0, 2183.0, 192.0, 1889.0, 193.0, 1905.0, 2092.0, 191.0, 1347.0) 
Voter 44: ID 8; Choice (1356.0, 2183.0, 192.0, 1889.0, 193.0, 1905.0, 2092.0, 191.0, 1347.0) 
Voter 45: ID 592; Choice (1356.0, 2183.0, 192.0, 1889.0, 193.0, 1905.0, 2092.0, 191.0, 1347.0) 
Voter 46: ID 135; Choice (1356.0, 2183.0, 192.0, 1889.0, 193.0, 1905.0, 2092.0, 191.0, 1347.0) 
Voter 47: ID 205; Choice (1356.0, 2183.0, 192.0, 1889.0, 193.0, 1905.0, 2092.0, 191.0, 1347.0) 
Voter 48: ID 439; Choice (1356.0, 2183.0, 192.0, 1889.0, 193.0, 1905.0, 2092.0, 191.0, 1347.0) 
Voter 49: ID 301; Choice (1356.0, 2183.0, 192.0, 1889.0, 193.0, 1905.0, 2092.0, 191.0, 1347.0) 
Voter 50: ID 127; Choice (1356.0, 2183.0, 192.0, 1889.0, 193.0, 1905.0, 2092.0, 191.0, 1347.0) 
---------------------------------------------------------------------------
After Iteration 9 :
Voter 1: ID 325; Choice (1356.0, 2183.0, 192.0, 1889.0, 193.0, 1905.0, 2092.0, 191.0, 1347.0) 
Voter 2: ID 598; Choice (1356.0, 2183.0, 192.0, 1889.0, 193.0, 1905.0, 2092.0, 191.0, 1347.0) 
Voter 3: ID 593; Choice (1356.0, 2183.0, 192.0, 1889.0, 193.0, 1905.0, 2092.0, 191.0, 1347.0) 
Voter 4: ID 457; Choice (1356.0, 2183.0, 192.0, 1889.0, 193.0, 1905.0, 2092.0, 191.0, 1347.0) 
Voter 5: ID 636; Choice (1356.0, 2183.0, 192.0, 1889.0, 193.0, 1905.0, 2092.0, 191.0, 1347.0) 
Voter 6: ID 737; Choice (1356.0, 2183.0, 192.0, 1889.0, 193.0, 1905.0, 2092.0, 191.0, 1347.0) 
Voter 7: ID 116; Choice (1356.0, 2183.0, 192.0, 1889.0, 193.0, 1905.0, 2092.0, 191.0, 1347.0) 
Voter 8: ID 570; Choice (1356.0, 2183.0, 192.0, 1889.0, 193.0, 1905.0, 2092.0, 191.0, 1347.0) 
Voter 9: ID 185; Choice (1356.0, 2183.0, 192.0, 1889.0, 193.0, 1905.0, 2092.0, 191.0, 1347.0) 
Voter 10: ID 511; Choice (1356.0, 2183.0, 192.0, 1889.0, 193.0, 1905.0, 2092.0, 191.0, 1347.0) 
Voter 11: ID 645; Choice (1356.0, 2183.0, 192.0, 1889.0, 193.0, 1905.0, 2092.0, 191.0, 1347.0) 
Voter 12: ID 525; Choice (1356.0, 2183.0, 192.0, 1889.0, 193.0, 1905.0, 2092.0, 191.0, 1347.0) 
Voter 13: ID 441; Choice (1356.0, 2183.0, 192.0, 1889.0, 193.0, 1905.0, 2092.0, 191.0, 1347.0) 
Voter 14: ID 75; Choice (1356.0, 2183.0, 192.0, 1889.0, 193.0, 1905.0, 2092.0, 191.0, 1347.0) 
Voter 15: ID 661; Choice (1356.0, 2183.0, 192.0, 1889.0, 193.0, 1905.0, 2092.0, 191.0, 1347.0) 
Voter 16: ID 296; Choice (1356.0, 2183.0, 192.0, 1889.0, 193.0, 1905.0, 2092.0, 191.0, 1347.0) 
Voter 17: ID 398; Choice (1356.0, 2183.0, 192.0, 1889.0, 193.0, 1905.0, 2092.0, 191.0, 1347.0) 
Voter 18: ID 302; Choice (1356.0, 2183.0, 192.0, 1889.0, 193.0, 1905.0, 2092.0, 191.0, 1347.0) 
Voter 19: ID 432; Choice (1356.0, 2183.0, 192.0, 1889.0, 193.0, 1905.0, 2092.0, 191.0, 1347.0) 
Voter 20: ID 125; Choice (1356.0, 2183.0, 192.0, 1889.0, 193.0, 1905.0, 2092.0, 191.0, 1347.0) 
Voter 21: ID 278; Choice (1356.0, 2183.0, 192.0, 1889.0, 193.0, 1905.0, 2092.0, 191.0, 1347.0) 
Voter 22: ID 220; Choice (1356.0, 2183.0, 192.0, 1889.0, 193.0, 1905.0, 2092.0, 191.0, 1347.0) 
Voter 23: ID 696; Choice (1356.0, 2183.0, 192.0, 1889.0, 193.0, 1905.0, 2092.0, 191.0, 1347.0) 
Voter 24: ID 244; Choice (1356.0, 2183.0, 192.0, 1889.0, 193.0, 1905.0, 2092.0, 191.0, 1347.0) 
Voter 25: ID 69; Choice (1356.0, 2183.0, 192.0, 1889.0, 193.0, 1905.0, 2092.0, 191.0, 1347.0) 
Voter 26: ID 124; Choice (1356.0, 2183.0, 192.0, 1889.0, 193.0, 1905.0, 2092.0, 191.0, 1347.0) 
Voter 27: ID 664; Choice (1356.0, 2183.0, 192.0, 1889.0, 193.0, 1905.0, 2092.0, 191.0, 1347.0) 
Voter 28: ID 689; Choice (1356.0, 2183.0, 192.0, 1889.0, 193.0, 1905.0, 2092.0, 191.0, 1347.0) 
Voter 29: ID 129; Choice (1356.0, 2183.0, 192.0, 1889.0, 193.0, 1905.0, 2092.0, 191.0, 1347.0) 
Voter 30: ID 303; Choice (1356.0, 2183.0, 192.0, 1889.0, 193.0, 1905.0, 2092.0, 191.0, 1347.0) 
Voter 31: ID 454; Choice (1356.0, 2183.0, 192.0, 1889.0, 193.0, 1905.0, 2092.0, 191.0, 1347.0) 
Voter 32: ID 434; Choice (1356.0, 2183.0, 192.0, 1889.0, 193.0, 1905.0, 2092.0, 191.0, 1347.0) 
Voter 33: ID 74; Choice (1356.0, 2183.0, 192.0, 1889.0, 193.0, 1905.0, 2092.0, 191.0, 1347.0) 
Voter 34: ID 542; Choice (1356.0, 2183.0, 192.0, 1889.0, 193.0, 1905.0, 2092.0, 191.0, 1347.0) 
Voter 35: ID 460; Choice (1356.0, 2183.0, 192.0, 1889.0, 193.0, 1905.0, 2092.0, 191.0, 1347.0) 
Voter 36: ID 717; Choice (1356.0, 2183.0, 192.0, 1889.0, 193.0, 1905.0, 2092.0, 191.0, 1347.0) 
Voter 37: ID 684; Choice (1356.0, 2183.0, 192.0, 1889.0, 193.0, 1905.0, 2092.0, 191.0, 1347.0) 
Voter 38: ID 703; Choice (1356.0, 2183.0, 192.0, 1889.0, 193.0, 1905.0, 2092.0, 191.0, 1347.0) 
Voter 39: ID 695; Choice (1356.0, 2183.0, 192.0, 1889.0, 193.0, 1905.0, 2092.0, 191.0, 1347.0) 
Voter 40: ID 683; Choice (1356.0, 2183.0, 192.0, 1889.0, 193.0, 1905.0, 2092.0, 191.0, 1347.0) 
Voter 41: ID 572; Choice (1356.0, 2183.0, 192.0, 1889.0, 193.0, 1905.0, 2092.0, 191.0, 1347.0) 
Voter 42: ID 539; Choice (1356.0, 2183.0, 192.0, 1889.0, 193.0, 1905.0, 2092.0, 191.0, 1347.0) 
Voter 43: ID 446; Choice (1356.0, 2183.0, 192.0, 1889.0, 193.0, 1905.0, 2092.0, 191.0, 1347.0) 
Voter 44: ID 8; Choice (1356.0, 2183.0, 192.0, 1889.0, 193.0, 1905.0, 2092.0, 191.0, 1347.0) 
Voter 45: ID 592; Choice (1356.0, 2183.0, 192.0, 1889.0, 193.0, 1905.0, 2092.0, 191.0, 1347.0) 
Voter 46: ID 135; Choice (1356.0, 2183.0, 192.0, 1889.0, 193.0, 1905.0, 2092.0, 191.0, 1347.0) 
Voter 47: ID 205; Choice (1356.0, 2183.0, 192.0, 1889.0, 193.0, 1905.0, 2092.0, 191.0, 1347.0) 
Voter 48: ID 439; Choice (1356.0, 2183.0, 192.0, 1889.0, 193.0, 1905.0, 2092.0, 191.0, 1347.0) 
Voter 49: ID 301; Choice (1356.0, 2183.0, 192.0, 1889.0, 193.0, 1905.0, 2092.0, 191.0, 1347.0) 
Voter 50: ID 127; Choice (1356.0, 2183.0, 192.0, 1889.0, 193.0, 1905.0, 2092.0, 191.0, 1347.0) 
---------------------------------------------------------------------------
Concensus reached after 9 iterations.
Max degree: 22 Number of valid combinations: 15 Using random find.
There are 1 opinions after all iterations.
(1356.0, 2183.0, 192.0, 1889.0, 193.0, 1905.0, 2092.0, 191.0, 1347.0) count: 50
