    project id    reward
0       1211.0 -0.444988
1       2141.0 -0.057202
2       1356.0  0.331482
3       2183.0  0.343395
4        433.0 -0.263659
5        192.0  0.232709
6       1889.0  0.302624
7        193.0  0.251523
8       1347.0  0.192139
9       1905.0  0.121838
10      2092.0  0.245409
11      2121.0 -0.136063
12       191.0  0.215283
Valid Combinations are:
(1356.0, 2183.0, 192.0, 1889.0, 193.0, 1905.0, 2092.0, 191.0, 1347.0)
(1356.0, 2183.0, 192.0, 1889.0, 193.0, 1905.0, 2092.0, 191.0)
(1211.0, 2141.0, 1356.0, 2183.0, 192.0, 193.0)
(1356.0, 2183.0, 433.0, 192.0, 1889.0, 193.0, 1347.0, 1905.0, 2121.0, 191.0)
(2141.0, 2183.0, 433.0, 192.0, 1889.0, 193.0, 1347.0, 2121.0, 191.0)
(2141.0, 1356.0, 2183.0, 433.0, 192.0, 1905.0, 2121.0, 191.0)
(2141.0, 1356.0, 2183.0, 192.0, 1889.0, 193.0, 1347.0, 2092.0)
(2141.0, 1356.0, 2183.0, 192.0, 193.0, 1347.0, 2092.0, 191.0)
(2141.0, 1356.0, 192.0, 1889.0, 193.0, 2092.0, 2121.0, 191.0)
(1356.0, 433.0, 1889.0, 193.0, 1347.0, 2092.0, 2121.0, 191.0)
Initial Choices:
---------------------------------------------------------------------------
Voter 1: ID 255; Choice (2141.0, 2183.0, 433.0, 192.0, 1889.0, 193.0, 1347.0, 2121.0, 191.0) 
Voter 2: ID 22; Choice (2141.0, 2183.0, 433.0, 192.0, 1889.0, 193.0, 1347.0, 2121.0, 191.0) 
Voter 3: ID 725; Choice (2141.0, 2183.0, 433.0, 192.0, 1889.0, 193.0, 1347.0, 2121.0, 191.0) 
Voter 4: ID 491; Choice (2141.0, 1356.0, 192.0, 1889.0, 193.0, 2092.0, 2121.0, 191.0) 
Voter 5: ID 216; Choice (1356.0, 2183.0, 433.0, 192.0, 1889.0, 193.0, 1347.0, 1905.0, 2121.0, 191.0) 
Voter 6: ID 51; Choice (1356.0, 2183.0, 192.0, 1889.0, 193.0, 1905.0, 2092.0, 191.0, 1347.0) 
Voter 7: ID 589; Choice (1356.0, 433.0, 1889.0, 193.0, 1347.0, 2092.0, 2121.0, 191.0) 
Voter 8: ID 513; Choice (1356.0, 2183.0, 192.0, 1889.0, 193.0, 1905.0, 2092.0, 191.0) 
Voter 9: ID 593; Choice (2141.0, 1356.0, 192.0, 1889.0, 193.0, 2092.0, 2121.0, 191.0) 
Voter 10: ID 157; Choice (1211.0, 2141.0, 1356.0, 2183.0, 192.0, 193.0) 
Voter 11: ID 503; Choice (1211.0, 2141.0, 1356.0, 2183.0, 192.0, 193.0) 
Voter 12: ID 188; Choice (1356.0, 2183.0, 433.0, 192.0, 1889.0, 193.0, 1347.0, 1905.0, 2121.0, 191.0) 
Voter 13: ID 702; Choice (1211.0, 2141.0, 1356.0, 2183.0, 192.0, 193.0) 
Voter 14: ID 310; Choice (2141.0, 1356.0, 192.0, 1889.0, 193.0, 2092.0, 2121.0, 191.0) 
Voter 15: ID 433; Choice (2141.0, 1356.0, 2183.0, 192.0, 193.0, 1347.0, 2092.0, 191.0) 
Voter 16: ID 499; Choice (1211.0, 2141.0, 1356.0, 2183.0, 192.0, 193.0) 
Voter 17: ID 545; Choice (1356.0, 433.0, 1889.0, 193.0, 1347.0, 2092.0, 2121.0, 191.0) 
Voter 18: ID 444; Choice (2141.0, 2183.0, 433.0, 192.0, 1889.0, 193.0, 1347.0, 2121.0, 191.0) 
Voter 19: ID 735; Choice (2141.0, 1356.0, 2183.0, 192.0, 1889.0, 193.0, 1347.0, 2092.0) 
Voter 20: ID 401; Choice (1356.0, 433.0, 1889.0, 193.0, 1347.0, 2092.0, 2121.0, 191.0) 
Voter 21: ID 380; Choice (1356.0, 2183.0, 433.0, 192.0, 1889.0, 193.0, 1347.0, 1905.0, 2121.0, 191.0) 
Voter 22: ID 241; Choice (1356.0, 2183.0, 192.0, 1889.0, 193.0, 1905.0, 2092.0, 191.0) 
Voter 23: ID 618; Choice (2141.0, 1356.0, 2183.0, 192.0, 193.0, 1347.0, 2092.0, 191.0) 
Voter 24: ID 159; Choice (1211.0, 2141.0, 1356.0, 2183.0, 192.0, 193.0) 
Voter 25: ID 391; Choice (1211.0, 2141.0, 1356.0, 2183.0, 192.0, 193.0) 
Voter 26: ID 476; Choice (1356.0, 2183.0, 192.0, 1889.0, 193.0, 1905.0, 2092.0, 191.0, 1347.0) 
Voter 27: ID 679; Choice (2141.0, 1356.0, 192.0, 1889.0, 193.0, 2092.0, 2121.0, 191.0) 
Voter 28: ID 316; Choice (1211.0, 2141.0, 1356.0, 2183.0, 192.0, 193.0) 
Voter 29: ID 631; Choice (1356.0, 2183.0, 433.0, 192.0, 1889.0, 193.0, 1347.0, 1905.0, 2121.0, 191.0) 
Voter 30: ID 125; Choice (1356.0, 2183.0, 192.0, 1889.0, 193.0, 1905.0, 2092.0, 191.0, 1347.0) 
Voter 31: ID 454; Choice (2141.0, 1356.0, 192.0, 1889.0, 193.0, 2092.0, 2121.0, 191.0) 
Voter 32: ID 349; Choice (1356.0, 2183.0, 433.0, 192.0, 1889.0, 193.0, 1347.0, 1905.0, 2121.0, 191.0) 
Voter 33: ID 734; Choice (2141.0, 1356.0, 192.0, 1889.0, 193.0, 2092.0, 2121.0, 191.0) 
Voter 34: ID 344; Choice (1356.0, 433.0, 1889.0, 193.0, 1347.0, 2092.0, 2121.0, 191.0) 
Voter 35: ID 697; Choice (2141.0, 1356.0, 192.0, 1889.0, 193.0, 2092.0, 2121.0, 191.0) 
Voter 36: ID 597; Choice (2141.0, 1356.0, 2183.0, 433.0, 192.0, 1905.0, 2121.0, 191.0) 
Voter 37: ID 574; Choice (2141.0, 1356.0, 192.0, 1889.0, 193.0, 2092.0, 2121.0, 191.0) 
Voter 38: ID 79; Choice (2141.0, 2183.0, 433.0, 192.0, 1889.0, 193.0, 1347.0, 2121.0, 191.0) 
Voter 39: ID 700; Choice (1356.0, 2183.0, 433.0, 192.0, 1889.0, 193.0, 1347.0, 1905.0, 2121.0, 191.0) 
Voter 40: ID 355; Choice (2141.0, 1356.0, 2183.0, 192.0, 193.0, 1347.0, 2092.0, 191.0) 
Voter 41: ID 416; Choice (1356.0, 2183.0, 192.0, 1889.0, 193.0, 1905.0, 2092.0, 191.0) 
Voter 42: ID 711; Choice (1356.0, 2183.0, 192.0, 1889.0, 193.0, 1905.0, 2092.0, 191.0, 1347.0) 
Voter 43: ID 687; Choice (1356.0, 433.0, 1889.0, 193.0, 1347.0, 2092.0, 2121.0, 191.0) 
Voter 44: ID 7; Choice (2141.0, 1356.0, 192.0, 1889.0, 193.0, 2092.0, 2121.0, 191.0) 
Voter 45: ID 86; Choice (1356.0, 2183.0, 433.0, 192.0, 1889.0, 193.0, 1347.0, 1905.0, 2121.0, 191.0) 
Voter 46: ID 29; Choice (1211.0, 2141.0, 1356.0, 2183.0, 192.0, 193.0) 
Voter 47: ID 731; Choice (1356.0, 2183.0, 192.0, 1889.0, 193.0, 1905.0, 2092.0, 191.0) 
Voter 48: ID 673; Choice (1356.0, 433.0, 1889.0, 193.0, 1347.0, 2092.0, 2121.0, 191.0) 
Voter 49: ID 390; Choice (2141.0, 1356.0, 2183.0, 192.0, 193.0, 1347.0, 2092.0, 191.0) 
Voter 50: ID 272; Choice (1356.0, 2183.0, 433.0, 192.0, 1889.0, 193.0, 1347.0, 1905.0, 2121.0, 191.0) 
---------------------------------------------------------------------------
After Iteration 1 :
Voter 1: ID 255; Choice (1356.0, 433.0, 1889.0, 193.0, 1347.0, 2092.0, 2121.0, 191.0) 
Voter 2: ID 22; Choice (2141.0, 1356.0, 2183.0, 192.0, 1889.0, 193.0, 1347.0, 2092.0) 
Voter 3: ID 725; Choice (2141.0, 2183.0, 433.0, 192.0, 1889.0, 193.0, 1347.0, 2121.0, 191.0) 
Voter 4: ID 491; Choice (2141.0, 1356.0, 2183.0, 192.0, 1889.0, 193.0, 1347.0, 2092.0) 
Voter 5: ID 216; Choice (2141.0, 1356.0, 2183.0, 192.0, 1889.0, 193.0, 1347.0, 2092.0) 
Voter 6: ID 51; Choice (1211.0, 2141.0, 1356.0, 2183.0, 192.0, 193.0) 
Voter 7: ID 589; Choice (1356.0, 433.0, 1889.0, 193.0, 1347.0, 2092.0, 2121.0, 191.0) 
Voter 8: ID 513; Choice (1356.0, 2183.0, 192.0, 1889.0, 193.0, 1905.0, 2092.0, 191.0) 
Voter 9: ID 593; Choice (2141.0, 1356.0, 2183.0, 433.0, 192.0, 1905.0, 2121.0, 191.0) 
Voter 10: ID 157; Choice (2141.0, 1356.0, 2183.0, 192.0, 1889.0, 193.0, 1347.0, 2092.0) 
Voter 11: ID 503; Choice (1356.0, 2183.0, 192.0, 1889.0, 193.0, 1905.0, 2092.0, 191.0, 1347.0) 
Voter 12: ID 188; Choice (2141.0, 1356.0, 192.0, 1889.0, 193.0, 2092.0, 2121.0, 191.0) 
Voter 13: ID 702; Choice (1356.0, 2183.0, 192.0, 1889.0, 193.0, 1905.0, 2092.0, 191.0) 
Voter 14: ID 310; Choice (2141.0, 1356.0, 2183.0, 433.0, 192.0, 1905.0, 2121.0, 191.0) 
Voter 15: ID 433; Choice (1211.0, 2141.0, 1356.0, 2183.0, 192.0, 193.0) 
Voter 16: ID 499; Choice (2141.0, 2183.0, 433.0, 192.0, 1889.0, 193.0, 1347.0, 2121.0, 191.0) 
Voter 17: ID 545; Choice (1356.0, 2183.0, 192.0, 1889.0, 193.0, 1905.0, 2092.0, 191.0, 1347.0) 
Voter 18: ID 444; Choice (1211.0, 2141.0, 1356.0, 2183.0, 192.0, 193.0) 
Voter 19: ID 735; Choice (1356.0, 2183.0, 433.0, 192.0, 1889.0, 193.0, 1347.0, 1905.0, 2121.0, 191.0) 
Voter 20: ID 401; Choice (2141.0, 2183.0, 433.0, 192.0, 1889.0, 193.0, 1347.0, 2121.0, 191.0) 
Voter 21: ID 380; Choice (1211.0, 2141.0, 1356.0, 2183.0, 192.0, 193.0) 
Voter 22: ID 241; Choice (2141.0, 1356.0, 2183.0, 433.0, 192.0, 1905.0, 2121.0, 191.0) 
Voter 23: ID 618; Choice (2141.0, 1356.0, 2183.0, 433.0, 192.0, 1905.0, 2121.0, 191.0) 
Voter 24: ID 159; Choice (1211.0, 2141.0, 1356.0, 2183.0, 192.0, 193.0) 
Voter 25: ID 391; Choice (2141.0, 1356.0, 2183.0, 192.0, 193.0, 1347.0, 2092.0, 191.0) 
Voter 26: ID 476; Choice (2141.0, 1356.0, 192.0, 1889.0, 193.0, 2092.0, 2121.0, 191.0) 
Voter 27: ID 679; Choice (2141.0, 1356.0, 2183.0, 192.0, 193.0, 1347.0, 2092.0, 191.0) 
Voter 28: ID 316; Choice (1211.0, 2141.0, 1356.0, 2183.0, 192.0, 193.0) 
Voter 29: ID 631; Choice (1356.0, 2183.0, 433.0, 192.0, 1889.0, 193.0, 1347.0, 1905.0, 2121.0, 191.0) 
Voter 30: ID 125; Choice (2141.0, 2183.0, 433.0, 192.0, 1889.0, 193.0, 1347.0, 2121.0, 191.0) 
Voter 31: ID 454; Choice (1356.0, 2183.0, 433.0, 192.0, 1889.0, 193.0, 1347.0, 1905.0, 2121.0, 191.0) 
Voter 32: ID 349; Choice (2141.0, 1356.0, 2183.0, 192.0, 1889.0, 193.0, 1347.0, 2092.0) 
Voter 33: ID 734; Choice (2141.0, 1356.0, 2183.0, 192.0, 1889.0, 193.0, 1347.0, 2092.0) 
Voter 34: ID 344; Choice (2141.0, 1356.0, 2183.0, 433.0, 192.0, 1905.0, 2121.0, 191.0) 
Voter 35: ID 697; Choice (2141.0, 1356.0, 192.0, 1889.0, 193.0, 2092.0, 2121.0, 191.0) 
Voter 36: ID 597; Choice (1211.0, 2141.0, 1356.0, 2183.0, 192.0, 193.0) 
Voter 37: ID 574; Choice (2141.0, 1356.0, 2183.0, 433.0, 192.0, 1905.0, 2121.0, 191.0) 
Voter 38: ID 79; Choice (1356.0, 433.0, 1889.0, 193.0, 1347.0, 2092.0, 2121.0, 191.0) 
Voter 39: ID 700; Choice (1356.0, 2183.0, 192.0, 1889.0, 193.0, 1905.0, 2092.0, 191.0, 1347.0) 
Voter 40: ID 355; Choice (1356.0, 2183.0, 433.0, 192.0, 1889.0, 193.0, 1347.0, 1905.0, 2121.0, 191.0) 
Voter 41: ID 416; Choice (2141.0, 2183.0, 433.0, 192.0, 1889.0, 193.0, 1347.0, 2121.0, 191.0) 
Voter 42: ID 711; Choice (1356.0, 2183.0, 192.0, 1889.0, 193.0, 1905.0, 2092.0, 191.0, 1347.0) 
Voter 43: ID 687; Choice (1356.0, 2183.0, 433.0, 192.0, 1889.0, 193.0, 1347.0, 1905.0, 2121.0, 191.0) 
Voter 44: ID 7; Choice (1211.0, 2141.0, 1356.0, 2183.0, 192.0, 193.0) 
Voter 45: ID 86; Choice (1356.0, 433.0, 1889.0, 193.0, 1347.0, 2092.0, 2121.0, 191.0) 
Voter 46: ID 29; Choice (2141.0, 2183.0, 433.0, 192.0, 1889.0, 193.0, 1347.0, 2121.0, 191.0) 
Voter 47: ID 731; Choice (2141.0, 1356.0, 2183.0, 433.0, 192.0, 1905.0, 2121.0, 191.0) 
Voter 48: ID 673; Choice (1211.0, 2141.0, 1356.0, 2183.0, 192.0, 193.0) 
Voter 49: ID 390; Choice (1356.0, 433.0, 1889.0, 193.0, 1347.0, 2092.0, 2121.0, 191.0) 
Voter 50: ID 272; Choice (1356.0, 2183.0, 433.0, 192.0, 1889.0, 193.0, 1347.0, 1905.0, 2121.0, 191.0) 
---------------------------------------------------------------------------
---------------------------------------------------------------------------
{(1356.0, 2183.0, 192.0, 1889.0, 193.0, 1905.0, 2092.0, 191.0, 1347.0): 0.22364029753939524, (1356.0, 2183.0, 192.0, 1889.0, 193.0, 1905.0, 2092.0, 191.0): 0.2044263556646321, (1211.0, 2141.0, 1356.0, 2183.0, 192.0, 193.0): 0, (1356.0, 2183.0, 433.0, 192.0, 1889.0, 193.0, 1347.0, 1905.0, 2121.0, 191.0): 0.1591272681521678, (2141.0, 2183.0, 433.0, 192.0, 1889.0, 193.0, 1347.0, 2121.0, 191.0): 0.10807495086826696, (2141.0, 1356.0, 2183.0, 433.0, 192.0, 1905.0, 2121.0, 191.0): 0, (2141.0, 1356.0, 2183.0, 192.0, 1889.0, 193.0, 1347.0, 2092.0): 0, (2141.0, 1356.0, 2183.0, 192.0, 193.0, 1347.0, 2092.0, 191.0): 0.17547384652518527, (2141.0, 1356.0, 192.0, 1889.0, 193.0, 2092.0, 2121.0, 191.0): 0.13857648346718165, (1356.0, 433.0, 1889.0, 193.0, 1347.0, 2092.0, 2121.0, 191.0): 0}
After Iteration 2 :
Voter 1: ID 255; Choice (2141.0, 1356.0, 2183.0, 192.0, 193.0, 1347.0, 2092.0, 191.0) 
Voter 2: ID 22; Choice (2141.0, 2183.0, 433.0, 192.0, 1889.0, 193.0, 1347.0, 2121.0, 191.0) 
Voter 3: ID 725; Choice (1356.0, 2183.0, 192.0, 1889.0, 193.0, 1905.0, 2092.0, 191.0) 
Voter 4: ID 491; Choice (1211.0, 2141.0, 1356.0, 2183.0, 192.0, 193.0) 
Voter 5: ID 216; Choice (1211.0, 2141.0, 1356.0, 2183.0, 192.0, 193.0) 
Voter 6: ID 51; Choice (2141.0, 1356.0, 2183.0, 192.0, 1889.0, 193.0, 1347.0, 2092.0) 
Voter 7: ID 589; Choice (1356.0, 433.0, 1889.0, 193.0, 1347.0, 2092.0, 2121.0, 191.0) 
Voter 8: ID 513; Choice (1211.0, 2141.0, 1356.0, 2183.0, 192.0, 193.0) 
Voter 9: ID 593; Choice (1356.0, 433.0, 1889.0, 193.0, 1347.0, 2092.0, 2121.0, 191.0) 
Voter 10: ID 157; Choice (1356.0, 2183.0, 433.0, 192.0, 1889.0, 193.0, 1347.0, 1905.0, 2121.0, 191.0) 
Voter 11: ID 503; Choice (2141.0, 1356.0, 2183.0, 192.0, 1889.0, 193.0, 1347.0, 2092.0) 
Voter 12: ID 188; Choice (2141.0, 1356.0, 2183.0, 433.0, 192.0, 1905.0, 2121.0, 191.0) 
Voter 13: ID 702; Choice (2141.0, 1356.0, 2183.0, 192.0, 193.0, 1347.0, 2092.0, 191.0) 
Voter 14: ID 310; Choice (2141.0, 2183.0, 433.0, 192.0, 1889.0, 193.0, 1347.0, 2121.0, 191.0) 
Voter 15: ID 433; Choice (1356.0, 2183.0, 433.0, 192.0, 1889.0, 193.0, 1347.0, 1905.0, 2121.0, 191.0) 
Voter 16: ID 499; Choice (2141.0, 1356.0, 192.0, 1889.0, 193.0, 2092.0, 2121.0, 191.0) 
Voter 17: ID 545; Choice (1356.0, 2183.0, 192.0, 1889.0, 193.0, 1905.0, 2092.0, 191.0) 
Voter 18: ID 444; Choice (2141.0, 1356.0, 2183.0, 192.0, 1889.0, 193.0, 1347.0, 2092.0) 
Voter 19: ID 735; Choice (2141.0, 1356.0, 192.0, 1889.0, 193.0, 2092.0, 2121.0, 191.0) 
Voter 20: ID 401; Choice (1356.0, 433.0, 1889.0, 193.0, 1347.0, 2092.0, 2121.0, 191.0) 
Voter 21: ID 380; Choice (1356.0, 433.0, 1889.0, 193.0, 1347.0, 2092.0, 2121.0, 191.0) 
Voter 22: ID 241; Choice (2141.0, 1356.0, 192.0, 1889.0, 193.0, 2092.0, 2121.0, 191.0) 
Voter 23: ID 618; Choice (2141.0, 1356.0, 2183.0, 192.0, 1889.0, 193.0, 1347.0, 2092.0) 
Voter 24: ID 159; Choice (1211.0, 2141.0, 1356.0, 2183.0, 192.0, 193.0) 
Voter 25: ID 391; Choice (2141.0, 1356.0, 2183.0, 192.0, 193.0, 1347.0, 2092.0, 191.0) 
Voter 26: ID 476; Choice (1356.0, 2183.0, 192.0, 1889.0, 193.0, 1905.0, 2092.0, 191.0) 
Voter 27: ID 679; Choice (1356.0, 2183.0, 192.0, 1889.0, 193.0, 1905.0, 2092.0, 191.0, 1347.0) 
Voter 28: ID 316; Choice (1356.0, 433.0, 1889.0, 193.0, 1347.0, 2092.0, 2121.0, 191.0) 
Voter 29: ID 631; Choice (2141.0, 2183.0, 433.0, 192.0, 1889.0, 193.0, 1347.0, 2121.0, 191.0) 
Voter 30: ID 125; Choice (1356.0, 2183.0, 192.0, 1889.0, 193.0, 1905.0, 2092.0, 191.0) 
Voter 31: ID 454; Choice (1356.0, 433.0, 1889.0, 193.0, 1347.0, 2092.0, 2121.0, 191.0) 
Voter 32: ID 349; Choice (1356.0, 2183.0, 192.0, 1889.0, 193.0, 1905.0, 2092.0, 191.0, 1347.0) 
Voter 33: ID 734; Choice (2141.0, 1356.0, 2183.0, 192.0, 193.0, 1347.0, 2092.0, 191.0) 
Voter 34: ID 344; Choice (1356.0, 2183.0, 192.0, 1889.0, 193.0, 1905.0, 2092.0, 191.0, 1347.0) 
Voter 35: ID 697; Choice (2141.0, 1356.0, 2183.0, 433.0, 192.0, 1905.0, 2121.0, 191.0) 
Voter 36: ID 597; Choice (2141.0, 1356.0, 2183.0, 192.0, 1889.0, 193.0, 1347.0, 2092.0) 
Voter 37: ID 574; Choice (1356.0, 2183.0, 433.0, 192.0, 1889.0, 193.0, 1347.0, 1905.0, 2121.0, 191.0) 
Voter 38: ID 79; Choice (2141.0, 2183.0, 433.0, 192.0, 1889.0, 193.0, 1347.0, 2121.0, 191.0) 
Voter 39: ID 700; Choice (2141.0, 2183.0, 433.0, 192.0, 1889.0, 193.0, 1347.0, 2121.0, 191.0) 
Voter 40: ID 355; Choice (2141.0, 1356.0, 192.0, 1889.0, 193.0, 2092.0, 2121.0, 191.0) 
Voter 41: ID 416; Choice (1211.0, 2141.0, 1356.0, 2183.0, 192.0, 193.0) 
Voter 42: ID 711; Choice (2141.0, 1356.0, 2183.0, 192.0, 1889.0, 193.0, 1347.0, 2092.0) 
Voter 43: ID 687; Choice (2141.0, 1356.0, 192.0, 1889.0, 193.0, 2092.0, 2121.0, 191.0) 
Voter 44: ID 7; Choice (2141.0, 1356.0, 2183.0, 192.0, 1889.0, 193.0, 1347.0, 2092.0) 
Voter 45: ID 86; Choice (2141.0, 1356.0, 2183.0, 433.0, 192.0, 1905.0, 2121.0, 191.0) 
Voter 46: ID 29; Choice (2141.0, 1356.0, 192.0, 1889.0, 193.0, 2092.0, 2121.0, 191.0) 
Voter 47: ID 731; Choice (2141.0, 1356.0, 192.0, 1889.0, 193.0, 2092.0, 2121.0, 191.0) 
Voter 48: ID 673; Choice (2141.0, 1356.0, 2183.0, 192.0, 193.0, 1347.0, 2092.0, 191.0) 
Voter 49: ID 390; Choice (1211.0, 2141.0, 1356.0, 2183.0, 192.0, 193.0) 
Voter 50: ID 272; Choice (1356.0, 433.0, 1889.0, 193.0, 1347.0, 2092.0, 2121.0, 191.0) 
---------------------------------------------------------------------------
After Iteration 3 :
Voter 1: ID 255; Choice (1356.0, 433.0, 1889.0, 193.0, 1347.0, 2092.0, 2121.0, 191.0) 
Voter 2: ID 22; Choice (2141.0, 1356.0, 2183.0, 433.0, 192.0, 1905.0, 2121.0, 191.0) 
Voter 3: ID 725; Choice (2141.0, 1356.0, 2183.0, 433.0, 192.0, 1905.0, 2121.0, 191.0) 
Voter 4: ID 491; Choice (2141.0, 1356.0, 2183.0, 433.0, 192.0, 1905.0, 2121.0, 191.0) 
Voter 5: ID 216; Choice (2141.0, 1356.0, 192.0, 1889.0, 193.0, 2092.0, 2121.0, 191.0) 
Voter 6: ID 51; Choice (2141.0, 2183.0, 433.0, 192.0, 1889.0, 193.0, 1347.0, 2121.0, 191.0) 
Voter 7: ID 589; Choice (1356.0, 2183.0, 192.0, 1889.0, 193.0, 1905.0, 2092.0, 191.0) 
Voter 8: ID 513; Choice (1356.0, 2183.0, 192.0, 1889.0, 193.0, 1905.0, 2092.0, 191.0, 1347.0) 
Voter 9: ID 593; Choice (1211.0, 2141.0, 1356.0, 2183.0, 192.0, 193.0) 
Voter 10: ID 157; Choice (2141.0, 1356.0, 2183.0, 433.0, 192.0, 1905.0, 2121.0, 191.0) 
Voter 11: ID 503; Choice (1356.0, 433.0, 1889.0, 193.0, 1347.0, 2092.0, 2121.0, 191.0) 
Voter 12: ID 188; Choice (1356.0, 433.0, 1889.0, 193.0, 1347.0, 2092.0, 2121.0, 191.0) 
Voter 13: ID 702; Choice (2141.0, 1356.0, 192.0, 1889.0, 193.0, 2092.0, 2121.0, 191.0) 
Voter 14: ID 310; Choice (1356.0, 2183.0, 192.0, 1889.0, 193.0, 1905.0, 2092.0, 191.0) 
Voter 15: ID 433; Choice (1211.0, 2141.0, 1356.0, 2183.0, 192.0, 193.0) 
Voter 16: ID 499; Choice (2141.0, 1356.0, 2183.0, 192.0, 193.0, 1347.0, 2092.0, 191.0) 
Voter 17: ID 545; Choice (2141.0, 2183.0, 433.0, 192.0, 1889.0, 193.0, 1347.0, 2121.0, 191.0) 
Voter 18: ID 444; Choice (1356.0, 2183.0, 192.0, 1889.0, 193.0, 1905.0, 2092.0, 191.0) 
Voter 19: ID 735; Choice (1356.0, 2183.0, 433.0, 192.0, 1889.0, 193.0, 1347.0, 1905.0, 2121.0, 191.0) 
Voter 20: ID 401; Choice (2141.0, 1356.0, 2183.0, 192.0, 1889.0, 193.0, 1347.0, 2092.0) 
Voter 21: ID 380; Choice (2141.0, 1356.0, 192.0, 1889.0, 193.0, 2092.0, 2121.0, 191.0) 
Voter 22: ID 241; Choice (2141.0, 2183.0, 433.0, 192.0, 1889.0, 193.0, 1347.0, 2121.0, 191.0) 
Voter 23: ID 618; Choice (1356.0, 2183.0, 433.0, 192.0, 1889.0, 193.0, 1347.0, 1905.0, 2121.0, 191.0) 
Voter 24: ID 159; Choice (1356.0, 2183.0, 192.0, 1889.0, 193.0, 1905.0, 2092.0, 191.0, 1347.0) 
Voter 25: ID 391; Choice (1356.0, 2183.0, 433.0, 192.0, 1889.0, 193.0, 1347.0, 1905.0, 2121.0, 191.0) 
Voter 26: ID 476; Choice (2141.0, 1356.0, 192.0, 1889.0, 193.0, 2092.0, 2121.0, 191.0) 
Voter 27: ID 679; Choice (1356.0, 2183.0, 433.0, 192.0, 1889.0, 193.0, 1347.0, 1905.0, 2121.0, 191.0) 
Voter 28: ID 316; Choice (2141.0, 1356.0, 2183.0, 433.0, 192.0, 1905.0, 2121.0, 191.0) 
Voter 29: ID 631; Choice (2141.0, 1356.0, 192.0, 1889.0, 193.0, 2092.0, 2121.0, 191.0) 
Voter 30: ID 125; Choice (1211.0, 2141.0, 1356.0, 2183.0, 192.0, 193.0) 
Voter 31: ID 454; Choice (1211.0, 2141.0, 1356.0, 2183.0, 192.0, 193.0) 
Voter 32: ID 349; Choice (1356.0, 2183.0, 433.0, 192.0, 1889.0, 193.0, 1347.0, 1905.0, 2121.0, 191.0) 
Voter 33: ID 734; Choice (1356.0, 2183.0, 192.0, 1889.0, 193.0, 1905.0, 2092.0, 191.0) 
Voter 34: ID 344; Choice (2141.0, 1356.0, 192.0, 1889.0, 193.0, 2092.0, 2121.0, 191.0) 
Voter 35: ID 697; Choice (2141.0, 1356.0, 2183.0, 433.0, 192.0, 1905.0, 2121.0, 191.0) 
Voter 36: ID 597; Choice (1356.0, 2183.0, 192.0, 1889.0, 193.0, 1905.0, 2092.0, 191.0, 1347.0) 
Voter 37: ID 574; Choice (2141.0, 1356.0, 2183.0, 192.0, 193.0, 1347.0, 2092.0, 191.0) 
Voter 38: ID 79; Choice (1356.0, 2183.0, 192.0, 1889.0, 193.0, 1905.0, 2092.0, 191.0) 
Voter 39: ID 700; Choice (1356.0, 2183.0, 433.0, 192.0, 1889.0, 193.0, 1347.0, 1905.0, 2121.0, 191.0) 
Voter 40: ID 355; Choice (2141.0, 1356.0, 2183.0, 433.0, 192.0, 1905.0, 2121.0, 191.0) 
Voter 41: ID 416; Choice (1356.0, 2183.0, 192.0, 1889.0, 193.0, 1905.0, 2092.0, 191.0, 1347.0) 
Voter 42: ID 711; Choice (2141.0, 1356.0, 2183.0, 192.0, 1889.0, 193.0, 1347.0, 2092.0) 
Voter 43: ID 687; Choice (2141.0, 1356.0, 2183.0, 192.0, 1889.0, 193.0, 1347.0, 2092.0) 
Voter 44: ID 7; Choice (1356.0, 2183.0, 192.0, 1889.0, 193.0, 1905.0, 2092.0, 191.0, 1347.0) 
Voter 45: ID 86; Choice (2141.0, 1356.0, 2183.0, 433.0, 192.0, 1905.0, 2121.0, 191.0) 
Voter 46: ID 29; Choice (1356.0, 2183.0, 192.0, 1889.0, 193.0, 1905.0, 2092.0, 191.0, 1347.0) 
Voter 47: ID 731; Choice (2141.0, 1356.0, 2183.0, 433.0, 192.0, 1905.0, 2121.0, 191.0) 
Voter 48: ID 673; Choice (1356.0, 2183.0, 192.0, 1889.0, 193.0, 1905.0, 2092.0, 191.0) 
Voter 49: ID 390; Choice (2141.0, 1356.0, 192.0, 1889.0, 193.0, 2092.0, 2121.0, 191.0) 
Voter 50: ID 272; Choice (2141.0, 1356.0, 2183.0, 192.0, 1889.0, 193.0, 1347.0, 2092.0) 
---------------------------------------------------------------------------
After Iteration 4 :
Voter 1: ID 255; Choice (2141.0, 1356.0, 2183.0, 192.0, 193.0, 1347.0, 2092.0, 191.0) 
Voter 2: ID 22; Choice (1356.0, 2183.0, 192.0, 1889.0, 193.0, 1905.0, 2092.0, 191.0, 1347.0) 
Voter 3: ID 725; Choice (1356.0, 2183.0, 433.0, 192.0, 1889.0, 193.0, 1347.0, 1905.0, 2121.0, 191.0) 
Voter 4: ID 491; Choice (1356.0, 2183.0, 192.0, 1889.0, 193.0, 1905.0, 2092.0, 191.0, 1347.0) 
Voter 5: ID 216; Choice (2141.0, 1356.0, 2183.0, 192.0, 1889.0, 193.0, 1347.0, 2092.0) 
Voter 6: ID 51; Choice (1356.0, 2183.0, 192.0, 1889.0, 193.0, 1905.0, 2092.0, 191.0, 1347.0) 
Voter 7: ID 589; Choice (1356.0, 2183.0, 192.0, 1889.0, 193.0, 1905.0, 2092.0, 191.0, 1347.0) 
Voter 8: ID 513; Choice (1356.0, 433.0, 1889.0, 193.0, 1347.0, 2092.0, 2121.0, 191.0) 
Voter 9: ID 593; Choice (1356.0, 2183.0, 192.0, 1889.0, 193.0, 1905.0, 2092.0, 191.0, 1347.0) 
Voter 10: ID 157; Choice (1356.0, 2183.0, 433.0, 192.0, 1889.0, 193.0, 1347.0, 1905.0, 2121.0, 191.0) 
Voter 11: ID 503; Choice (1356.0, 2183.0, 433.0, 192.0, 1889.0, 193.0, 1347.0, 1905.0, 2121.0, 191.0) 
Voter 12: ID 188; Choice (1356.0, 2183.0, 192.0, 1889.0, 193.0, 1905.0, 2092.0, 191.0, 1347.0) 
Voter 13: ID 702; Choice (1356.0, 2183.0, 433.0, 192.0, 1889.0, 193.0, 1347.0, 1905.0, 2121.0, 191.0) 
Voter 14: ID 310; Choice (1356.0, 2183.0, 192.0, 1889.0, 193.0, 1905.0, 2092.0, 191.0, 1347.0) 
Voter 15: ID 433; Choice (1356.0, 2183.0, 192.0, 1889.0, 193.0, 1905.0, 2092.0, 191.0, 1347.0) 
Voter 16: ID 499; Choice (2141.0, 2183.0, 433.0, 192.0, 1889.0, 193.0, 1347.0, 2121.0, 191.0) 
Voter 17: ID 545; Choice (1356.0, 2183.0, 192.0, 1889.0, 193.0, 1905.0, 2092.0, 191.0, 1347.0) 
Voter 18: ID 444; Choice (1356.0, 2183.0, 192.0, 1889.0, 193.0, 1905.0, 2092.0, 191.0, 1347.0) 
Voter 19: ID 735; Choice (1356.0, 2183.0, 433.0, 192.0, 1889.0, 193.0, 1347.0, 1905.0, 2121.0, 191.0) 
Voter 20: ID 401; Choice (1356.0, 2183.0, 192.0, 1889.0, 193.0, 1905.0, 2092.0, 191.0, 1347.0) 
Voter 21: ID 380; Choice (2141.0, 1356.0, 192.0, 1889.0, 193.0, 2092.0, 2121.0, 191.0) 
Voter 22: ID 241; Choice (1356.0, 2183.0, 192.0, 1889.0, 193.0, 1905.0, 2092.0, 191.0, 1347.0) 
Voter 23: ID 618; Choice (2141.0, 1356.0, 2183.0, 192.0, 1889.0, 193.0, 1347.0, 2092.0) 
Voter 24: ID 159; Choice (1356.0, 2183.0, 192.0, 1889.0, 193.0, 1905.0, 2092.0, 191.0, 1347.0) 
Voter 25: ID 391; Choice (1356.0, 2183.0, 433.0, 192.0, 1889.0, 193.0, 1347.0, 1905.0, 2121.0, 191.0) 
Voter 26: ID 476; Choice (1356.0, 2183.0, 192.0, 1889.0, 193.0, 1905.0, 2092.0, 191.0) 
Voter 27: ID 679; Choice (1356.0, 2183.0, 192.0, 1889.0, 193.0, 1905.0, 2092.0, 191.0, 1347.0) 
Voter 28: ID 316; Choice (1356.0, 2183.0, 192.0, 1889.0, 193.0, 1905.0, 2092.0, 191.0, 1347.0) 
Voter 29: ID 631; Choice (1356.0, 2183.0, 192.0, 1889.0, 193.0, 1905.0, 2092.0, 191.0, 1347.0) 
Voter 30: ID 125; Choice (1356.0, 2183.0, 192.0, 1889.0, 193.0, 1905.0, 2092.0, 191.0) 
Voter 31: ID 454; Choice (1356.0, 2183.0, 433.0, 192.0, 1889.0, 193.0, 1347.0, 1905.0, 2121.0, 191.0) 
Voter 32: ID 349; Choice (2141.0, 1356.0, 192.0, 1889.0, 193.0, 2092.0, 2121.0, 191.0) 
Voter 33: ID 734; Choice (1356.0, 2183.0, 192.0, 1889.0, 193.0, 1905.0, 2092.0, 191.0, 1347.0) 
Voter 34: ID 344; Choice (1356.0, 2183.0, 192.0, 1889.0, 193.0, 1905.0, 2092.0, 191.0, 1347.0) 
Voter 35: ID 697; Choice (1356.0, 2183.0, 192.0, 1889.0, 193.0, 1905.0, 2092.0, 191.0, 1347.0) 
Voter 36: ID 597; Choice (1356.0, 2183.0, 192.0, 1889.0, 193.0, 1905.0, 2092.0, 191.0, 1347.0) 
Voter 37: ID 574; Choice (1356.0, 2183.0, 192.0, 1889.0, 193.0, 1905.0, 2092.0, 191.0, 1347.0) 
Voter 38: ID 79; Choice (1356.0, 2183.0, 192.0, 1889.0, 193.0, 1905.0, 2092.0, 191.0, 1347.0) 
Voter 39: ID 700; Choice (1356.0, 2183.0, 192.0, 1889.0, 193.0, 1905.0, 2092.0, 191.0, 1347.0) 
Voter 40: ID 355; Choice (1356.0, 2183.0, 192.0, 1889.0, 193.0, 1905.0, 2092.0, 191.0, 1347.0) 
Voter 41: ID 416; Choice (1356.0, 2183.0, 192.0, 1889.0, 193.0, 1905.0, 2092.0, 191.0, 1347.0) 
Voter 42: ID 711; Choice (1356.0, 2183.0, 192.0, 1889.0, 193.0, 1905.0, 2092.0, 191.0, 1347.0) 
Voter 43: ID 687; Choice (1356.0, 2183.0, 192.0, 1889.0, 193.0, 1905.0, 2092.0, 191.0, 1347.0) 
Voter 44: ID 7; Choice (1356.0, 2183.0, 192.0, 1889.0, 193.0, 1905.0, 2092.0, 191.0, 1347.0) 
Voter 45: ID 86; Choice (1356.0, 2183.0, 433.0, 192.0, 1889.0, 193.0, 1347.0, 1905.0, 2121.0, 191.0) 
Voter 46: ID 29; Choice (1356.0, 2183.0, 433.0, 192.0, 1889.0, 193.0, 1347.0, 1905.0, 2121.0, 191.0) 
Voter 47: ID 731; Choice (1356.0, 2183.0, 192.0, 1889.0, 193.0, 1905.0, 2092.0, 191.0, 1347.0) 
Voter 48: ID 673; Choice (1356.0, 2183.0, 192.0, 1889.0, 193.0, 1905.0, 2092.0, 191.0, 1347.0) 
Voter 49: ID 390; Choice (1356.0, 2183.0, 433.0, 192.0, 1889.0, 193.0, 1347.0, 1905.0, 2121.0, 191.0) 
Voter 50: ID 272; Choice (1356.0, 2183.0, 192.0, 1889.0, 193.0, 1905.0, 2092.0, 191.0, 1347.0) 
---------------------------------------------------------------------------
After Iteration 5 :
Voter 1: ID 255; Choice (2141.0, 1356.0, 192.0, 1889.0, 193.0, 2092.0, 2121.0, 191.0) 
Voter 2: ID 22; Choice (2141.0, 1356.0, 192.0, 1889.0, 193.0, 2092.0, 2121.0, 191.0) 
Voter 3: ID 725; Choice (1356.0, 2183.0, 192.0, 1889.0, 193.0, 1905.0, 2092.0, 191.0, 1347.0) 
Voter 4: ID 491; Choice (1356.0, 2183.0, 192.0, 1889.0, 193.0, 1905.0, 2092.0, 191.0, 1347.0) 
Voter 5: ID 216; Choice (2141.0, 1356.0, 192.0, 1889.0, 193.0, 2092.0, 2121.0, 191.0) 
Voter 6: ID 51; Choice (1356.0, 2183.0, 192.0, 1889.0, 193.0, 1905.0, 2092.0, 191.0, 1347.0) 
Voter 7: ID 589; Choice (1356.0, 2183.0, 192.0, 1889.0, 193.0, 1905.0, 2092.0, 191.0, 1347.0) 
Voter 8: ID 513; Choice (1356.0, 2183.0, 192.0, 1889.0, 193.0, 1905.0, 2092.0, 191.0, 1347.0) 
Voter 9: ID 593; Choice (2141.0, 1356.0, 192.0, 1889.0, 193.0, 2092.0, 2121.0, 191.0) 
Voter 10: ID 157; Choice (1356.0, 2183.0, 433.0, 192.0, 1889.0, 193.0, 1347.0, 1905.0, 2121.0, 191.0) 
Voter 11: ID 503; Choice (1356.0, 2183.0, 433.0, 192.0, 1889.0, 193.0, 1347.0, 1905.0, 2121.0, 191.0) 
Voter 12: ID 188; Choice (1356.0, 433.0, 1889.0, 193.0, 1347.0, 2092.0, 2121.0, 191.0) 
Voter 13: ID 702; Choice (2141.0, 1356.0, 192.0, 1889.0, 193.0, 2092.0, 2121.0, 191.0) 
Voter 14: ID 310; Choice (1356.0, 2183.0, 192.0, 1889.0, 193.0, 1905.0, 2092.0, 191.0, 1347.0) 
Voter 15: ID 433; Choice (1356.0, 2183.0, 192.0, 1889.0, 193.0, 1905.0, 2092.0, 191.0, 1347.0) 
Voter 16: ID 499; Choice (1356.0, 2183.0, 192.0, 1889.0, 193.0, 1905.0, 2092.0, 191.0, 1347.0) 
Voter 17: ID 545; Choice (1356.0, 2183.0, 192.0, 1889.0, 193.0, 1905.0, 2092.0, 191.0, 1347.0) 
Voter 18: ID 444; Choice (1356.0, 2183.0, 192.0, 1889.0, 193.0, 1905.0, 2092.0, 191.0, 1347.0) 
Voter 19: ID 735; Choice (1356.0, 2183.0, 433.0, 192.0, 1889.0, 193.0, 1347.0, 1905.0, 2121.0, 191.0) 
Voter 20: ID 401; Choice (1356.0, 2183.0, 192.0, 1889.0, 193.0, 1905.0, 2092.0, 191.0, 1347.0) 
Voter 21: ID 380; Choice (2141.0, 1356.0, 192.0, 1889.0, 193.0, 2092.0, 2121.0, 191.0) 
Voter 22: ID 241; Choice (1356.0, 2183.0, 192.0, 1889.0, 193.0, 1905.0, 2092.0, 191.0, 1347.0) 
Voter 23: ID 618; Choice (1356.0, 2183.0, 433.0, 192.0, 1889.0, 193.0, 1347.0, 1905.0, 2121.0, 191.0) 
Voter 24: ID 159; Choice (2141.0, 1356.0, 2183.0, 192.0, 1889.0, 193.0, 1347.0, 2092.0) 
Voter 25: ID 391; Choice (1356.0, 2183.0, 192.0, 1889.0, 193.0, 1905.0, 2092.0, 191.0, 1347.0) 
Voter 26: ID 476; Choice (1356.0, 2183.0, 192.0, 1889.0, 193.0, 1905.0, 2092.0, 191.0) 
Voter 27: ID 679; Choice (1356.0, 2183.0, 192.0, 1889.0, 193.0, 1905.0, 2092.0, 191.0, 1347.0) 
Voter 28: ID 316; Choice (1356.0, 2183.0, 192.0, 1889.0, 193.0, 1905.0, 2092.0, 191.0, 1347.0) 
Voter 29: ID 631; Choice (2141.0, 1356.0, 192.0, 1889.0, 193.0, 2092.0, 2121.0, 191.0) 
Voter 30: ID 125; Choice (1356.0, 2183.0, 192.0, 1889.0, 193.0, 1905.0, 2092.0, 191.0) 
Voter 31: ID 454; Choice (1356.0, 2183.0, 192.0, 1889.0, 193.0, 1905.0, 2092.0, 191.0, 1347.0) 
Voter 32: ID 349; Choice (1356.0, 2183.0, 433.0, 192.0, 1889.0, 193.0, 1347.0, 1905.0, 2121.0, 191.0) 
Voter 33: ID 734; Choice (1356.0, 2183.0, 192.0, 1889.0, 193.0, 1905.0, 2092.0, 191.0) 
Voter 34: ID 344; Choice (1356.0, 2183.0, 433.0, 192.0, 1889.0, 193.0, 1347.0, 1905.0, 2121.0, 191.0) 
Voter 35: ID 697; Choice (2141.0, 1356.0, 2183.0, 192.0, 1889.0, 193.0, 1347.0, 2092.0) 
Voter 36: ID 597; Choice (1356.0, 2183.0, 192.0, 1889.0, 193.0, 1905.0, 2092.0, 191.0, 1347.0) 
Voter 37: ID 574; Choice (1356.0, 2183.0, 192.0, 1889.0, 193.0, 1905.0, 2092.0, 191.0, 1347.0) 
Voter 38: ID 79; Choice (1356.0, 2183.0, 192.0, 1889.0, 193.0, 1905.0, 2092.0, 191.0, 1347.0) 
Voter 39: ID 700; Choice (2141.0, 1356.0, 192.0, 1889.0, 193.0, 2092.0, 2121.0, 191.0) 
Voter 40: ID 355; Choice (1356.0, 2183.0, 192.0, 1889.0, 193.0, 1905.0, 2092.0, 191.0, 1347.0) 
Voter 41: ID 416; Choice (1356.0, 2183.0, 192.0, 1889.0, 193.0, 1905.0, 2092.0, 191.0, 1347.0) 
Voter 42: ID 711; Choice (1356.0, 2183.0, 192.0, 1889.0, 193.0, 1905.0, 2092.0, 191.0, 1347.0) 
Voter 43: ID 687; Choice (2141.0, 1356.0, 192.0, 1889.0, 193.0, 2092.0, 2121.0, 191.0) 
Voter 44: ID 7; Choice (1356.0, 2183.0, 192.0, 1889.0, 193.0, 1905.0, 2092.0, 191.0, 1347.0) 
Voter 45: ID 86; Choice (1356.0, 2183.0, 192.0, 1889.0, 193.0, 1905.0, 2092.0, 191.0, 1347.0) 
Voter 46: ID 29; Choice (1356.0, 2183.0, 192.0, 1889.0, 193.0, 1905.0, 2092.0, 191.0, 1347.0) 
Voter 47: ID 731; Choice (1356.0, 2183.0, 192.0, 1889.0, 193.0, 1905.0, 2092.0, 191.0, 1347.0) 
Voter 48: ID 673; Choice (2141.0, 1356.0, 2183.0, 192.0, 1889.0, 193.0, 1347.0, 2092.0) 
Voter 49: ID 390; Choice (2141.0, 1356.0, 2183.0, 192.0, 1889.0, 193.0, 1347.0, 2092.0) 
Voter 50: ID 272; Choice (2141.0, 1356.0, 192.0, 1889.0, 193.0, 2092.0, 2121.0, 191.0) 
---------------------------------------------------------------------------
After Iteration 6 :
Voter 1: ID 255; Choice (1356.0, 2183.0, 192.0, 1889.0, 193.0, 1905.0, 2092.0, 191.0) 
Voter 2: ID 22; Choice (1356.0, 2183.0, 192.0, 1889.0, 193.0, 1905.0, 2092.0, 191.0, 1347.0) 
Voter 3: ID 725; Choice (1356.0, 2183.0, 433.0, 192.0, 1889.0, 193.0, 1347.0, 1905.0, 2121.0, 191.0) 
Voter 4: ID 491; Choice (1356.0, 2183.0, 192.0, 1889.0, 193.0, 1905.0, 2092.0, 191.0, 1347.0) 
Voter 5: ID 216; Choice (1356.0, 2183.0, 192.0, 1889.0, 193.0, 1905.0, 2092.0, 191.0, 1347.0) 
Voter 6: ID 51; Choice (1356.0, 2183.0, 192.0, 1889.0, 193.0, 1905.0, 2092.0, 191.0, 1347.0) 
Voter 7: ID 589; Choice (2141.0, 1356.0, 192.0, 1889.0, 193.0, 2092.0, 2121.0, 191.0) 
Voter 8: ID 513; Choice (1356.0, 2183.0, 192.0, 1889.0, 193.0, 1905.0, 2092.0, 191.0, 1347.0) 
Voter 9: ID 593; Choice (1356.0, 2183.0, 192.0, 1889.0, 193.0, 1905.0, 2092.0, 191.0, 1347.0) 
Voter 10: ID 157; Choice (1356.0, 2183.0, 433.0, 192.0, 1889.0, 193.0, 1347.0, 1905.0, 2121.0, 191.0) 
Voter 11: ID 503; Choice (2141.0, 1356.0, 192.0, 1889.0, 193.0, 2092.0, 2121.0, 191.0) 
Voter 12: ID 188; Choice (1356.0, 2183.0, 192.0, 1889.0, 193.0, 1905.0, 2092.0, 191.0, 1347.0) 
Voter 13: ID 702; Choice (1356.0, 2183.0, 192.0, 1889.0, 193.0, 1905.0, 2092.0, 191.0, 1347.0) 
Voter 14: ID 310; Choice (2141.0, 1356.0, 192.0, 1889.0, 193.0, 2092.0, 2121.0, 191.0) 
Voter 15: ID 433; Choice (1356.0, 2183.0, 192.0, 1889.0, 193.0, 1905.0, 2092.0, 191.0, 1347.0) 
Voter 16: ID 499; Choice (1356.0, 2183.0, 192.0, 1889.0, 193.0, 1905.0, 2092.0, 191.0, 1347.0) 
Voter 17: ID 545; Choice (1356.0, 2183.0, 192.0, 1889.0, 193.0, 1905.0, 2092.0, 191.0, 1347.0) 
Voter 18: ID 444; Choice (1356.0, 2183.0, 192.0, 1889.0, 193.0, 1905.0, 2092.0, 191.0, 1347.0) 
Voter 19: ID 735; Choice (1356.0, 2183.0, 192.0, 1889.0, 193.0, 1905.0, 2092.0, 191.0, 1347.0) 
Voter 20: ID 401; Choice (2141.0, 1356.0, 192.0, 1889.0, 193.0, 2092.0, 2121.0, 191.0) 
Voter 21: ID 380; Choice (1356.0, 433.0, 1889.0, 193.0, 1347.0, 2092.0, 2121.0, 191.0) 
Voter 22: ID 241; Choice (1356.0, 2183.0, 192.0, 1889.0, 193.0, 1905.0, 2092.0, 191.0, 1347.0) 
Voter 23: ID 618; Choice (1356.0, 2183.0, 192.0, 1889.0, 193.0, 1905.0, 2092.0, 191.0, 1347.0) 
Voter 24: ID 159; Choice (1356.0, 2183.0, 192.0, 1889.0, 193.0, 1905.0, 2092.0, 191.0, 1347.0) 
Voter 25: ID 391; Choice (2141.0, 1356.0, 192.0, 1889.0, 193.0, 2092.0, 2121.0, 191.0) 
Voter 26: ID 476; Choice (1356.0, 2183.0, 433.0, 192.0, 1889.0, 193.0, 1347.0, 1905.0, 2121.0, 191.0) 
Voter 27: ID 679; Choice (1356.0, 2183.0, 192.0, 1889.0, 193.0, 1905.0, 2092.0, 191.0, 1347.0) 
Voter 28: ID 316; Choice (1356.0, 2183.0, 192.0, 1889.0, 193.0, 1905.0, 2092.0, 191.0, 1347.0) 
Voter 29: ID 631; Choice (1356.0, 2183.0, 433.0, 192.0, 1889.0, 193.0, 1347.0, 1905.0, 2121.0, 191.0) 
Voter 30: ID 125; Choice (1356.0, 2183.0, 192.0, 1889.0, 193.0, 1905.0, 2092.0, 191.0, 1347.0) 
Voter 31: ID 454; Choice (1356.0, 2183.0, 192.0, 1889.0, 193.0, 1905.0, 2092.0, 191.0, 1347.0) 
Voter 32: ID 349; Choice (2141.0, 1356.0, 192.0, 1889.0, 193.0, 2092.0, 2121.0, 191.0) 
Voter 33: ID 734; Choice (1356.0, 2183.0, 192.0, 1889.0, 193.0, 1905.0, 2092.0, 191.0, 1347.0) 
Voter 34: ID 344; Choice (1356.0, 2183.0, 192.0, 1889.0, 193.0, 1905.0, 2092.0, 191.0, 1347.0) 
Voter 35: ID 697; Choice (1356.0, 2183.0, 192.0, 1889.0, 193.0, 1905.0, 2092.0, 191.0, 1347.0) 
Voter 36: ID 597; Choice (1356.0, 2183.0, 192.0, 1889.0, 193.0, 1905.0, 2092.0, 191.0, 1347.0) 
Voter 37: ID 574; Choice (1356.0, 2183.0, 192.0, 1889.0, 193.0, 1905.0, 2092.0, 191.0, 1347.0) 
Voter 38: ID 79; Choice (1356.0, 2183.0, 192.0, 1889.0, 193.0, 1905.0, 2092.0, 191.0, 1347.0) 
Voter 39: ID 700; Choice (1356.0, 2183.0, 192.0, 1889.0, 193.0, 1905.0, 2092.0, 191.0, 1347.0) 
Voter 40: ID 355; Choice (1356.0, 2183.0, 192.0, 1889.0, 193.0, 1905.0, 2092.0, 191.0, 1347.0) 
Voter 41: ID 416; Choice (1356.0, 2183.0, 192.0, 1889.0, 193.0, 1905.0, 2092.0, 191.0, 1347.0) 
Voter 42: ID 711; Choice (1356.0, 2183.0, 192.0, 1889.0, 193.0, 1905.0, 2092.0, 191.0, 1347.0) 
Voter 43: ID 687; Choice (1356.0, 2183.0, 192.0, 1889.0, 193.0, 1905.0, 2092.0, 191.0, 1347.0) 
Voter 44: ID 7; Choice (1356.0, 2183.0, 192.0, 1889.0, 193.0, 1905.0, 2092.0, 191.0, 1347.0) 
Voter 45: ID 86; Choice (1356.0, 2183.0, 192.0, 1889.0, 193.0, 1905.0, 2092.0, 191.0, 1347.0) 
Voter 46: ID 29; Choice (1356.0, 2183.0, 192.0, 1889.0, 193.0, 1905.0, 2092.0, 191.0, 1347.0) 
Voter 47: ID 731; Choice (1356.0, 2183.0, 192.0, 1889.0, 193.0, 1905.0, 2092.0, 191.0, 1347.0) 
Voter 48: ID 673; Choice (2141.0, 1356.0, 192.0, 1889.0, 193.0, 2092.0, 2121.0, 191.0) 
Voter 49: ID 390; Choice (1356.0, 2183.0, 433.0, 192.0, 1889.0, 193.0, 1347.0, 1905.0, 2121.0, 191.0) 
Voter 50: ID 272; Choice (1356.0, 2183.0, 192.0, 1889.0, 193.0, 1905.0, 2092.0, 191.0, 1347.0) 
---------------------------------------------------------------------------
After Iteration 7 :
Voter 1: ID 255; Choice (1356.0, 2183.0, 433.0, 192.0, 1889.0, 193.0, 1347.0, 1905.0, 2121.0, 191.0) 
Voter 2: ID 22; Choice (1356.0, 2183.0, 192.0, 1889.0, 193.0, 1905.0, 2092.0, 191.0, 1347.0) 
Voter 3: ID 725; Choice (1356.0, 2183.0, 192.0, 1889.0, 193.0, 1905.0, 2092.0, 191.0, 1347.0) 
Voter 4: ID 491; Choice (1356.0, 2183.0, 192.0, 1889.0, 193.0, 1905.0, 2092.0, 191.0, 1347.0) 
Voter 5: ID 216; Choice (1356.0, 2183.0, 192.0, 1889.0, 193.0, 1905.0, 2092.0, 191.0, 1347.0) 
Voter 6: ID 51; Choice (1356.0, 2183.0, 192.0, 1889.0, 193.0, 1905.0, 2092.0, 191.0, 1347.0) 
Voter 7: ID 589; Choice (1356.0, 2183.0, 192.0, 1889.0, 193.0, 1905.0, 2092.0, 191.0, 1347.0) 
Voter 8: ID 513; Choice (1356.0, 2183.0, 192.0, 1889.0, 193.0, 1905.0, 2092.0, 191.0, 1347.0) 
Voter 9: ID 593; Choice (1356.0, 2183.0, 192.0, 1889.0, 193.0, 1905.0, 2092.0, 191.0, 1347.0) 
Voter 10: ID 157; Choice (1356.0, 2183.0, 433.0, 192.0, 1889.0, 193.0, 1347.0, 1905.0, 2121.0, 191.0) 
Voter 11: ID 503; Choice (1356.0, 2183.0, 192.0, 1889.0, 193.0, 1905.0, 2092.0, 191.0, 1347.0) 
Voter 12: ID 188; Choice (1356.0, 2183.0, 192.0, 1889.0, 193.0, 1905.0, 2092.0, 191.0, 1347.0) 
Voter 13: ID 702; Choice (1356.0, 2183.0, 192.0, 1889.0, 193.0, 1905.0, 2092.0, 191.0, 1347.0) 
Voter 14: ID 310; Choice (1356.0, 2183.0, 192.0, 1889.0, 193.0, 1905.0, 2092.0, 191.0, 1347.0) 
Voter 15: ID 433; Choice (1356.0, 2183.0, 192.0, 1889.0, 193.0, 1905.0, 2092.0, 191.0, 1347.0) 
Voter 16: ID 499; Choice (1356.0, 2183.0, 192.0, 1889.0, 193.0, 1905.0, 2092.0, 191.0, 1347.0) 
Voter 17: ID 545; Choice (1356.0, 2183.0, 192.0, 1889.0, 193.0, 1905.0, 2092.0, 191.0, 1347.0) 
Voter 18: ID 444; Choice (1356.0, 2183.0, 192.0, 1889.0, 193.0, 1905.0, 2092.0, 191.0, 1347.0) 
Voter 19: ID 735; Choice (1356.0, 2183.0, 192.0, 1889.0, 193.0, 1905.0, 2092.0, 191.0, 1347.0) 
Voter 20: ID 401; Choice (1356.0, 2183.0, 192.0, 1889.0, 193.0, 1905.0, 2092.0, 191.0, 1347.0) 
Voter 21: ID 380; Choice (2141.0, 1356.0, 192.0, 1889.0, 193.0, 2092.0, 2121.0, 191.0) 
Voter 22: ID 241; Choice (1356.0, 2183.0, 192.0, 1889.0, 193.0, 1905.0, 2092.0, 191.0, 1347.0) 
Voter 23: ID 618; Choice (1356.0, 2183.0, 192.0, 1889.0, 193.0, 1905.0, 2092.0, 191.0, 1347.0) 
Voter 24: ID 159; Choice (1356.0, 2183.0, 192.0, 1889.0, 193.0, 1905.0, 2092.0, 191.0, 1347.0) 
Voter 25: ID 391; Choice (1356.0, 2183.0, 192.0, 1889.0, 193.0, 1905.0, 2092.0, 191.0, 1347.0) 
Voter 26: ID 476; Choice (1356.0, 2183.0, 433.0, 192.0, 1889.0, 193.0, 1347.0, 1905.0, 2121.0, 191.0) 
Voter 27: ID 679; Choice (1356.0, 2183.0, 192.0, 1889.0, 193.0, 1905.0, 2092.0, 191.0, 1347.0) 
Voter 28: ID 316; Choice (1356.0, 2183.0, 192.0, 1889.0, 193.0, 1905.0, 2092.0, 191.0, 1347.0) 
Voter 29: ID 631; Choice (1356.0, 2183.0, 192.0, 1889.0, 193.0, 1905.0, 2092.0, 191.0, 1347.0) 
Voter 30: ID 125; Choice (1356.0, 2183.0, 192.0, 1889.0, 193.0, 1905.0, 2092.0, 191.0, 1347.0) 
Voter 31: ID 454; Choice (1356.0, 2183.0, 192.0, 1889.0, 193.0, 1905.0, 2092.0, 191.0, 1347.0) 
Voter 32: ID 349; Choice (1356.0, 2183.0, 192.0, 1889.0, 193.0, 1905.0, 2092.0, 191.0, 1347.0) 
Voter 33: ID 734; Choice (1356.0, 2183.0, 192.0, 1889.0, 193.0, 1905.0, 2092.0, 191.0, 1347.0) 
Voter 34: ID 344; Choice (1356.0, 2183.0, 433.0, 192.0, 1889.0, 193.0, 1347.0, 1905.0, 2121.0, 191.0) 
Voter 35: ID 697; Choice (1356.0, 2183.0, 433.0, 192.0, 1889.0, 193.0, 1347.0, 1905.0, 2121.0, 191.0) 
Voter 36: ID 597; Choice (1356.0, 2183.0, 192.0, 1889.0, 193.0, 1905.0, 2092.0, 191.0, 1347.0) 
Voter 37: ID 574; Choice (1356.0, 2183.0, 192.0, 1889.0, 193.0, 1905.0, 2092.0, 191.0, 1347.0) 
Voter 38: ID 79; Choice (1356.0, 2183.0, 192.0, 1889.0, 193.0, 1905.0, 2092.0, 191.0, 1347.0) 
Voter 39: ID 700; Choice (1356.0, 2183.0, 192.0, 1889.0, 193.0, 1905.0, 2092.0, 191.0, 1347.0) 
Voter 40: ID 355; Choice (1356.0, 2183.0, 192.0, 1889.0, 193.0, 1905.0, 2092.0, 191.0, 1347.0) 
Voter 41: ID 416; Choice (1356.0, 2183.0, 192.0, 1889.0, 193.0, 1905.0, 2092.0, 191.0, 1347.0) 
Voter 42: ID 711; Choice (1356.0, 2183.0, 192.0, 1889.0, 193.0, 1905.0, 2092.0, 191.0, 1347.0) 
Voter 43: ID 687; Choice (1356.0, 2183.0, 192.0, 1889.0, 193.0, 1905.0, 2092.0, 191.0, 1347.0) 
Voter 44: ID 7; Choice (1356.0, 2183.0, 192.0, 1889.0, 193.0, 1905.0, 2092.0, 191.0, 1347.0) 
Voter 45: ID 86; Choice (1356.0, 2183.0, 192.0, 1889.0, 193.0, 1905.0, 2092.0, 191.0, 1347.0) 
Voter 46: ID 29; Choice (1356.0, 2183.0, 192.0, 1889.0, 193.0, 1905.0, 2092.0, 191.0, 1347.0) 
Voter 47: ID 731; Choice (1356.0, 2183.0, 192.0, 1889.0, 193.0, 1905.0, 2092.0, 191.0, 1347.0) 
Voter 48: ID 673; Choice (2141.0, 1356.0, 2183.0, 192.0, 1889.0, 193.0, 1347.0, 2092.0) 
Voter 49: ID 390; Choice (2141.0, 1356.0, 2183.0, 192.0, 1889.0, 193.0, 1347.0, 2092.0) 
Voter 50: ID 272; Choice (1356.0, 2183.0, 192.0, 1889.0, 193.0, 1905.0, 2092.0, 191.0, 1347.0) 
---------------------------------------------------------------------------
After Iteration 8 :
Voter 1: ID 255; Choice (2141.0, 1356.0, 192.0, 1889.0, 193.0, 2092.0, 2121.0, 191.0) 
Voter 2: ID 22; Choice (1356.0, 2183.0, 192.0, 1889.0, 193.0, 1905.0, 2092.0, 191.0, 1347.0) 
Voter 3: ID 725; Choice (2141.0, 1356.0, 192.0, 1889.0, 193.0, 2092.0, 2121.0, 191.0) 
Voter 4: ID 491; Choice (1356.0, 2183.0, 192.0, 1889.0, 193.0, 1905.0, 2092.0, 191.0, 1347.0) 
Voter 5: ID 216; Choice (1356.0, 2183.0, 433.0, 192.0, 1889.0, 193.0, 1347.0, 1905.0, 2121.0, 191.0) 
Voter 6: ID 51; Choice (1356.0, 2183.0, 433.0, 192.0, 1889.0, 193.0, 1347.0, 1905.0, 2121.0, 191.0) 
Voter 7: ID 589; Choice (1356.0, 2183.0, 433.0, 192.0, 1889.0, 193.0, 1347.0, 1905.0, 2121.0, 191.0) 
Voter 8: ID 513; Choice (1356.0, 2183.0, 192.0, 1889.0, 193.0, 1905.0, 2092.0, 191.0, 1347.0) 
Voter 9: ID 593; Choice (1356.0, 2183.0, 192.0, 1889.0, 193.0, 1905.0, 2092.0, 191.0, 1347.0) 
Voter 10: ID 157; Choice (1356.0, 2183.0, 192.0, 1889.0, 193.0, 1905.0, 2092.0, 191.0, 1347.0) 
Voter 11: ID 503; Choice (1356.0, 2183.0, 192.0, 1889.0, 193.0, 1905.0, 2092.0, 191.0, 1347.0) 
Voter 12: ID 188; Choice (1356.0, 2183.0, 433.0, 192.0, 1889.0, 193.0, 1347.0, 1905.0, 2121.0, 191.0) 
Voter 13: ID 702; Choice (1356.0, 2183.0, 192.0, 1889.0, 193.0, 1905.0, 2092.0, 191.0, 1347.0) 
Voter 14: ID 310; Choice (1356.0, 2183.0, 192.0, 1889.0, 193.0, 1905.0, 2092.0, 191.0, 1347.0) 
Voter 15: ID 433; Choice (1356.0, 2183.0, 192.0, 1889.0, 193.0, 1905.0, 2092.0, 191.0, 1347.0) 
Voter 16: ID 499; Choice (1356.0, 2183.0, 192.0, 1889.0, 193.0, 1905.0, 2092.0, 191.0, 1347.0) 
Voter 17: ID 545; Choice (2141.0, 1356.0, 2183.0, 192.0, 1889.0, 193.0, 1347.0, 2092.0) 
Voter 18: ID 444; Choice (1356.0, 2183.0, 192.0, 1889.0, 193.0, 1905.0, 2092.0, 191.0, 1347.0) 
Voter 19: ID 735; Choice (1356.0, 2183.0, 192.0, 1889.0, 193.0, 1905.0, 2092.0, 191.0, 1347.0) 
Voter 20: ID 401; Choice (1356.0, 2183.0, 192.0, 1889.0, 193.0, 1905.0, 2092.0, 191.0, 1347.0) 
Voter 21: ID 380; Choice (1356.0, 433.0, 1889.0, 193.0, 1347.0, 2092.0, 2121.0, 191.0) 
Voter 22: ID 241; Choice (1356.0, 2183.0, 192.0, 1889.0, 193.0, 1905.0, 2092.0, 191.0, 1347.0) 
Voter 23: ID 618; Choice (1356.0, 2183.0, 192.0, 1889.0, 193.0, 1905.0, 2092.0, 191.0, 1347.0) 
Voter 24: ID 159; Choice (1356.0, 2183.0, 192.0, 1889.0, 193.0, 1905.0, 2092.0, 191.0, 1347.0) 
Voter 25: ID 391; Choice (2141.0, 1356.0, 192.0, 1889.0, 193.0, 2092.0, 2121.0, 191.0) 
Voter 26: ID 476; Choice (2141.0, 1356.0, 192.0, 1889.0, 193.0, 2092.0, 2121.0, 191.0) 
Voter 27: ID 679; Choice (1356.0, 2183.0, 192.0, 1889.0, 193.0, 1905.0, 2092.0, 191.0, 1347.0) 
Voter 28: ID 316; Choice (1356.0, 2183.0, 192.0, 1889.0, 193.0, 1905.0, 2092.0, 191.0, 1347.0) 
Voter 29: ID 631; Choice (2141.0, 1356.0, 2183.0, 192.0, 1889.0, 193.0, 1347.0, 2092.0) 
Voter 30: ID 125; Choice (1356.0, 2183.0, 192.0, 1889.0, 193.0, 1905.0, 2092.0, 191.0, 1347.0) 
Voter 31: ID 454; Choice (2141.0, 1356.0, 192.0, 1889.0, 193.0, 2092.0, 2121.0, 191.0) 
Voter 32: ID 349; Choice (2141.0, 1356.0, 192.0, 1889.0, 193.0, 2092.0, 2121.0, 191.0) 
Voter 33: ID 734; Choice (1356.0, 2183.0, 192.0, 1889.0, 193.0, 1905.0, 2092.0, 191.0, 1347.0) 
Voter 34: ID 344; Choice (1356.0, 2183.0, 192.0, 1889.0, 193.0, 1905.0, 2092.0, 191.0, 1347.0) 
Voter 35: ID 697; Choice (1356.0, 2183.0, 192.0, 1889.0, 193.0, 1905.0, 2092.0, 191.0, 1347.0) 
Voter 36: ID 597; Choice (1356.0, 2183.0, 192.0, 1889.0, 193.0, 1905.0, 2092.0, 191.0, 1347.0) 
Voter 37: ID 574; Choice (1356.0, 2183.0, 192.0, 1889.0, 193.0, 1905.0, 2092.0, 191.0, 1347.0) 
Voter 38: ID 79; Choice (1356.0, 2183.0, 192.0, 1889.0, 193.0, 1905.0, 2092.0, 191.0, 1347.0) 
Voter 39: ID 700; Choice (1356.0, 2183.0, 192.0, 1889.0, 193.0, 1905.0, 2092.0, 191.0, 1347.0) 
Voter 40: ID 355; Choice (2141.0, 1356.0, 2183.0, 192.0, 1889.0, 193.0, 1347.0, 2092.0) 
Voter 41: ID 416; Choice (1356.0, 2183.0, 192.0, 1889.0, 193.0, 1905.0, 2092.0, 191.0, 1347.0) 
Voter 42: ID 711; Choice (1356.0, 2183.0, 192.0, 1889.0, 193.0, 1905.0, 2092.0, 191.0, 1347.0) 
Voter 43: ID 687; Choice (1356.0, 2183.0, 192.0, 1889.0, 193.0, 1905.0, 2092.0, 191.0, 1347.0) 
Voter 44: ID 7; Choice (1356.0, 2183.0, 433.0, 192.0, 1889.0, 193.0, 1347.0, 1905.0, 2121.0, 191.0) 
Voter 45: ID 86; Choice (1356.0, 2183.0, 192.0, 1889.0, 193.0, 1905.0, 2092.0, 191.0, 1347.0) 
Voter 46: ID 29; Choice (1356.0, 2183.0, 433.0, 192.0, 1889.0, 193.0, 1347.0, 1905.0, 2121.0, 191.0) 
Voter 47: ID 731; Choice (1356.0, 2183.0, 192.0, 1889.0, 193.0, 1905.0, 2092.0, 191.0, 1347.0) 
Voter 48: ID 673; Choice (1356.0, 2183.0, 192.0, 1889.0, 193.0, 1905.0, 2092.0, 191.0, 1347.0) 
Voter 49: ID 390; Choice (1356.0, 2183.0, 192.0, 1889.0, 193.0, 1905.0, 2092.0, 191.0, 1347.0) 
Voter 50: ID 272; Choice (1356.0, 2183.0, 192.0, 1889.0, 193.0, 1905.0, 2092.0, 191.0, 1347.0) 
---------------------------------------------------------------------------
After Iteration 9 :
Voter 1: ID 255; Choice (1356.0, 2183.0, 433.0, 192.0, 1889.0, 193.0, 1347.0, 1905.0, 2121.0, 191.0) 
Voter 2: ID 22; Choice (1356.0, 2183.0, 192.0, 1889.0, 193.0, 1905.0, 2092.0, 191.0, 1347.0) 
Voter 3: ID 725; Choice (1356.0, 2183.0, 433.0, 192.0, 1889.0, 193.0, 1347.0, 1905.0, 2121.0, 191.0) 
Voter 4: ID 491; Choice (1356.0, 2183.0, 192.0, 1889.0, 193.0, 1905.0, 2092.0, 191.0, 1347.0) 
Voter 5: ID 216; Choice (1356.0, 2183.0, 192.0, 1889.0, 193.0, 1905.0, 2092.0, 191.0, 1347.0) 
Voter 6: ID 51; Choice (1356.0, 2183.0, 192.0, 1889.0, 193.0, 1905.0, 2092.0, 191.0, 1347.0) 
Voter 7: ID 589; Choice (1356.0, 2183.0, 433.0, 192.0, 1889.0, 193.0, 1347.0, 1905.0, 2121.0, 191.0) 
Voter 8: ID 513; Choice (1356.0, 2183.0, 192.0, 1889.0, 193.0, 1905.0, 2092.0, 191.0, 1347.0) 
Voter 9: ID 593; Choice (1356.0, 2183.0, 192.0, 1889.0, 193.0, 1905.0, 2092.0, 191.0, 1347.0) 
Voter 10: ID 157; Choice (1356.0, 2183.0, 192.0, 1889.0, 193.0, 1905.0, 2092.0, 191.0, 1347.0) 
Voter 11: ID 503; Choice (1356.0, 2183.0, 192.0, 1889.0, 193.0, 1905.0, 2092.0, 191.0, 1347.0) 
Voter 12: ID 188; Choice (1356.0, 2183.0, 192.0, 1889.0, 193.0, 1905.0, 2092.0, 191.0, 1347.0) 
Voter 13: ID 702; Choice (1356.0, 2183.0, 192.0, 1889.0, 193.0, 1905.0, 2092.0, 191.0, 1347.0) 
Voter 14: ID 310; Choice (1356.0, 2183.0, 192.0, 1889.0, 193.0, 1905.0, 2092.0, 191.0, 1347.0) 
Voter 15: ID 433; Choice (1356.0, 2183.0, 192.0, 1889.0, 193.0, 1905.0, 2092.0, 191.0, 1347.0) 
Voter 16: ID 499; Choice (1356.0, 2183.0, 192.0, 1889.0, 193.0, 1905.0, 2092.0, 191.0, 1347.0) 
Voter 17: ID 545; Choice (1356.0, 2183.0, 192.0, 1889.0, 193.0, 1905.0, 2092.0, 191.0, 1347.0) 
Voter 18: ID 444; Choice (1356.0, 2183.0, 192.0, 1889.0, 193.0, 1905.0, 2092.0, 191.0, 1347.0) 
Voter 19: ID 735; Choice (1356.0, 2183.0, 192.0, 1889.0, 193.0, 1905.0, 2092.0, 191.0, 1347.0) 
Voter 20: ID 401; Choice (1356.0, 2183.0, 192.0, 1889.0, 193.0, 1905.0, 2092.0, 191.0, 1347.0) 
Voter 21: ID 380; Choice (2141.0, 1356.0, 192.0, 1889.0, 193.0, 2092.0, 2121.0, 191.0) 
Voter 22: ID 241; Choice (1356.0, 2183.0, 192.0, 1889.0, 193.0, 1905.0, 2092.0, 191.0, 1347.0) 
Voter 23: ID 618; Choice (1356.0, 2183.0, 192.0, 1889.0, 193.0, 1905.0, 2092.0, 191.0, 1347.0) 
Voter 24: ID 159; Choice (1356.0, 2183.0, 192.0, 1889.0, 193.0, 1905.0, 2092.0, 191.0, 1347.0) 
Voter 25: ID 391; Choice (1356.0, 2183.0, 192.0, 1889.0, 193.0, 1905.0, 2092.0, 191.0, 1347.0) 
Voter 26: ID 476; Choice (1356.0, 2183.0, 433.0, 192.0, 1889.0, 193.0, 1347.0, 1905.0, 2121.0, 191.0) 
Voter 27: ID 679; Choice (1356.0, 2183.0, 192.0, 1889.0, 193.0, 1905.0, 2092.0, 191.0, 1347.0) 
Voter 28: ID 316; Choice (1356.0, 2183.0, 433.0, 192.0, 1889.0, 193.0, 1347.0, 1905.0, 2121.0, 191.0) 
Voter 29: ID 631; Choice (1356.0, 2183.0, 192.0, 1889.0, 193.0, 1905.0, 2092.0, 191.0, 1347.0) 
Voter 30: ID 125; Choice (1356.0, 2183.0, 192.0, 1889.0, 193.0, 1905.0, 2092.0, 191.0, 1347.0) 
Voter 31: ID 454; Choice (1356.0, 2183.0, 192.0, 1889.0, 193.0, 1905.0, 2092.0, 191.0, 1347.0) 
Voter 32: ID 349; Choice (2141.0, 1356.0, 192.0, 1889.0, 193.0, 2092.0, 2121.0, 191.0) 
Voter 33: ID 734; Choice (1356.0, 2183.0, 192.0, 1889.0, 193.0, 1905.0, 2092.0, 191.0, 1347.0) 
Voter 34: ID 344; Choice (1356.0, 2183.0, 192.0, 1889.0, 193.0, 1905.0, 2092.0, 191.0, 1347.0) 
Voter 35: ID 697; Choice (1356.0, 2183.0, 192.0, 1889.0, 193.0, 1905.0, 2092.0, 191.0, 1347.0) 
Voter 36: ID 597; Choice (1356.0, 2183.0, 192.0, 1889.0, 193.0, 1905.0, 2092.0, 191.0, 1347.0) 
Voter 37: ID 574; Choice (2141.0, 1356.0, 192.0, 1889.0, 193.0, 2092.0, 2121.0, 191.0) 
Voter 38: ID 79; Choice (1356.0, 2183.0, 192.0, 1889.0, 193.0, 1905.0, 2092.0, 191.0, 1347.0) 
Voter 39: ID 700; Choice (1356.0, 2183.0, 433.0, 192.0, 1889.0, 193.0, 1347.0, 1905.0, 2121.0, 191.0) 
Voter 40: ID 355; Choice (2141.0, 1356.0, 2183.0, 192.0, 1889.0, 193.0, 1347.0, 2092.0) 
Voter 41: ID 416; Choice (1356.0, 2183.0, 192.0, 1889.0, 193.0, 1905.0, 2092.0, 191.0, 1347.0) 
Voter 42: ID 711; Choice (1356.0, 2183.0, 192.0, 1889.0, 193.0, 1905.0, 2092.0, 191.0, 1347.0) 
Voter 43: ID 687; Choice (1356.0, 2183.0, 192.0, 1889.0, 193.0, 1905.0, 2092.0, 191.0, 1347.0) 
Voter 44: ID 7; Choice (1356.0, 2183.0, 192.0, 1889.0, 193.0, 1905.0, 2092.0, 191.0, 1347.0) 
Voter 45: ID 86; Choice (1356.0, 2183.0, 192.0, 1889.0, 193.0, 1905.0, 2092.0, 191.0, 1347.0) 
Voter 46: ID 29; Choice (1356.0, 2183.0, 192.0, 1889.0, 193.0, 1905.0, 2092.0, 191.0, 1347.0) 
Voter 47: ID 731; Choice (1356.0, 2183.0, 192.0, 1889.0, 193.0, 1905.0, 2092.0, 191.0, 1347.0) 
Voter 48: ID 673; Choice (1356.0, 2183.0, 192.0, 1889.0, 193.0, 1905.0, 2092.0, 191.0, 1347.0) 
Voter 49: ID 390; Choice (1356.0, 2183.0, 192.0, 1889.0, 193.0, 1905.0, 2092.0, 191.0, 1347.0) 
Voter 50: ID 272; Choice (2141.0, 1356.0, 2183.0, 192.0, 1889.0, 193.0, 1347.0, 2092.0) 
---------------------------------------------------------------------------
After Iteration 10 :
Voter 1: ID 255; Choice (1356.0, 2183.0, 192.0, 1889.0, 193.0, 1905.0, 2092.0, 191.0, 1347.0) 
Voter 2: ID 22; Choice (1356.0, 2183.0, 192.0, 1889.0, 193.0, 1905.0, 2092.0, 191.0, 1347.0) 
Voter 3: ID 725; Choice (1356.0, 2183.0, 192.0, 1889.0, 193.0, 1905.0, 2092.0, 191.0, 1347.0) 
Voter 4: ID 491; Choice (1356.0, 2183.0, 192.0, 1889.0, 193.0, 1905.0, 2092.0, 191.0, 1347.0) 
Voter 5: ID 216; Choice (1356.0, 2183.0, 192.0, 1889.0, 193.0, 1905.0, 2092.0, 191.0, 1347.0) 
Voter 6: ID 51; Choice (1356.0, 2183.0, 192.0, 1889.0, 193.0, 1905.0, 2092.0, 191.0, 1347.0) 
Voter 7: ID 589; Choice (1356.0, 2183.0, 192.0, 1889.0, 193.0, 1905.0, 2092.0, 191.0, 1347.0) 
Voter 8: ID 513; Choice (1356.0, 2183.0, 192.0, 1889.0, 193.0, 1905.0, 2092.0, 191.0, 1347.0) 
Voter 9: ID 593; Choice (1356.0, 2183.0, 192.0, 1889.0, 193.0, 1905.0, 2092.0, 191.0, 1347.0) 
Voter 10: ID 157; Choice (1356.0, 2183.0, 433.0, 192.0, 1889.0, 193.0, 1347.0, 1905.0, 2121.0, 191.0) 
Voter 11: ID 503; Choice (1356.0, 2183.0, 192.0, 1889.0, 193.0, 1905.0, 2092.0, 191.0, 1347.0) 
Voter 12: ID 188; Choice (1356.0, 2183.0, 192.0, 1889.0, 193.0, 1905.0, 2092.0, 191.0, 1347.0) 
Voter 13: ID 702; Choice (1356.0, 2183.0, 192.0, 1889.0, 193.0, 1905.0, 2092.0, 191.0, 1347.0) 
Voter 14: ID 310; Choice (1356.0, 2183.0, 192.0, 1889.0, 193.0, 1905.0, 2092.0, 191.0, 1347.0) 
Voter 15: ID 433; Choice (1356.0, 2183.0, 192.0, 1889.0, 193.0, 1905.0, 2092.0, 191.0, 1347.0) 
Voter 16: ID 499; Choice (1356.0, 2183.0, 192.0, 1889.0, 193.0, 1905.0, 2092.0, 191.0, 1347.0) 
Voter 17: ID 545; Choice (1356.0, 2183.0, 192.0, 1889.0, 193.0, 1905.0, 2092.0, 191.0, 1347.0) 
Voter 18: ID 444; Choice (1356.0, 2183.0, 192.0, 1889.0, 193.0, 1905.0, 2092.0, 191.0, 1347.0) 
Voter 19: ID 735; Choice (1356.0, 2183.0, 192.0, 1889.0, 193.0, 1905.0, 2092.0, 191.0, 1347.0) 
Voter 20: ID 401; Choice (1356.0, 2183.0, 192.0, 1889.0, 193.0, 1905.0, 2092.0, 191.0, 1347.0) 
Voter 21: ID 380; Choice (1356.0, 2183.0, 192.0, 1889.0, 193.0, 1905.0, 2092.0, 191.0, 1347.0) 
Voter 22: ID 241; Choice (1356.0, 2183.0, 192.0, 1889.0, 193.0, 1905.0, 2092.0, 191.0, 1347.0) 
Voter 23: ID 618; Choice (1356.0, 2183.0, 192.0, 1889.0, 193.0, 1905.0, 2092.0, 191.0, 1347.0) 
Voter 24: ID 159; Choice (1356.0, 2183.0, 192.0, 1889.0, 193.0, 1905.0, 2092.0, 191.0, 1347.0) 
Voter 25: ID 391; Choice (1356.0, 2183.0, 192.0, 1889.0, 193.0, 1905.0, 2092.0, 191.0, 1347.0) 
Voter 26: ID 476; Choice (1356.0, 2183.0, 192.0, 1889.0, 193.0, 1905.0, 2092.0, 191.0, 1347.0) 
Voter 27: ID 679; Choice (1356.0, 2183.0, 192.0, 1889.0, 193.0, 1905.0, 2092.0, 191.0, 1347.0) 
Voter 28: ID 316; Choice (1356.0, 2183.0, 192.0, 1889.0, 193.0, 1905.0, 2092.0, 191.0, 1347.0) 
Voter 29: ID 631; Choice (1356.0, 2183.0, 192.0, 1889.0, 193.0, 1905.0, 2092.0, 191.0, 1347.0) 
Voter 30: ID 125; Choice (1356.0, 2183.0, 192.0, 1889.0, 193.0, 1905.0, 2092.0, 191.0, 1347.0) 
Voter 31: ID 454; Choice (1356.0, 2183.0, 192.0, 1889.0, 193.0, 1905.0, 2092.0, 191.0, 1347.0) 
Voter 32: ID 349; Choice (1356.0, 2183.0, 192.0, 1889.0, 193.0, 1905.0, 2092.0, 191.0, 1347.0) 
Voter 33: ID 734; Choice (1356.0, 2183.0, 192.0, 1889.0, 193.0, 1905.0, 2092.0, 191.0, 1347.0) 
Voter 34: ID 344; Choice (1356.0, 2183.0, 192.0, 1889.0, 193.0, 1905.0, 2092.0, 191.0, 1347.0) 
Voter 35: ID 697; Choice (1356.0, 2183.0, 192.0, 1889.0, 193.0, 1905.0, 2092.0, 191.0, 1347.0) 
Voter 36: ID 597; Choice (1356.0, 2183.0, 192.0, 1889.0, 193.0, 1905.0, 2092.0, 191.0, 1347.0) 
Voter 37: ID 574; Choice (1356.0, 2183.0, 192.0, 1889.0, 193.0, 1905.0, 2092.0, 191.0, 1347.0) 
Voter 38: ID 79; Choice (1356.0, 2183.0, 192.0, 1889.0, 193.0, 1905.0, 2092.0, 191.0, 1347.0) 
Voter 39: ID 700; Choice (1356.0, 2183.0, 192.0, 1889.0, 193.0, 1905.0, 2092.0, 191.0, 1347.0) 
Voter 40: ID 355; Choice (1356.0, 2183.0, 192.0, 1889.0, 193.0, 1905.0, 2092.0, 191.0, 1347.0) 
Voter 41: ID 416; Choice (1356.0, 2183.0, 192.0, 1889.0, 193.0, 1905.0, 2092.0, 191.0, 1347.0) 
Voter 42: ID 711; Choice (1356.0, 2183.0, 192.0, 1889.0, 193.0, 1905.0, 2092.0, 191.0, 1347.0) 
Voter 43: ID 687; Choice (1356.0, 2183.0, 192.0, 1889.0, 193.0, 1905.0, 2092.0, 191.0, 1347.0) 
Voter 44: ID 7; Choice (1356.0, 2183.0, 192.0, 1889.0, 193.0, 1905.0, 2092.0, 191.0, 1347.0) 
Voter 45: ID 86; Choice (1356.0, 2183.0, 192.0, 1889.0, 193.0, 1905.0, 2092.0, 191.0, 1347.0) 
Voter 46: ID 29; Choice (1356.0, 2183.0, 433.0, 192.0, 1889.0, 193.0, 1347.0, 1905.0, 2121.0, 191.0) 
Voter 47: ID 731; Choice (1356.0, 2183.0, 192.0, 1889.0, 193.0, 1905.0, 2092.0, 191.0, 1347.0) 
Voter 48: ID 673; Choice (1356.0, 2183.0, 192.0, 1889.0, 193.0, 1905.0, 2092.0, 191.0, 1347.0) 
Voter 49: ID 390; Choice (1356.0, 2183.0, 192.0, 1889.0, 193.0, 1905.0, 2092.0, 191.0, 1347.0) 
Voter 50: ID 272; Choice (1356.0, 2183.0, 192.0, 1889.0, 193.0, 1905.0, 2092.0, 191.0, 1347.0) 
---------------------------------------------------------------------------
After Iteration 11 :
Voter 1: ID 255; Choice (1356.0, 2183.0, 192.0, 1889.0, 193.0, 1905.0, 2092.0, 191.0, 1347.0) 
Voter 2: ID 22; Choice (1356.0, 2183.0, 192.0, 1889.0, 193.0, 1905.0, 2092.0, 191.0, 1347.0) 
Voter 3: ID 725; Choice (1356.0, 2183.0, 192.0, 1889.0, 193.0, 1905.0, 2092.0, 191.0, 1347.0) 
Voter 4: ID 491; Choice (1356.0, 2183.0, 192.0, 1889.0, 193.0, 1905.0, 2092.0, 191.0, 1347.0) 
Voter 5: ID 216; Choice (1356.0, 2183.0, 192.0, 1889.0, 193.0, 1905.0, 2092.0, 191.0, 1347.0) 
Voter 6: ID 51; Choice (1356.0, 2183.0, 192.0, 1889.0, 193.0, 1905.0, 2092.0, 191.0, 1347.0) 
Voter 7: ID 589; Choice (1356.0, 2183.0, 192.0, 1889.0, 193.0, 1905.0, 2092.0, 191.0, 1347.0) 
Voter 8: ID 513; Choice (1356.0, 2183.0, 192.0, 1889.0, 193.0, 1905.0, 2092.0, 191.0, 1347.0) 
Voter 9: ID 593; Choice (1356.0, 2183.0, 192.0, 1889.0, 193.0, 1905.0, 2092.0, 191.0, 1347.0) 
Voter 10: ID 157; Choice (1356.0, 2183.0, 192.0, 1889.0, 193.0, 1905.0, 2092.0, 191.0, 1347.0) 
Voter 11: ID 503; Choice (1356.0, 2183.0, 192.0, 1889.0, 193.0, 1905.0, 2092.0, 191.0, 1347.0) 
Voter 12: ID 188; Choice (1356.0, 2183.0, 192.0, 1889.0, 193.0, 1905.0, 2092.0, 191.0, 1347.0) 
Voter 13: ID 702; Choice (1356.0, 2183.0, 192.0, 1889.0, 193.0, 1905.0, 2092.0, 191.0, 1347.0) 
Voter 14: ID 310; Choice (1356.0, 2183.0, 192.0, 1889.0, 193.0, 1905.0, 2092.0, 191.0, 1347.0) 
Voter 15: ID 433; Choice (1356.0, 2183.0, 192.0, 1889.0, 193.0, 1905.0, 2092.0, 191.0, 1347.0) 
Voter 16: ID 499; Choice (1356.0, 2183.0, 192.0, 1889.0, 193.0, 1905.0, 2092.0, 191.0, 1347.0) 
Voter 17: ID 545; Choice (1356.0, 2183.0, 192.0, 1889.0, 193.0, 1905.0, 2092.0, 191.0, 1347.0) 
Voter 18: ID 444; Choice (1356.0, 2183.0, 192.0, 1889.0, 193.0, 1905.0, 2092.0, 191.0, 1347.0) 
Voter 19: ID 735; Choice (1356.0, 2183.0, 192.0, 1889.0, 193.0, 1905.0, 2092.0, 191.0, 1347.0) 
Voter 20: ID 401; Choice (1356.0, 2183.0, 192.0, 1889.0, 193.0, 1905.0, 2092.0, 191.0, 1347.0) 
Voter 21: ID 380; Choice (1356.0, 2183.0, 192.0, 1889.0, 193.0, 1905.0, 2092.0, 191.0, 1347.0) 
Voter 22: ID 241; Choice (1356.0, 2183.0, 192.0, 1889.0, 193.0, 1905.0, 2092.0, 191.0, 1347.0) 
Voter 23: ID 618; Choice (1356.0, 2183.0, 192.0, 1889.0, 193.0, 1905.0, 2092.0, 191.0, 1347.0) 
Voter 24: ID 159; Choice (1356.0, 2183.0, 192.0, 1889.0, 193.0, 1905.0, 2092.0, 191.0, 1347.0) 
Voter 25: ID 391; Choice (1356.0, 2183.0, 192.0, 1889.0, 193.0, 1905.0, 2092.0, 191.0, 1347.0) 
Voter 26: ID 476; Choice (1356.0, 2183.0, 192.0, 1889.0, 193.0, 1905.0, 2092.0, 191.0, 1347.0) 
Voter 27: ID 679; Choice (1356.0, 2183.0, 192.0, 1889.0, 193.0, 1905.0, 2092.0, 191.0, 1347.0) 
Voter 28: ID 316; Choice (1356.0, 2183.0, 192.0, 1889.0, 193.0, 1905.0, 2092.0, 191.0, 1347.0) 
Voter 29: ID 631; Choice (1356.0, 2183.0, 192.0, 1889.0, 193.0, 1905.0, 2092.0, 191.0, 1347.0) 
Voter 30: ID 125; Choice (1356.0, 2183.0, 192.0, 1889.0, 193.0, 1905.0, 2092.0, 191.0, 1347.0) 
Voter 31: ID 454; Choice (1356.0, 2183.0, 192.0, 1889.0, 193.0, 1905.0, 2092.0, 191.0, 1347.0) 
Voter 32: ID 349; Choice (1356.0, 2183.0, 192.0, 1889.0, 193.0, 1905.0, 2092.0, 191.0, 1347.0) 
Voter 33: ID 734; Choice (1356.0, 2183.0, 192.0, 1889.0, 193.0, 1905.0, 2092.0, 191.0, 1347.0) 
Voter 34: ID 344; Choice (1356.0, 2183.0, 192.0, 1889.0, 193.0, 1905.0, 2092.0, 191.0, 1347.0) 
Voter 35: ID 697; Choice (1356.0, 2183.0, 192.0, 1889.0, 193.0, 1905.0, 2092.0, 191.0, 1347.0) 
Voter 36: ID 597; Choice (1356.0, 2183.0, 192.0, 1889.0, 193.0, 1905.0, 2092.0, 191.0, 1347.0) 
Voter 37: ID 574; Choice (1356.0, 2183.0, 192.0, 1889.0, 193.0, 1905.0, 2092.0, 191.0, 1347.0) 
Voter 38: ID 79; Choice (1356.0, 2183.0, 192.0, 1889.0, 193.0, 1905.0, 2092.0, 191.0, 1347.0) 
Voter 39: ID 700; Choice (1356.0, 2183.0, 433.0, 192.0, 1889.0, 193.0, 1347.0, 1905.0, 2121.0, 191.0) 
Voter 40: ID 355; Choice (1356.0, 2183.0, 192.0, 1889.0, 193.0, 1905.0, 2092.0, 191.0, 1347.0) 
Voter 41: ID 416; Choice (1356.0, 2183.0, 192.0, 1889.0, 193.0, 1905.0, 2092.0, 191.0, 1347.0) 
Voter 42: ID 711; Choice (1356.0, 2183.0, 192.0, 1889.0, 193.0, 1905.0, 2092.0, 191.0, 1347.0) 
Voter 43: ID 687; Choice (1356.0, 2183.0, 192.0, 1889.0, 193.0, 1905.0, 2092.0, 191.0, 1347.0) 
Voter 44: ID 7; Choice (1356.0, 2183.0, 192.0, 1889.0, 193.0, 1905.0, 2092.0, 191.0, 1347.0) 
Voter 45: ID 86; Choice (1356.0, 2183.0, 192.0, 1889.0, 193.0, 1905.0, 2092.0, 191.0, 1347.0) 
Voter 46: ID 29; Choice (1356.0, 2183.0, 192.0, 1889.0, 193.0, 1905.0, 2092.0, 191.0, 1347.0) 
Voter 47: ID 731; Choice (1356.0, 2183.0, 192.0, 1889.0, 193.0, 1905.0, 2092.0, 191.0, 1347.0) 
Voter 48: ID 673; Choice (1356.0, 2183.0, 192.0, 1889.0, 193.0, 1905.0, 2092.0, 191.0, 1347.0) 
Voter 49: ID 390; Choice (1356.0, 2183.0, 192.0, 1889.0, 193.0, 1905.0, 2092.0, 191.0, 1347.0) 
Voter 50: ID 272; Choice (1356.0, 2183.0, 192.0, 1889.0, 193.0, 1905.0, 2092.0, 191.0, 1347.0) 
---------------------------------------------------------------------------
After Iteration 12 :
Voter 1: ID 255; Choice (1356.0, 2183.0, 192.0, 1889.0, 193.0, 1905.0, 2092.0, 191.0, 1347.0) 
Voter 2: ID 22; Choice (1356.0, 2183.0, 192.0, 1889.0, 193.0, 1905.0, 2092.0, 191.0, 1347.0) 
Voter 3: ID 725; Choice (1356.0, 2183.0, 192.0, 1889.0, 193.0, 1905.0, 2092.0, 191.0, 1347.0) 
Voter 4: ID 491; Choice (1356.0, 2183.0, 192.0, 1889.0, 193.0, 1905.0, 2092.0, 191.0, 1347.0) 
Voter 5: ID 216; Choice (1356.0, 2183.0, 192.0, 1889.0, 193.0, 1905.0, 2092.0, 191.0, 1347.0) 
Voter 6: ID 51; Choice (1356.0, 2183.0, 192.0, 1889.0, 193.0, 1905.0, 2092.0, 191.0, 1347.0) 
Voter 7: ID 589; Choice (1356.0, 2183.0, 192.0, 1889.0, 193.0, 1905.0, 2092.0, 191.0, 1347.0) 
Voter 8: ID 513; Choice (1356.0, 2183.0, 192.0, 1889.0, 193.0, 1905.0, 2092.0, 191.0, 1347.0) 
Voter 9: ID 593; Choice (1356.0, 2183.0, 192.0, 1889.0, 193.0, 1905.0, 2092.0, 191.0, 1347.0) 
Voter 10: ID 157; Choice (1356.0, 2183.0, 192.0, 1889.0, 193.0, 1905.0, 2092.0, 191.0, 1347.0) 
Voter 11: ID 503; Choice (1356.0, 2183.0, 192.0, 1889.0, 193.0, 1905.0, 2092.0, 191.0, 1347.0) 
Voter 12: ID 188; Choice (1356.0, 2183.0, 192.0, 1889.0, 193.0, 1905.0, 2092.0, 191.0, 1347.0) 
Voter 13: ID 702; Choice (1356.0, 2183.0, 192.0, 1889.0, 193.0, 1905.0, 2092.0, 191.0, 1347.0) 
Voter 14: ID 310; Choice (1356.0, 2183.0, 192.0, 1889.0, 193.0, 1905.0, 2092.0, 191.0, 1347.0) 
Voter 15: ID 433; Choice (1356.0, 2183.0, 192.0, 1889.0, 193.0, 1905.0, 2092.0, 191.0, 1347.0) 
Voter 16: ID 499; Choice (1356.0, 2183.0, 192.0, 1889.0, 193.0, 1905.0, 2092.0, 191.0, 1347.0) 
Voter 17: ID 545; Choice (1356.0, 2183.0, 192.0, 1889.0, 193.0, 1905.0, 2092.0, 191.0, 1347.0) 
Voter 18: ID 444; Choice (1356.0, 2183.0, 192.0, 1889.0, 193.0, 1905.0, 2092.0, 191.0, 1347.0) 
Voter 19: ID 735; Choice (1356.0, 2183.0, 192.0, 1889.0, 193.0, 1905.0, 2092.0, 191.0, 1347.0) 
Voter 20: ID 401; Choice (1356.0, 2183.0, 192.0, 1889.0, 193.0, 1905.0, 2092.0, 191.0, 1347.0) 
Voter 21: ID 380; Choice (1356.0, 2183.0, 192.0, 1889.0, 193.0, 1905.0, 2092.0, 191.0, 1347.0) 
Voter 22: ID 241; Choice (1356.0, 2183.0, 192.0, 1889.0, 193.0, 1905.0, 2092.0, 191.0, 1347.0) 
Voter 23: ID 618; Choice (1356.0, 2183.0, 192.0, 1889.0, 193.0, 1905.0, 2092.0, 191.0, 1347.0) 
Voter 24: ID 159; Choice (1356.0, 2183.0, 192.0, 1889.0, 193.0, 1905.0, 2092.0, 191.0, 1347.0) 
Voter 25: ID 391; Choice (1356.0, 2183.0, 192.0, 1889.0, 193.0, 1905.0, 2092.0, 191.0, 1347.0) 
Voter 26: ID 476; Choice (1356.0, 2183.0, 192.0, 1889.0, 193.0, 1905.0, 2092.0, 191.0, 1347.0) 
Voter 27: ID 679; Choice (1356.0, 2183.0, 192.0, 1889.0, 193.0, 1905.0, 2092.0, 191.0, 1347.0) 
Voter 28: ID 316; Choice (1356.0, 2183.0, 192.0, 1889.0, 193.0, 1905.0, 2092.0, 191.0, 1347.0) 
Voter 29: ID 631; Choice (1356.0, 2183.0, 192.0, 1889.0, 193.0, 1905.0, 2092.0, 191.0, 1347.0) 
Voter 30: ID 125; Choice (1356.0, 2183.0, 192.0, 1889.0, 193.0, 1905.0, 2092.0, 191.0, 1347.0) 
Voter 31: ID 454; Choice (1356.0, 2183.0, 192.0, 1889.0, 193.0, 1905.0, 2092.0, 191.0, 1347.0) 
Voter 32: ID 349; Choice (1356.0, 2183.0, 192.0, 1889.0, 193.0, 1905.0, 2092.0, 191.0, 1347.0) 
Voter 33: ID 734; Choice (1356.0, 2183.0, 192.0, 1889.0, 193.0, 1905.0, 2092.0, 191.0, 1347.0) 
Voter 34: ID 344; Choice (2141.0, 1356.0, 2183.0, 192.0, 1889.0, 193.0, 1347.0, 2092.0) 
Voter 35: ID 697; Choice (1356.0, 2183.0, 192.0, 1889.0, 193.0, 1905.0, 2092.0, 191.0, 1347.0) 
Voter 36: ID 597; Choice (1356.0, 2183.0, 192.0, 1889.0, 193.0, 1905.0, 2092.0, 191.0, 1347.0) 
Voter 37: ID 574; Choice (1356.0, 2183.0, 192.0, 1889.0, 193.0, 1905.0, 2092.0, 191.0, 1347.0) 
Voter 38: ID 79; Choice (1356.0, 2183.0, 192.0, 1889.0, 193.0, 1905.0, 2092.0, 191.0, 1347.0) 
Voter 39: ID 700; Choice (1356.0, 2183.0, 192.0, 1889.0, 193.0, 1905.0, 2092.0, 191.0, 1347.0) 
Voter 40: ID 355; Choice (1356.0, 2183.0, 192.0, 1889.0, 193.0, 1905.0, 2092.0, 191.0, 1347.0) 
Voter 41: ID 416; Choice (1356.0, 2183.0, 192.0, 1889.0, 193.0, 1905.0, 2092.0, 191.0, 1347.0) 
Voter 42: ID 711; Choice (1356.0, 2183.0, 192.0, 1889.0, 193.0, 1905.0, 2092.0, 191.0, 1347.0) 
Voter 43: ID 687; Choice (1356.0, 2183.0, 192.0, 1889.0, 193.0, 1905.0, 2092.0, 191.0, 1347.0) 
Voter 44: ID 7; Choice (1356.0, 2183.0, 192.0, 1889.0, 193.0, 1905.0, 2092.0, 191.0, 1347.0) 
Voter 45: ID 86; Choice (1356.0, 2183.0, 192.0, 1889.0, 193.0, 1905.0, 2092.0, 191.0, 1347.0) 
Voter 46: ID 29; Choice (1356.0, 2183.0, 192.0, 1889.0, 193.0, 1905.0, 2092.0, 191.0, 1347.0) 
Voter 47: ID 731; Choice (1356.0, 2183.0, 192.0, 1889.0, 193.0, 1905.0, 2092.0, 191.0, 1347.0) 
Voter 48: ID 673; Choice (1356.0, 2183.0, 192.0, 1889.0, 193.0, 1905.0, 2092.0, 191.0, 1347.0) 
Voter 49: ID 390; Choice (1356.0, 2183.0, 192.0, 1889.0, 193.0, 1905.0, 2092.0, 191.0, 1347.0) 
Voter 50: ID 272; Choice (1356.0, 2183.0, 192.0, 1889.0, 193.0, 1905.0, 2092.0, 191.0, 1347.0) 
---------------------------------------------------------------------------
After Iteration 13 :
Voter 1: ID 255; Choice (1356.0, 2183.0, 192.0, 1889.0, 193.0, 1905.0, 2092.0, 191.0, 1347.0) 
Voter 2: ID 22; Choice (1356.0, 2183.0, 192.0, 1889.0, 193.0, 1905.0, 2092.0, 191.0, 1347.0) 
Voter 3: ID 725; Choice (1356.0, 2183.0, 192.0, 1889.0, 193.0, 1905.0, 2092.0, 191.0, 1347.0) 
Voter 4: ID 491; Choice (1356.0, 2183.0, 192.0, 1889.0, 193.0, 1905.0, 2092.0, 191.0, 1347.0) 
Voter 5: ID 216; Choice (1356.0, 2183.0, 192.0, 1889.0, 193.0, 1905.0, 2092.0, 191.0, 1347.0) 
Voter 6: ID 51; Choice (1356.0, 2183.0, 192.0, 1889.0, 193.0, 1905.0, 2092.0, 191.0, 1347.0) 
Voter 7: ID 589; Choice (1356.0, 2183.0, 192.0, 1889.0, 193.0, 1905.0, 2092.0, 191.0, 1347.0) 
Voter 8: ID 513; Choice (1356.0, 2183.0, 192.0, 1889.0, 193.0, 1905.0, 2092.0, 191.0, 1347.0) 
Voter 9: ID 593; Choice (1356.0, 2183.0, 192.0, 1889.0, 193.0, 1905.0, 2092.0, 191.0, 1347.0) 
Voter 10: ID 157; Choice (1356.0, 2183.0, 192.0, 1889.0, 193.0, 1905.0, 2092.0, 191.0, 1347.0) 
Voter 11: ID 503; Choice (1356.0, 2183.0, 192.0, 1889.0, 193.0, 1905.0, 2092.0, 191.0, 1347.0) 
Voter 12: ID 188; Choice (1356.0, 2183.0, 192.0, 1889.0, 193.0, 1905.0, 2092.0, 191.0, 1347.0) 
Voter 13: ID 702; Choice (1356.0, 2183.0, 192.0, 1889.0, 193.0, 1905.0, 2092.0, 191.0, 1347.0) 
Voter 14: ID 310; Choice (1356.0, 2183.0, 192.0, 1889.0, 193.0, 1905.0, 2092.0, 191.0, 1347.0) 
Voter 15: ID 433; Choice (1356.0, 2183.0, 192.0, 1889.0, 193.0, 1905.0, 2092.0, 191.0, 1347.0) 
Voter 16: ID 499; Choice (1356.0, 2183.0, 192.0, 1889.0, 193.0, 1905.0, 2092.0, 191.0, 1347.0) 
Voter 17: ID 545; Choice (1356.0, 2183.0, 192.0, 1889.0, 193.0, 1905.0, 2092.0, 191.0, 1347.0) 
Voter 18: ID 444; Choice (1356.0, 2183.0, 192.0, 1889.0, 193.0, 1905.0, 2092.0, 191.0, 1347.0) 
Voter 19: ID 735; Choice (1356.0, 2183.0, 192.0, 1889.0, 193.0, 1905.0, 2092.0, 191.0, 1347.0) 
Voter 20: ID 401; Choice (1356.0, 2183.0, 192.0, 1889.0, 193.0, 1905.0, 2092.0, 191.0, 1347.0) 
Voter 21: ID 380; Choice (1356.0, 2183.0, 192.0, 1889.0, 193.0, 1905.0, 2092.0, 191.0, 1347.0) 
Voter 22: ID 241; Choice (1356.0, 2183.0, 192.0, 1889.0, 193.0, 1905.0, 2092.0, 191.0, 1347.0) 
Voter 23: ID 618; Choice (1356.0, 2183.0, 192.0, 1889.0, 193.0, 1905.0, 2092.0, 191.0, 1347.0) 
Voter 24: ID 159; Choice (1356.0, 2183.0, 192.0, 1889.0, 193.0, 1905.0, 2092.0, 191.0, 1347.0) 
Voter 25: ID 391; Choice (1356.0, 2183.0, 192.0, 1889.0, 193.0, 1905.0, 2092.0, 191.0, 1347.0) 
Voter 26: ID 476; Choice (1356.0, 2183.0, 192.0, 1889.0, 193.0, 1905.0, 2092.0, 191.0, 1347.0) 
Voter 27: ID 679; Choice (1356.0, 2183.0, 192.0, 1889.0, 193.0, 1905.0, 2092.0, 191.0, 1347.0) 
Voter 28: ID 316; Choice (1356.0, 2183.0, 192.0, 1889.0, 193.0, 1905.0, 2092.0, 191.0, 1347.0) 
Voter 29: ID 631; Choice (1356.0, 2183.0, 192.0, 1889.0, 193.0, 1905.0, 2092.0, 191.0, 1347.0) 
Voter 30: ID 125; Choice (1356.0, 2183.0, 192.0, 1889.0, 193.0, 1905.0, 2092.0, 191.0, 1347.0) 
Voter 31: ID 454; Choice (1356.0, 2183.0, 192.0, 1889.0, 193.0, 1905.0, 2092.0, 191.0, 1347.0) 
Voter 32: ID 349; Choice (1356.0, 2183.0, 192.0, 1889.0, 193.0, 1905.0, 2092.0, 191.0, 1347.0) 
Voter 33: ID 734; Choice (1356.0, 2183.0, 192.0, 1889.0, 193.0, 1905.0, 2092.0, 191.0, 1347.0) 
Voter 34: ID 344; Choice (1356.0, 2183.0, 192.0, 1889.0, 193.0, 1905.0, 2092.0, 191.0, 1347.0) 
Voter 35: ID 697; Choice (1356.0, 2183.0, 192.0, 1889.0, 193.0, 1905.0, 2092.0, 191.0, 1347.0) 
Voter 36: ID 597; Choice (1356.0, 2183.0, 192.0, 1889.0, 193.0, 1905.0, 2092.0, 191.0, 1347.0) 
Voter 37: ID 574; Choice (1356.0, 2183.0, 192.0, 1889.0, 193.0, 1905.0, 2092.0, 191.0, 1347.0) 
Voter 38: ID 79; Choice (1356.0, 2183.0, 192.0, 1889.0, 193.0, 1905.0, 2092.0, 191.0, 1347.0) 
Voter 39: ID 700; Choice (2141.0, 2183.0, 433.0, 192.0, 1889.0, 193.0, 1347.0, 2121.0, 191.0) 
Voter 40: ID 355; Choice (1356.0, 2183.0, 192.0, 1889.0, 193.0, 1905.0, 2092.0, 191.0, 1347.0) 
Voter 41: ID 416; Choice (1356.0, 2183.0, 192.0, 1889.0, 193.0, 1905.0, 2092.0, 191.0, 1347.0) 
Voter 42: ID 711; Choice (1356.0, 2183.0, 192.0, 1889.0, 193.0, 1905.0, 2092.0, 191.0, 1347.0) 
Voter 43: ID 687; Choice (1356.0, 2183.0, 192.0, 1889.0, 193.0, 1905.0, 2092.0, 191.0, 1347.0) 
Voter 44: ID 7; Choice (1356.0, 2183.0, 192.0, 1889.0, 193.0, 1905.0, 2092.0, 191.0, 1347.0) 
Voter 45: ID 86; Choice (1356.0, 2183.0, 192.0, 1889.0, 193.0, 1905.0, 2092.0, 191.0, 1347.0) 
Voter 46: ID 29; Choice (1356.0, 2183.0, 192.0, 1889.0, 193.0, 1905.0, 2092.0, 191.0, 1347.0) 
Voter 47: ID 731; Choice (1356.0, 2183.0, 192.0, 1889.0, 193.0, 1905.0, 2092.0, 191.0, 1347.0) 
Voter 48: ID 673; Choice (1356.0, 2183.0, 192.0, 1889.0, 193.0, 1905.0, 2092.0, 191.0, 1347.0) 
Voter 49: ID 390; Choice (1356.0, 2183.0, 192.0, 1889.0, 193.0, 1905.0, 2092.0, 191.0, 1347.0) 
Voter 50: ID 272; Choice (1356.0, 2183.0, 192.0, 1889.0, 193.0, 1905.0, 2092.0, 191.0, 1347.0) 
---------------------------------------------------------------------------
After Iteration 14 :
Voter 1: ID 255; Choice (1356.0, 2183.0, 192.0, 1889.0, 193.0, 1905.0, 2092.0, 191.0, 1347.0) 
Voter 2: ID 22; Choice (1356.0, 2183.0, 192.0, 1889.0, 193.0, 1905.0, 2092.0, 191.0, 1347.0) 
Voter 3: ID 725; Choice (1356.0, 2183.0, 192.0, 1889.0, 193.0, 1905.0, 2092.0, 191.0, 1347.0) 
Voter 4: ID 491; Choice (1356.0, 2183.0, 192.0, 1889.0, 193.0, 1905.0, 2092.0, 191.0, 1347.0) 
Voter 5: ID 216; Choice (1356.0, 2183.0, 192.0, 1889.0, 193.0, 1905.0, 2092.0, 191.0, 1347.0) 
Voter 6: ID 51; Choice (1356.0, 2183.0, 192.0, 1889.0, 193.0, 1905.0, 2092.0, 191.0, 1347.0) 
Voter 7: ID 589; Choice (1356.0, 2183.0, 192.0, 1889.0, 193.0, 1905.0, 2092.0, 191.0, 1347.0) 
Voter 8: ID 513; Choice (1356.0, 2183.0, 192.0, 1889.0, 193.0, 1905.0, 2092.0, 191.0, 1347.0) 
Voter 9: ID 593; Choice (1356.0, 2183.0, 192.0, 1889.0, 193.0, 1905.0, 2092.0, 191.0, 1347.0) 
Voter 10: ID 157; Choice (1356.0, 2183.0, 192.0, 1889.0, 193.0, 1905.0, 2092.0, 191.0, 1347.0) 
Voter 11: ID 503; Choice (1356.0, 2183.0, 192.0, 1889.0, 193.0, 1905.0, 2092.0, 191.0, 1347.0) 
Voter 12: ID 188; Choice (1356.0, 2183.0, 192.0, 1889.0, 193.0, 1905.0, 2092.0, 191.0, 1347.0) 
Voter 13: ID 702; Choice (1356.0, 2183.0, 192.0, 1889.0, 193.0, 1905.0, 2092.0, 191.0, 1347.0) 
Voter 14: ID 310; Choice (1356.0, 2183.0, 192.0, 1889.0, 193.0, 1905.0, 2092.0, 191.0, 1347.0) 
Voter 15: ID 433; Choice (1356.0, 2183.0, 192.0, 1889.0, 193.0, 1905.0, 2092.0, 191.0, 1347.0) 
Voter 16: ID 499; Choice (1356.0, 2183.0, 192.0, 1889.0, 193.0, 1905.0, 2092.0, 191.0, 1347.0) 
Voter 17: ID 545; Choice (1356.0, 2183.0, 192.0, 1889.0, 193.0, 1905.0, 2092.0, 191.0, 1347.0) 
Voter 18: ID 444; Choice (1356.0, 2183.0, 192.0, 1889.0, 193.0, 1905.0, 2092.0, 191.0, 1347.0) 
Voter 19: ID 735; Choice (1356.0, 2183.0, 192.0, 1889.0, 193.0, 1905.0, 2092.0, 191.0, 1347.0) 
Voter 20: ID 401; Choice (1356.0, 2183.0, 192.0, 1889.0, 193.0, 1905.0, 2092.0, 191.0, 1347.0) 
Voter 21: ID 380; Choice (1356.0, 2183.0, 192.0, 1889.0, 193.0, 1905.0, 2092.0, 191.0, 1347.0) 
Voter 22: ID 241; Choice (1356.0, 2183.0, 192.0, 1889.0, 193.0, 1905.0, 2092.0, 191.0, 1347.0) 
Voter 23: ID 618; Choice (1356.0, 2183.0, 192.0, 1889.0, 193.0, 1905.0, 2092.0, 191.0, 1347.0) 
Voter 24: ID 159; Choice (1356.0, 2183.0, 192.0, 1889.0, 193.0, 1905.0, 2092.0, 191.0, 1347.0) 
Voter 25: ID 391; Choice (1356.0, 2183.0, 192.0, 1889.0, 193.0, 1905.0, 2092.0, 191.0, 1347.0) 
Voter 26: ID 476; Choice (1356.0, 2183.0, 192.0, 1889.0, 193.0, 1905.0, 2092.0, 191.0, 1347.0) 
Voter 27: ID 679; Choice (1356.0, 2183.0, 192.0, 1889.0, 193.0, 1905.0, 2092.0, 191.0, 1347.0) 
Voter 28: ID 316; Choice (1356.0, 2183.0, 192.0, 1889.0, 193.0, 1905.0, 2092.0, 191.0, 1347.0) 
Voter 29: ID 631; Choice (1356.0, 2183.0, 192.0, 1889.0, 193.0, 1905.0, 2092.0, 191.0, 1347.0) 
Voter 30: ID 125; Choice (1356.0, 2183.0, 192.0, 1889.0, 193.0, 1905.0, 2092.0, 191.0, 1347.0) 
Voter 31: ID 454; Choice (1356.0, 2183.0, 192.0, 1889.0, 193.0, 1905.0, 2092.0, 191.0, 1347.0) 
Voter 32: ID 349; Choice (1356.0, 2183.0, 192.0, 1889.0, 193.0, 1905.0, 2092.0, 191.0, 1347.0) 
Voter 33: ID 734; Choice (1356.0, 2183.0, 192.0, 1889.0, 193.0, 1905.0, 2092.0, 191.0, 1347.0) 
Voter 34: ID 344; Choice (1356.0, 2183.0, 192.0, 1889.0, 193.0, 1905.0, 2092.0, 191.0, 1347.0) 
Voter 35: ID 697; Choice (1356.0, 2183.0, 192.0, 1889.0, 193.0, 1905.0, 2092.0, 191.0, 1347.0) 
Voter 36: ID 597; Choice (1356.0, 2183.0, 192.0, 1889.0, 193.0, 1905.0, 2092.0, 191.0, 1347.0) 
Voter 37: ID 574; Choice (1356.0, 2183.0, 192.0, 1889.0, 193.0, 1905.0, 2092.0, 191.0, 1347.0) 
Voter 38: ID 79; Choice (1356.0, 2183.0, 192.0, 1889.0, 193.0, 1905.0, 2092.0, 191.0, 1347.0) 
Voter 39: ID 700; Choice (1356.0, 2183.0, 192.0, 1889.0, 193.0, 1905.0, 2092.0, 191.0, 1347.0) 
Voter 40: ID 355; Choice (1356.0, 2183.0, 192.0, 1889.0, 193.0, 1905.0, 2092.0, 191.0, 1347.0) 
Voter 41: ID 416; Choice (1356.0, 2183.0, 192.0, 1889.0, 193.0, 1905.0, 2092.0, 191.0, 1347.0) 
Voter 42: ID 711; Choice (1356.0, 2183.0, 192.0, 1889.0, 193.0, 1905.0, 2092.0, 191.0, 1347.0) 
Voter 43: ID 687; Choice (1356.0, 2183.0, 192.0, 1889.0, 193.0, 1905.0, 2092.0, 191.0, 1347.0) 
Voter 44: ID 7; Choice (1356.0, 2183.0, 192.0, 1889.0, 193.0, 1905.0, 2092.0, 191.0, 1347.0) 
Voter 45: ID 86; Choice (1356.0, 2183.0, 192.0, 1889.0, 193.0, 1905.0, 2092.0, 191.0, 1347.0) 
Voter 46: ID 29; Choice (1356.0, 2183.0, 192.0, 1889.0, 193.0, 1905.0, 2092.0, 191.0, 1347.0) 
Voter 47: ID 731; Choice (1356.0, 2183.0, 192.0, 1889.0, 193.0, 1905.0, 2092.0, 191.0, 1347.0) 
Voter 48: ID 673; Choice (1356.0, 2183.0, 192.0, 1889.0, 193.0, 1905.0, 2092.0, 191.0, 1347.0) 
Voter 49: ID 390; Choice (1356.0, 2183.0, 192.0, 1889.0, 193.0, 1905.0, 2092.0, 191.0, 1347.0) 
Voter 50: ID 272; Choice (1356.0, 2183.0, 192.0, 1889.0, 193.0, 1905.0, 2092.0, 191.0, 1347.0) 
---------------------------------------------------------------------------
Concensus reached after 14 iterations.
Max degree: 8 Number of valid combinations: 10 Using random find.
There are 1 opinions after all iterations.
(1356.0, 2183.0, 192.0, 1889.0, 193.0, 1905.0, 2092.0, 191.0, 1347.0) count: 50
