    project id    reward
0       1211.0 -0.444988
1       2141.0 -0.057202
2       1356.0  0.331482
3       2183.0  0.343395
4        433.0 -0.263659
5        192.0  0.232709
6       1889.0  0.302624
7        193.0  0.251523
8       1347.0  0.192139
9       1905.0  0.121838
10      2092.0  0.245409
11      2121.0 -0.136063
12       191.0  0.215283
Valid Combinations are:
(1356.0, 2183.0, 192.0, 1889.0, 193.0, 1905.0, 2092.0, 191.0, 1347.0)
(1356.0, 2183.0, 192.0, 1889.0, 193.0, 1905.0, 2092.0, 191.0)
(1211.0, 2141.0, 1356.0, 2183.0, 192.0, 193.0)
(2141.0, 1356.0, 2183.0, 433.0, 192.0, 1889.0, 193.0, 1347.0, 1905.0, 2092.0, 191.0)
(2141.0, 1356.0, 2183.0, 192.0, 1889.0, 193.0, 1347.0, 1905.0, 2092.0, 2121.0, 191.0)
(1356.0, 2183.0, 433.0, 192.0, 1889.0, 193.0, 1347.0, 1905.0, 2092.0, 2121.0, 191.0)
(1211.0, 1356.0, 2183.0, 192.0, 1889.0, 193.0, 1905.0, 2092.0, 191.0)
(1211.0, 2183.0, 192.0, 1889.0, 193.0, 1347.0, 1905.0, 2092.0, 191.0)
(2141.0, 2183.0, 433.0, 192.0, 1889.0, 193.0, 1347.0, 1905.0, 2121.0)
(2141.0, 2183.0, 433.0, 192.0, 1889.0, 193.0, 1347.0, 2092.0, 2121.0)
(2141.0, 2183.0, 433.0, 192.0, 1889.0, 193.0, 1347.0, 2121.0, 191.0)
(2141.0, 2183.0, 433.0, 192.0, 1889.0, 193.0, 1905.0, 2092.0, 2121.0)
(2141.0, 2183.0, 433.0, 192.0, 1889.0, 193.0, 1905.0, 2121.0, 191.0)
(2141.0, 2183.0, 433.0, 192.0, 1889.0, 193.0, 2092.0, 2121.0, 191.0)
(2141.0, 2183.0, 433.0, 192.0, 1889.0, 1905.0, 2092.0, 2121.0, 191.0)
(2141.0, 2183.0, 433.0, 192.0, 193.0, 1347.0, 1905.0, 2092.0, 2121.0)
(2141.0, 2183.0, 433.0, 192.0, 193.0, 1347.0, 1905.0, 2121.0, 191.0)
(2141.0, 2183.0, 433.0, 192.0, 193.0, 1347.0, 2092.0, 2121.0, 191.0)
(2141.0, 2183.0, 433.0, 192.0, 193.0, 1905.0, 2092.0, 2121.0, 191.0)
(2141.0, 2183.0, 433.0, 1889.0, 193.0, 1905.0, 2092.0, 2121.0, 191.0)
(2141.0, 433.0, 192.0, 1889.0, 193.0, 1905.0, 2092.0, 2121.0, 191.0)
(1211.0, 1356.0, 2183.0, 192.0, 1889.0, 193.0, 1347.0, 1905.0)
(1211.0, 1356.0, 2183.0, 192.0, 1889.0, 193.0, 1347.0, 2092.0)
(1211.0, 1356.0, 2183.0, 192.0, 1889.0, 193.0, 1347.0, 191.0)
(1211.0, 1356.0, 2183.0, 192.0, 193.0, 1347.0, 1905.0, 2092.0)
(1211.0, 1356.0, 2183.0, 192.0, 193.0, 1347.0, 1905.0, 191.0)
(1211.0, 1356.0, 2183.0, 192.0, 193.0, 1347.0, 2092.0, 191.0)
(1211.0, 1356.0, 2183.0, 1889.0, 193.0, 1347.0, 1905.0, 2092.0)
(1211.0, 1356.0, 2183.0, 1889.0, 193.0, 1347.0, 1905.0, 191.0)
(1211.0, 1356.0, 2183.0, 1889.0, 193.0, 1347.0, 2092.0, 191.0)
(1211.0, 1356.0, 2183.0, 193.0, 1347.0, 1905.0, 2092.0, 191.0)
(2141.0, 1356.0, 2183.0, 433.0, 192.0, 1889.0, 193.0, 2121.0)
(2141.0, 1356.0, 2183.0, 433.0, 192.0, 1889.0, 1905.0, 2121.0)
(2141.0, 1356.0, 2183.0, 433.0, 192.0, 1889.0, 2121.0, 191.0)
(2141.0, 1356.0, 2183.0, 433.0, 192.0, 193.0, 1347.0, 2121.0)
(2141.0, 1356.0, 2183.0, 433.0, 192.0, 193.0, 1905.0, 2121.0)
(2141.0, 1356.0, 2183.0, 433.0, 192.0, 193.0, 2092.0, 2121.0)
(2141.0, 1356.0, 2183.0, 433.0, 192.0, 193.0, 2121.0, 191.0)
(2141.0, 1356.0, 2183.0, 433.0, 192.0, 1905.0, 2092.0, 2121.0)
(2141.0, 1356.0, 2183.0, 433.0, 192.0, 1905.0, 2121.0, 191.0)
(2141.0, 1356.0, 2183.0, 433.0, 1889.0, 193.0, 1905.0, 2121.0)
(2141.0, 1356.0, 2183.0, 433.0, 1889.0, 193.0, 2092.0, 2121.0)
(2141.0, 1356.0, 2183.0, 433.0, 1889.0, 193.0, 2121.0, 191.0)
(2141.0, 1356.0, 2183.0, 433.0, 193.0, 1905.0, 2092.0, 2121.0)
(2141.0, 1356.0, 2183.0, 433.0, 193.0, 1905.0, 2121.0, 191.0)
(2141.0, 1356.0, 2183.0, 433.0, 193.0, 2092.0, 2121.0, 191.0)
(2141.0, 1356.0, 433.0, 192.0, 1889.0, 193.0, 1905.0, 2121.0)
(2141.0, 1356.0, 433.0, 192.0, 193.0, 1905.0, 2092.0, 2121.0)
(2141.0, 1356.0, 433.0, 192.0, 193.0, 1905.0, 2121.0, 191.0)
(2141.0, 2183.0, 433.0, 1889.0, 1347.0, 1905.0, 2092.0, 2121.0)
(2141.0, 2183.0, 433.0, 1889.0, 1347.0, 1905.0, 2121.0, 191.0)
(2141.0, 2183.0, 433.0, 1347.0, 1905.0, 2092.0, 2121.0, 191.0)
(2141.0, 433.0, 1889.0, 193.0, 1347.0, 1905.0, 2121.0, 191.0)
(1211.0, 2141.0, 2183.0, 192.0, 1889.0, 193.0, 1905.0)
(1211.0, 2141.0, 2183.0, 192.0, 1889.0, 193.0, 2092.0)
(1211.0, 2141.0, 2183.0, 192.0, 1889.0, 193.0, 191.0)
(1211.0, 2141.0, 2183.0, 192.0, 193.0, 1905.0, 2092.0)
(1211.0, 2141.0, 2183.0, 192.0, 193.0, 1905.0, 191.0)
(1211.0, 2141.0, 2183.0, 192.0, 193.0, 2092.0, 191.0)
(1211.0, 1356.0, 192.0, 1889.0, 1347.0, 1905.0, 2092.0)
(1211.0, 1356.0, 192.0, 1889.0, 1347.0, 1905.0, 191.0)
(1211.0, 1356.0, 192.0, 1347.0, 1905.0, 2092.0, 191.0)
(1211.0, 2183.0, 192.0, 1889.0, 193.0, 1905.0, 2121.0)
(1211.0, 2183.0, 192.0, 1889.0, 193.0, 2092.0, 2121.0)
(1211.0, 2183.0, 192.0, 1889.0, 193.0, 2121.0, 191.0)
(1211.0, 2183.0, 192.0, 193.0, 1905.0, 2092.0, 2121.0)
(1211.0, 2183.0, 192.0, 193.0, 1905.0, 2121.0, 191.0)
(1211.0, 2183.0, 192.0, 193.0, 2092.0, 2121.0, 191.0)
(1211.0, 2183.0, 1889.0, 193.0, 1905.0, 2121.0, 191.0)
(2141.0, 1356.0, 2183.0, 433.0, 1347.0, 1905.0, 2121.0)
(2141.0, 1356.0, 433.0, 192.0, 1889.0, 2092.0, 2121.0)
(2141.0, 1356.0, 433.0, 192.0, 2092.0, 2121.0, 191.0)
(2141.0, 1356.0, 433.0, 193.0, 1347.0, 1905.0, 2121.0)
(2141.0, 433.0, 1889.0, 1347.0, 2092.0, 2121.0, 191.0)
(1211.0, 2141.0, 2183.0, 192.0, 193.0, 1347.0)
(1211.0, 2141.0, 2183.0, 1889.0, 193.0, 1347.0)
(1211.0, 2141.0, 2183.0, 1889.0, 1905.0, 191.0)
(1211.0, 2141.0, 2183.0, 193.0, 1347.0, 1905.0)
(1211.0, 2141.0, 2183.0, 193.0, 1347.0, 2092.0)
(1211.0, 2141.0, 2183.0, 193.0, 1347.0, 191.0)
(1211.0, 2141.0, 1889.0, 193.0, 1905.0, 191.0)
(1211.0, 1356.0, 2183.0, 192.0, 193.0, 2121.0)
(1211.0, 1356.0, 2183.0, 193.0, 1905.0, 2121.0)
(1211.0, 2183.0, 192.0, 193.0, 1347.0, 2121.0)
(1211.0, 2183.0, 192.0, 1347.0, 1905.0, 2121.0)
(1211.0, 2183.0, 1889.0, 193.0, 1347.0, 2121.0)
(1211.0, 2183.0, 1889.0, 1905.0, 2092.0, 2121.0)
(1211.0, 2183.0, 193.0, 1347.0, 1905.0, 2121.0)
(1211.0, 2183.0, 193.0, 1347.0, 2092.0, 2121.0)
(1211.0, 2183.0, 193.0, 1347.0, 2121.0, 191.0)
Initial Choices:
---------------------------------------------------------------------------
Voter 1: ID 204; Choice (1211.0, 1356.0, 2183.0, 193.0, 1347.0, 1905.0, 2092.0, 191.0) 
Voter 2: ID 224; Choice (1356.0, 2183.0, 192.0, 1889.0, 193.0, 1905.0, 2092.0, 191.0, 1347.0) 
Voter 3: ID 453; Choice (1356.0, 2183.0, 192.0, 1889.0, 193.0, 1905.0, 2092.0, 191.0, 1347.0) 
Voter 4: ID 611; Choice (2141.0, 1356.0, 2183.0, 433.0, 192.0, 1905.0, 2092.0, 2121.0) 
Voter 5: ID 43; Choice (2141.0, 1356.0, 2183.0, 433.0, 192.0, 1889.0, 193.0, 1347.0, 1905.0, 2092.0, 191.0) 
Voter 6: ID 282; Choice (2141.0, 1356.0, 2183.0, 433.0, 192.0, 1889.0, 193.0, 1347.0, 1905.0, 2092.0, 191.0) 
Voter 7: ID 122; Choice (2141.0, 433.0, 1889.0, 193.0, 1347.0, 1905.0, 2121.0, 191.0) 
Voter 8: ID 258; Choice (2141.0, 1356.0, 2183.0, 433.0, 193.0, 1905.0, 2092.0, 2121.0) 
Voter 9: ID 383; Choice (1211.0, 1356.0, 192.0, 1347.0, 1905.0, 2092.0, 191.0) 
Voter 10: ID 427; Choice (1211.0, 2183.0, 1889.0, 1905.0, 2092.0, 2121.0) 
Voter 11: ID 279; Choice (1211.0, 1356.0, 2183.0, 192.0, 193.0, 1347.0, 1905.0, 2092.0) 
Voter 12: ID 123; Choice (1211.0, 1356.0, 2183.0, 192.0, 1889.0, 193.0, 1347.0, 191.0) 
Voter 13: ID 62; Choice (2141.0, 2183.0, 433.0, 192.0, 193.0, 1905.0, 2092.0, 2121.0, 191.0) 
Voter 14: ID 274; Choice (2141.0, 1356.0, 2183.0, 433.0, 192.0, 1889.0, 1905.0, 2121.0) 
Voter 15: ID 341; Choice (1211.0, 2183.0, 192.0, 193.0, 2092.0, 2121.0, 191.0) 
Voter 16: ID 323; Choice (1211.0, 1356.0, 192.0, 1889.0, 1347.0, 1905.0, 2092.0) 
Voter 17: ID 682; Choice (2141.0, 1356.0, 2183.0, 433.0, 192.0, 1889.0, 1905.0, 2121.0) 
Voter 18: ID 155; Choice (1211.0, 2141.0, 2183.0, 192.0, 193.0, 1905.0, 2092.0) 
Voter 19: ID 597; Choice (1211.0, 2141.0, 2183.0, 193.0, 1347.0, 191.0) 
Voter 20: ID 723; Choice (1211.0, 2141.0, 2183.0, 192.0, 1889.0, 193.0, 1905.0) 
Voter 21: ID 92; Choice (1356.0, 2183.0, 192.0, 1889.0, 193.0, 1905.0, 2092.0, 191.0) 
Voter 22: ID 538; Choice (1211.0, 2141.0, 2183.0, 192.0, 193.0, 1905.0, 191.0) 
Voter 23: ID 509; Choice (2141.0, 1356.0, 2183.0, 433.0, 1347.0, 1905.0, 2121.0) 
Voter 24: ID 129; Choice (1211.0, 1356.0, 2183.0, 192.0, 193.0, 1347.0, 2092.0, 191.0) 
Voter 25: ID 629; Choice (1211.0, 1356.0, 2183.0, 192.0, 1889.0, 193.0, 1347.0, 1905.0) 
Voter 26: ID 151; Choice (1211.0, 2183.0, 1889.0, 193.0, 1905.0, 2121.0, 191.0) 
Voter 27: ID 76; Choice (2141.0, 1356.0, 2183.0, 433.0, 192.0, 1889.0, 2121.0, 191.0) 
Voter 28: ID 212; Choice (1211.0, 2141.0, 2183.0, 192.0, 1889.0, 193.0, 191.0) 
Voter 29: ID 230; Choice (1356.0, 2183.0, 192.0, 1889.0, 193.0, 1905.0, 2092.0, 191.0, 1347.0) 
Voter 30: ID 693; Choice (2141.0, 2183.0, 433.0, 192.0, 1889.0, 193.0, 1347.0, 1905.0, 2121.0) 
Voter 31: ID 463; Choice (2141.0, 1356.0, 433.0, 192.0, 193.0, 1905.0, 2092.0, 2121.0) 
Voter 32: ID 680; Choice (1211.0, 1356.0, 2183.0, 193.0, 1347.0, 1905.0, 2092.0, 191.0) 
Voter 33: ID 396; Choice (2141.0, 433.0, 1889.0, 193.0, 1347.0, 1905.0, 2121.0, 191.0) 
Voter 34: ID 689; Choice (1211.0, 2141.0, 2183.0, 192.0, 193.0, 1347.0) 
Voter 35: ID 214; Choice (2141.0, 433.0, 192.0, 1889.0, 193.0, 1905.0, 2092.0, 2121.0, 191.0) 
Voter 36: ID 724; Choice (2141.0, 1356.0, 2183.0, 433.0, 192.0, 1889.0, 193.0, 2121.0) 
Voter 37: ID 365; Choice (2141.0, 1356.0, 2183.0, 433.0, 1347.0, 1905.0, 2121.0) 
Voter 38: ID 571; Choice (1211.0, 2183.0, 192.0, 193.0, 1905.0, 2092.0, 2121.0) 
Voter 39: ID 501; Choice (1211.0, 2141.0, 2183.0, 1889.0, 1905.0, 191.0) 
Voter 40: ID 109; Choice (1211.0, 2141.0, 2183.0, 192.0, 1889.0, 193.0, 1905.0) 
Voter 41: ID 387; Choice (1211.0, 2141.0, 2183.0, 192.0, 193.0, 2092.0, 191.0) 
Voter 42: ID 48; Choice (1211.0, 2141.0, 2183.0, 192.0, 193.0, 1347.0) 
Voter 43: ID 417; Choice (1211.0, 2183.0, 192.0, 193.0, 1347.0, 2121.0) 
Voter 44: ID 459; Choice (1211.0, 2141.0, 2183.0, 193.0, 1347.0, 2092.0) 
Voter 45: ID 38; Choice (1211.0, 2183.0, 192.0, 1347.0, 1905.0, 2121.0) 
Voter 46: ID 162; Choice (2141.0, 2183.0, 433.0, 192.0, 193.0, 1347.0, 1905.0, 2092.0, 2121.0) 
Voter 47: ID 525; Choice (2141.0, 1356.0, 2183.0, 192.0, 1889.0, 193.0, 1347.0, 1905.0, 2092.0, 2121.0, 191.0) 
Voter 48: ID 692; Choice (1211.0, 2183.0, 1889.0, 1905.0, 2092.0, 2121.0) 
Voter 49: ID 93; Choice (2141.0, 1356.0, 433.0, 192.0, 193.0, 1905.0, 2092.0, 2121.0) 
Voter 50: ID 50; Choice (1211.0, 1356.0, 2183.0, 192.0, 193.0, 2121.0) 
---------------------------------------------------------------------------
After Iteration 1 :
Voter 1: ID 204; Choice (1211.0, 2141.0, 2183.0, 192.0, 1889.0, 193.0, 1905.0) 
Voter 2: ID 224; Choice (2141.0, 1356.0, 2183.0, 433.0, 192.0, 1889.0, 1905.0, 2121.0) 
Voter 3: ID 453; Choice (1356.0, 2183.0, 433.0, 192.0, 1889.0, 193.0, 1347.0, 1905.0, 2092.0, 2121.0, 191.0) 
Voter 4: ID 611; Choice (2141.0, 1356.0, 2183.0, 433.0, 192.0, 193.0, 2121.0, 191.0) 
Voter 5: ID 43; Choice (2141.0, 1356.0, 2183.0, 433.0, 192.0, 1889.0, 193.0, 1347.0, 1905.0, 2092.0, 191.0) 
Voter 6: ID 282; Choice (2141.0, 2183.0, 433.0, 192.0, 1889.0, 1905.0, 2092.0, 2121.0, 191.0) 
Voter 7: ID 122; Choice (2141.0, 2183.0, 433.0, 192.0, 193.0, 1905.0, 2092.0, 2121.0, 191.0) 
Voter 8: ID 258; Choice (1211.0, 2183.0, 192.0, 1889.0, 193.0, 1905.0, 2121.0) 
Voter 9: ID 383; Choice (1211.0, 1356.0, 192.0, 1889.0, 1347.0, 1905.0, 2092.0) 
Voter 10: ID 427; Choice (1211.0, 2141.0, 2183.0, 192.0, 193.0, 1905.0, 2092.0) 
Voter 11: ID 279; Choice (2141.0, 2183.0, 433.0, 192.0, 1889.0, 193.0, 1347.0, 1905.0, 2121.0) 
Voter 12: ID 123; Choice (2141.0, 2183.0, 433.0, 1347.0, 1905.0, 2092.0, 2121.0, 191.0) 
Voter 13: ID 62; Choice (1211.0, 2141.0, 1356.0, 2183.0, 192.0, 193.0) 
Voter 14: ID 274; Choice (1211.0, 1356.0, 2183.0, 192.0, 193.0, 2121.0) 
Voter 15: ID 341; Choice (1211.0, 2141.0, 2183.0, 192.0, 1889.0, 193.0, 1905.0) 
Voter 16: ID 323; Choice (2141.0, 1356.0, 433.0, 192.0, 1889.0, 2092.0, 2121.0) 
Voter 17: ID 682; Choice (2141.0, 433.0, 192.0, 1889.0, 193.0, 1905.0, 2092.0, 2121.0, 191.0) 
Voter 18: ID 155; Choice (2141.0, 1356.0, 2183.0, 433.0, 1889.0, 193.0, 1905.0, 2121.0) 
Voter 19: ID 597; Choice (1211.0, 2183.0, 1889.0, 1905.0, 2092.0, 2121.0) 
Voter 20: ID 723; Choice (2141.0, 2183.0, 433.0, 192.0, 1889.0, 193.0, 1905.0, 2092.0, 2121.0) 
Voter 21: ID 92; Choice (1211.0, 2141.0, 1889.0, 193.0, 1905.0, 191.0) 
Voter 22: ID 538; Choice (1211.0, 2141.0, 1356.0, 2183.0, 192.0, 193.0) 
Voter 23: ID 509; Choice (1211.0, 2141.0, 2183.0, 192.0, 193.0, 1905.0, 191.0) 
Voter 24: ID 129; Choice (1211.0, 2183.0, 192.0, 1889.0, 193.0, 1905.0, 2121.0) 
Voter 25: ID 629; Choice (2141.0, 2183.0, 433.0, 1889.0, 193.0, 1905.0, 2092.0, 2121.0, 191.0) 
Voter 26: ID 151; Choice (2141.0, 2183.0, 433.0, 1889.0, 193.0, 1905.0, 2092.0, 2121.0, 191.0) 
Voter 27: ID 76; Choice (2141.0, 1356.0, 2183.0, 192.0, 1889.0, 193.0, 1347.0, 1905.0, 2092.0, 2121.0, 191.0) 
Voter 28: ID 212; Choice (2141.0, 1356.0, 2183.0, 433.0, 192.0, 193.0, 2121.0, 191.0) 
Voter 29: ID 230; Choice (2141.0, 433.0, 1889.0, 193.0, 1347.0, 1905.0, 2121.0, 191.0) 
Voter 30: ID 693; Choice (2141.0, 1356.0, 2183.0, 433.0, 1889.0, 193.0, 2092.0, 2121.0) 
Voter 31: ID 463; Choice (1211.0, 1356.0, 2183.0, 192.0, 1889.0, 193.0, 1347.0, 2092.0) 
Voter 32: ID 680; Choice (2141.0, 433.0, 192.0, 1889.0, 193.0, 1905.0, 2092.0, 2121.0, 191.0) 
Voter 33: ID 396; Choice (1211.0, 2141.0, 2183.0, 192.0, 193.0, 2092.0, 191.0) 
Voter 34: ID 689; Choice (2141.0, 1356.0, 433.0, 193.0, 1347.0, 1905.0, 2121.0) 
Voter 35: ID 214; Choice (1211.0, 1356.0, 192.0, 1889.0, 1347.0, 1905.0, 191.0) 
Voter 36: ID 724; Choice (2141.0, 433.0, 1889.0, 193.0, 1347.0, 1905.0, 2121.0, 191.0) 
Voter 37: ID 365; Choice (1211.0, 2141.0, 2183.0, 192.0, 193.0, 2092.0, 191.0) 
Voter 38: ID 571; Choice (1211.0, 1356.0, 2183.0, 192.0, 1889.0, 193.0, 1347.0, 1905.0) 
Voter 39: ID 501; Choice (2141.0, 1356.0, 2183.0, 433.0, 1889.0, 193.0, 2121.0, 191.0) 
Voter 40: ID 109; Choice (1211.0, 2183.0, 192.0, 193.0, 1905.0, 2121.0, 191.0) 
Voter 41: ID 387; Choice (2141.0, 1356.0, 2183.0, 433.0, 192.0, 1889.0, 193.0, 1347.0, 1905.0, 2092.0, 191.0) 
Voter 42: ID 48; Choice (1211.0, 1356.0, 2183.0, 192.0, 193.0, 2121.0) 
Voter 43: ID 417; Choice (1211.0, 1356.0, 2183.0, 1889.0, 193.0, 1347.0, 1905.0, 2092.0) 
Voter 44: ID 459; Choice (1211.0, 2141.0, 2183.0, 1889.0, 193.0, 1347.0) 
Voter 45: ID 38; Choice (2141.0, 2183.0, 433.0, 192.0, 193.0, 1347.0, 1905.0, 2092.0, 2121.0) 
Voter 46: ID 162; Choice (2141.0, 2183.0, 433.0, 192.0, 193.0, 1347.0, 1905.0, 2121.0, 191.0) 
Voter 47: ID 525; Choice (2141.0, 1356.0, 2183.0, 433.0, 192.0, 1905.0, 2121.0, 191.0) 
Voter 48: ID 692; Choice (2141.0, 1356.0, 2183.0, 433.0, 192.0, 193.0, 2092.0, 2121.0) 
Voter 49: ID 93; Choice (1211.0, 2183.0, 193.0, 1347.0, 2092.0, 2121.0) 
Voter 50: ID 50; Choice (2141.0, 1356.0, 433.0, 193.0, 1347.0, 1905.0, 2121.0) 
---------------------------------------------------------------------------
---------------------------------------------------------------------------
{(1356.0, 2183.0, 192.0, 1889.0, 193.0, 1905.0, 2092.0, 191.0, 1347.0): 0.22364029753939524, (1356.0, 2183.0, 192.0, 1889.0, 193.0, 1905.0, 2092.0, 191.0): 0, (1211.0, 2141.0, 1356.0, 2183.0, 192.0, 193.0): 0, (2141.0, 1356.0, 2183.0, 433.0, 192.0, 1889.0, 193.0, 1347.0, 1905.0, 2092.0, 191.0): 0, (2141.0, 1356.0, 2183.0, 192.0, 1889.0, 193.0, 1347.0, 1905.0, 2092.0, 2121.0, 191.0): 0, (1356.0, 2183.0, 433.0, 192.0, 1889.0, 193.0, 1347.0, 1905.0, 2092.0, 2121.0, 191.0): 0, (1211.0, 1356.0, 2183.0, 192.0, 1889.0, 193.0, 1905.0, 2092.0, 191.0): 0, (1211.0, 2183.0, 192.0, 1889.0, 193.0, 1347.0, 1905.0, 2092.0, 191.0): 0, (2141.0, 2183.0, 433.0, 192.0, 1889.0, 193.0, 1347.0, 1905.0, 2121.0): 0.09873053442185867, (2141.0, 2183.0, 433.0, 192.0, 1889.0, 193.0, 1347.0, 2092.0, 2121.0): 0, (2141.0, 2183.0, 433.0, 192.0, 1889.0, 193.0, 1347.0, 2121.0, 191.0): 0, (2141.0, 2183.0, 433.0, 192.0, 1889.0, 193.0, 1905.0, 2092.0, 2121.0): 0, (2141.0, 2183.0, 433.0, 192.0, 1889.0, 193.0, 1905.0, 2121.0, 191.0): 0, (2141.0, 2183.0, 433.0, 192.0, 1889.0, 193.0, 2092.0, 2121.0, 191.0): 0, (2141.0, 2183.0, 433.0, 192.0, 1889.0, 1905.0, 2092.0, 2121.0, 191.0): 0, (2141.0, 2183.0, 433.0, 192.0, 193.0, 1347.0, 1905.0, 2092.0, 2121.0): 0, (2141.0, 2183.0, 433.0, 192.0, 193.0, 1347.0, 1905.0, 2121.0, 191.0): 0, (2141.0, 2183.0, 433.0, 192.0, 193.0, 1347.0, 2092.0, 2121.0, 191.0): 0, (2141.0, 2183.0, 433.0, 192.0, 193.0, 1905.0, 2092.0, 2121.0, 191.0): 0, (2141.0, 2183.0, 433.0, 1889.0, 193.0, 1905.0, 2092.0, 2121.0, 191.0): 0, (2141.0, 433.0, 192.0, 1889.0, 193.0, 1905.0, 2092.0, 2121.0, 191.0): 0, (1211.0, 1356.0, 2183.0, 192.0, 1889.0, 193.0, 1347.0, 1905.0): 0, (1211.0, 1356.0, 2183.0, 192.0, 1889.0, 193.0, 1347.0, 2092.0): 0, (1211.0, 1356.0, 2183.0, 192.0, 1889.0, 193.0, 1347.0, 191.0): 0, (1211.0, 1356.0, 2183.0, 192.0, 193.0, 1347.0, 1905.0, 2092.0): 0, (1211.0, 1356.0, 2183.0, 192.0, 193.0, 1347.0, 1905.0, 191.0): 0, (1211.0, 1356.0, 2183.0, 192.0, 193.0, 1347.0, 2092.0, 191.0): 0, (1211.0, 1356.0, 2183.0, 1889.0, 193.0, 1347.0, 1905.0, 2092.0): 0, (1211.0, 1356.0, 2183.0, 1889.0, 193.0, 1347.0, 1905.0, 191.0): 0, (1211.0, 1356.0, 2183.0, 1889.0, 193.0, 1347.0, 2092.0, 191.0): 0, (1211.0, 1356.0, 2183.0, 193.0, 1347.0, 1905.0, 2092.0, 191.0): 0.12560822210338035, (2141.0, 1356.0, 2183.0, 433.0, 192.0, 1889.0, 193.0, 2121.0): 0.10048097526319469, (2141.0, 1356.0, 2183.0, 433.0, 192.0, 1889.0, 1905.0, 2121.0): 0, (2141.0, 1356.0, 2183.0, 433.0, 192.0, 1889.0, 2121.0, 191.0): 0, (2141.0, 1356.0, 2183.0, 433.0, 192.0, 193.0, 1347.0, 2121.0): 0, (2141.0, 1356.0, 2183.0, 433.0, 192.0, 193.0, 1905.0, 2121.0): 0, (2141.0, 1356.0, 2183.0, 433.0, 192.0, 193.0, 2092.0, 2121.0): 0, (2141.0, 1356.0, 2183.0, 433.0, 192.0, 193.0, 2121.0, 191.0): 0, (2141.0, 1356.0, 2183.0, 433.0, 192.0, 1905.0, 2092.0, 2121.0): 0, (2141.0, 1356.0, 2183.0, 433.0, 192.0, 1905.0, 2121.0, 191.0): 0, (2141.0, 1356.0, 2183.0, 433.0, 1889.0, 193.0, 1905.0, 2121.0): 0, (2141.0, 1356.0, 2183.0, 433.0, 1889.0, 193.0, 2092.0, 2121.0): 0, (2141.0, 1356.0, 2183.0, 433.0, 1889.0, 193.0, 2121.0, 191.0): 0, (2141.0, 1356.0, 2183.0, 433.0, 193.0, 1905.0, 2092.0, 2121.0): 0.08367245884944219, (2141.0, 1356.0, 2183.0, 433.0, 193.0, 1905.0, 2121.0, 191.0): 0, (2141.0, 1356.0, 2183.0, 433.0, 193.0, 2092.0, 2121.0, 191.0): 0, (2141.0, 1356.0, 433.0, 192.0, 1889.0, 193.0, 1905.0, 2121.0): 0, (2141.0, 1356.0, 433.0, 192.0, 193.0, 1905.0, 2092.0, 2121.0): 0, (2141.0, 1356.0, 433.0, 192.0, 193.0, 1905.0, 2121.0, 191.0): 0, (2141.0, 2183.0, 433.0, 1889.0, 1347.0, 1905.0, 2092.0, 2121.0): 0, (2141.0, 2183.0, 433.0, 1889.0, 1347.0, 1905.0, 2121.0, 191.0): 0, (2141.0, 2183.0, 433.0, 1347.0, 1905.0, 2092.0, 2121.0, 191.0): 0, (2141.0, 433.0, 1889.0, 193.0, 1347.0, 1905.0, 2121.0, 191.0): 0, (1211.0, 2141.0, 2183.0, 192.0, 1889.0, 193.0, 1905.0): 0, (1211.0, 2141.0, 2183.0, 192.0, 1889.0, 193.0, 2092.0): 0, (1211.0, 2141.0, 2183.0, 192.0, 1889.0, 193.0, 191.0): 0, (1211.0, 2141.0, 2183.0, 192.0, 193.0, 1905.0, 2092.0): 0, (1211.0, 2141.0, 2183.0, 192.0, 193.0, 1905.0, 191.0): 0, (1211.0, 2141.0, 2183.0, 192.0, 193.0, 2092.0, 191.0): 0, (1211.0, 1356.0, 192.0, 1889.0, 1347.0, 1905.0, 2092.0): 0.0981214027065309, (1211.0, 1356.0, 192.0, 1889.0, 1347.0, 1905.0, 191.0): 0, (1211.0, 1356.0, 192.0, 1347.0, 1905.0, 2092.0, 191.0): 0, (1211.0, 2183.0, 192.0, 1889.0, 193.0, 1905.0, 2121.0): 0, (1211.0, 2183.0, 192.0, 1889.0, 193.0, 2092.0, 2121.0): 0, (1211.0, 2183.0, 192.0, 1889.0, 193.0, 2121.0, 191.0): 0, (1211.0, 2183.0, 192.0, 193.0, 1905.0, 2092.0, 2121.0): 0, (1211.0, 2183.0, 192.0, 193.0, 1905.0, 2121.0, 191.0): 0, (1211.0, 2183.0, 192.0, 193.0, 2092.0, 2121.0, 191.0): 0, (1211.0, 2183.0, 1889.0, 193.0, 1905.0, 2121.0, 191.0): 0, (2141.0, 1356.0, 2183.0, 433.0, 1347.0, 1905.0, 2121.0): 0, (2141.0, 1356.0, 433.0, 192.0, 1889.0, 2092.0, 2121.0): 0, (2141.0, 1356.0, 433.0, 192.0, 2092.0, 2121.0, 191.0): 0, (2141.0, 1356.0, 433.0, 193.0, 1347.0, 1905.0, 2121.0): 0, (2141.0, 433.0, 1889.0, 1347.0, 2092.0, 2121.0, 191.0): 0, (1211.0, 2141.0, 2183.0, 192.0, 193.0, 1347.0): 0, (1211.0, 2141.0, 2183.0, 1889.0, 193.0, 1347.0): 0, (1211.0, 2141.0, 2183.0, 1889.0, 1905.0, 191.0): 0, (1211.0, 2141.0, 2183.0, 193.0, 1347.0, 1905.0): 0, (1211.0, 2141.0, 2183.0, 193.0, 1347.0, 2092.0): 0, (1211.0, 2141.0, 2183.0, 193.0, 1347.0, 191.0): 0.05001499767579685, (1211.0, 2141.0, 1889.0, 193.0, 1905.0, 191.0): 0, (1211.0, 1356.0, 2183.0, 192.0, 193.0, 2121.0): 0, (1211.0, 1356.0, 2183.0, 193.0, 1905.0, 2121.0): 0, (1211.0, 2183.0, 192.0, 193.0, 1347.0, 2121.0): 0.04387160357667921, (1211.0, 2183.0, 192.0, 1347.0, 1905.0, 2121.0): 0, (1211.0, 2183.0, 1889.0, 193.0, 1347.0, 2121.0): 0, (1211.0, 2183.0, 1889.0, 1905.0, 2092.0, 2121.0): 0, (1211.0, 2183.0, 193.0, 1347.0, 1905.0, 2121.0): 0, (1211.0, 2183.0, 193.0, 1347.0, 2092.0, 2121.0): 0, (1211.0, 2183.0, 193.0, 1347.0, 2121.0, 191.0): 0}
After Iteration 2 :
Voter 1: ID 204; Choice (1211.0, 1356.0, 2183.0, 1889.0, 193.0, 1347.0, 1905.0, 2092.0) 
Voter 2: ID 224; Choice (1211.0, 2183.0, 192.0, 1889.0, 193.0, 1905.0, 2121.0) 
Voter 3: ID 453; Choice (1211.0, 2141.0, 1356.0, 2183.0, 192.0, 193.0) 
Voter 4: ID 611; Choice (2141.0, 2183.0, 433.0, 192.0, 193.0, 1347.0, 1905.0, 2092.0, 2121.0) 
Voter 5: ID 43; Choice (2141.0, 2183.0, 433.0, 192.0, 193.0, 1347.0, 2092.0, 2121.0, 191.0) 
Voter 6: ID 282; Choice (2141.0, 1356.0, 433.0, 192.0, 193.0, 1905.0, 2121.0, 191.0) 
Voter 7: ID 122; Choice (1211.0, 2183.0, 192.0, 1889.0, 193.0, 1347.0, 1905.0, 2092.0, 191.0) 
Voter 8: ID 258; Choice (2141.0, 1356.0, 2183.0, 433.0, 192.0, 1889.0, 1905.0, 2121.0) 
Voter 9: ID 383; Choice (2141.0, 1356.0, 2183.0, 433.0, 192.0, 1889.0, 1905.0, 2121.0) 
Voter 10: ID 427; Choice (2141.0, 1356.0, 433.0, 192.0, 193.0, 1905.0, 2121.0, 191.0) 
Voter 11: ID 279; Choice (1211.0, 2183.0, 1889.0, 193.0, 1347.0, 2121.0) 
Voter 12: ID 123; Choice (2141.0, 1356.0, 433.0, 193.0, 1347.0, 1905.0, 2121.0) 
Voter 13: ID 62; Choice (2141.0, 2183.0, 433.0, 192.0, 1889.0, 193.0, 1347.0, 2121.0, 191.0) 
Voter 14: ID 274; Choice (1211.0, 2183.0, 192.0, 1889.0, 193.0, 1347.0, 1905.0, 2092.0, 191.0) 
Voter 15: ID 341; Choice (2141.0, 2183.0, 433.0, 1889.0, 1347.0, 1905.0, 2092.0, 2121.0) 
Voter 16: ID 323; Choice (2141.0, 1356.0, 433.0, 192.0, 1889.0, 2092.0, 2121.0) 
Voter 17: ID 682; Choice (2141.0, 2183.0, 433.0, 192.0, 193.0, 1347.0, 2092.0, 2121.0, 191.0) 
Voter 18: ID 155; Choice (1211.0, 1356.0, 2183.0, 192.0, 193.0, 1347.0, 1905.0, 191.0) 
Voter 19: ID 597; Choice (1211.0, 2183.0, 192.0, 193.0, 1905.0, 2121.0, 191.0) 
Voter 20: ID 723; Choice (1211.0, 2141.0, 2183.0, 192.0, 193.0, 2092.0, 191.0) 
Voter 21: ID 92; Choice (1211.0, 2183.0, 192.0, 1889.0, 193.0, 2121.0, 191.0) 
Voter 22: ID 538; Choice (2141.0, 2183.0, 433.0, 192.0, 1889.0, 193.0, 1905.0, 2092.0, 2121.0) 
Voter 23: ID 509; Choice (2141.0, 2183.0, 433.0, 1347.0, 1905.0, 2092.0, 2121.0, 191.0) 
Voter 24: ID 129; Choice (2141.0, 1356.0, 433.0, 192.0, 1889.0, 2092.0, 2121.0) 
Voter 25: ID 629; Choice (1211.0, 1356.0, 2183.0, 192.0, 193.0, 1347.0, 1905.0, 191.0) 
Voter 26: ID 151; Choice (1211.0, 1356.0, 2183.0, 1889.0, 193.0, 1347.0, 1905.0, 191.0) 
Voter 27: ID 76; Choice (1211.0, 2183.0, 193.0, 1347.0, 2092.0, 2121.0) 
Voter 28: ID 212; Choice (2141.0, 1356.0, 2183.0, 433.0, 192.0, 193.0, 1347.0, 2121.0) 
Voter 29: ID 230; Choice (2141.0, 1356.0, 2183.0, 433.0, 192.0, 193.0, 1347.0, 2121.0) 
Voter 30: ID 693; Choice (2141.0, 2183.0, 433.0, 192.0, 1889.0, 193.0, 1347.0, 1905.0, 2121.0) 
Voter 31: ID 463; Choice (2141.0, 2183.0, 433.0, 192.0, 1889.0, 193.0, 2092.0, 2121.0, 191.0) 
Voter 32: ID 680; Choice (1211.0, 1356.0, 2183.0, 192.0, 1889.0, 193.0, 1905.0, 2092.0, 191.0) 
Voter 33: ID 396; Choice (2141.0, 2183.0, 433.0, 192.0, 1889.0, 1905.0, 2092.0, 2121.0, 191.0) 
Voter 34: ID 689; Choice (1211.0, 1356.0, 2183.0, 1889.0, 193.0, 1347.0, 1905.0, 2092.0) 
Voter 35: ID 214; Choice (2141.0, 1356.0, 433.0, 192.0, 2092.0, 2121.0, 191.0) 
Voter 36: ID 724; Choice (1211.0, 2183.0, 192.0, 1889.0, 193.0, 1905.0, 2121.0) 
Voter 37: ID 365; Choice (1211.0, 1356.0, 2183.0, 192.0, 193.0, 1347.0, 2092.0, 191.0) 
Voter 38: ID 571; Choice (1211.0, 1356.0, 2183.0, 193.0, 1905.0, 2121.0) 
Voter 39: ID 501; Choice (2141.0, 1356.0, 2183.0, 433.0, 1889.0, 193.0, 2121.0, 191.0) 
Voter 40: ID 109; Choice (2141.0, 1356.0, 2183.0, 433.0, 1889.0, 193.0, 2121.0, 191.0) 
Voter 41: ID 387; Choice (2141.0, 433.0, 192.0, 1889.0, 193.0, 1905.0, 2092.0, 2121.0, 191.0) 
Voter 42: ID 48; Choice (1211.0, 1356.0, 2183.0, 192.0, 193.0, 2121.0) 
Voter 43: ID 417; Choice (2141.0, 2183.0, 433.0, 192.0, 193.0, 1905.0, 2092.0, 2121.0, 191.0) 
Voter 44: ID 459; Choice (1211.0, 2183.0, 192.0, 1889.0, 193.0, 1905.0, 2121.0) 
Voter 45: ID 38; Choice (1211.0, 1356.0, 2183.0, 192.0, 1889.0, 193.0, 1347.0, 1905.0) 
Voter 46: ID 162; Choice (1211.0, 1356.0, 2183.0, 193.0, 1347.0, 1905.0, 2092.0, 191.0) 
Voter 47: ID 525; Choice (2141.0, 1356.0, 2183.0, 433.0, 1889.0, 193.0, 2092.0, 2121.0) 
Voter 48: ID 692; Choice (2141.0, 2183.0, 433.0, 1889.0, 1347.0, 1905.0, 2092.0, 2121.0) 
Voter 49: ID 93; Choice (2141.0, 1356.0, 2183.0, 433.0, 192.0, 1889.0, 2121.0, 191.0) 
Voter 50: ID 50; Choice (1211.0, 2141.0, 1356.0, 2183.0, 192.0, 193.0) 
---------------------------------------------------------------------------
After Iteration 3 :
Voter 1: ID 204; Choice (1211.0, 1356.0, 2183.0, 193.0, 1347.0, 1905.0, 2092.0, 191.0) 
Voter 2: ID 224; Choice (1211.0, 2141.0, 2183.0, 192.0, 193.0, 1905.0, 2092.0) 
Voter 3: ID 453; Choice (1211.0, 2183.0, 192.0, 193.0, 1905.0, 2121.0, 191.0) 
Voter 4: ID 611; Choice (2141.0, 433.0, 1889.0, 1347.0, 2092.0, 2121.0, 191.0) 
Voter 5: ID 43; Choice (2141.0, 1356.0, 2183.0, 433.0, 192.0, 1889.0, 1905.0, 2121.0) 
Voter 6: ID 282; Choice (2141.0, 1356.0, 433.0, 192.0, 2092.0, 2121.0, 191.0) 
Voter 7: ID 122; Choice (2141.0, 1356.0, 2183.0, 433.0, 192.0, 1889.0, 2121.0, 191.0) 
Voter 8: ID 258; Choice (1211.0, 2141.0, 1356.0, 2183.0, 192.0, 193.0) 
Voter 9: ID 383; Choice (1211.0, 1356.0, 2183.0, 1889.0, 193.0, 1347.0, 1905.0, 191.0) 
Voter 10: ID 427; Choice (1211.0, 2141.0, 2183.0, 192.0, 193.0, 2092.0, 191.0) 
Voter 11: ID 279; Choice (1211.0, 2183.0, 192.0, 193.0, 2092.0, 2121.0, 191.0) 
Voter 12: ID 123; Choice (1211.0, 2183.0, 192.0, 193.0, 1905.0, 2092.0, 2121.0) 
Voter 13: ID 62; Choice (1211.0, 2183.0, 1889.0, 193.0, 1347.0, 2121.0) 
Voter 14: ID 274; Choice (2141.0, 2183.0, 433.0, 1889.0, 193.0, 1905.0, 2092.0, 2121.0, 191.0) 
Voter 15: ID 341; Choice (1211.0, 2183.0, 192.0, 193.0, 1347.0, 2121.0) 
Voter 16: ID 323; Choice (1211.0, 1356.0, 2183.0, 192.0, 193.0, 1347.0, 1905.0, 2092.0) 
Voter 17: ID 682; Choice (2141.0, 1356.0, 2183.0, 433.0, 1347.0, 1905.0, 2121.0) 
Voter 18: ID 155; Choice (1211.0, 2183.0, 1889.0, 1905.0, 2092.0, 2121.0) 
Voter 19: ID 597; Choice (2141.0, 1356.0, 2183.0, 433.0, 192.0, 193.0, 1347.0, 2121.0) 
Voter 20: ID 723; Choice (1211.0, 1356.0, 2183.0, 192.0, 193.0, 2121.0) 
Voter 21: ID 92; Choice (2141.0, 1356.0, 433.0, 192.0, 1889.0, 2092.0, 2121.0) 
Voter 22: ID 538; Choice (2141.0, 433.0, 1889.0, 1347.0, 2092.0, 2121.0, 191.0) 
Voter 23: ID 509; Choice (2141.0, 2183.0, 433.0, 1889.0, 1347.0, 1905.0, 2121.0, 191.0) 
Voter 24: ID 129; Choice (2141.0, 1356.0, 433.0, 193.0, 1347.0, 1905.0, 2121.0) 
Voter 25: ID 629; Choice (1211.0, 2183.0, 1889.0, 1905.0, 2092.0, 2121.0) 
Voter 26: ID 151; Choice (1356.0, 2183.0, 192.0, 1889.0, 193.0, 1905.0, 2092.0, 191.0) 
Voter 27: ID 76; Choice (1211.0, 2183.0, 192.0, 1889.0, 193.0, 2092.0, 2121.0) 
Voter 28: ID 212; Choice (1211.0, 2183.0, 192.0, 1889.0, 193.0, 2092.0, 2121.0) 
Voter 29: ID 230; Choice (2141.0, 2183.0, 433.0, 192.0, 1889.0, 193.0, 2092.0, 2121.0, 191.0) 
Voter 30: ID 693; Choice (2141.0, 2183.0, 433.0, 192.0, 1889.0, 193.0, 1347.0, 2121.0, 191.0) 
Voter 31: ID 463; Choice (2141.0, 2183.0, 433.0, 1889.0, 1347.0, 1905.0, 2121.0, 191.0) 
Voter 32: ID 680; Choice (2141.0, 2183.0, 433.0, 192.0, 193.0, 1347.0, 1905.0, 2092.0, 2121.0) 
Voter 33: ID 396; Choice (1211.0, 2183.0, 192.0, 1889.0, 193.0, 1905.0, 2121.0) 
Voter 34: ID 689; Choice (1211.0, 2141.0, 2183.0, 192.0, 1889.0, 193.0, 1905.0) 
Voter 35: ID 214; Choice (1211.0, 2141.0, 2183.0, 192.0, 1889.0, 193.0, 1905.0) 
Voter 36: ID 724; Choice (2141.0, 1356.0, 433.0, 193.0, 1347.0, 1905.0, 2121.0) 
Voter 37: ID 365; Choice (2141.0, 2183.0, 433.0, 192.0, 193.0, 1347.0, 2092.0, 2121.0, 191.0) 
Voter 38: ID 571; Choice (2141.0, 1356.0, 2183.0, 433.0, 1347.0, 1905.0, 2121.0) 
Voter 39: ID 501; Choice (1211.0, 1356.0, 2183.0, 192.0, 193.0, 1347.0, 2092.0, 191.0) 
Voter 40: ID 109; Choice (1211.0, 1356.0, 2183.0, 192.0, 1889.0, 193.0, 1905.0, 2092.0, 191.0) 
Voter 41: ID 387; Choice (1211.0, 1356.0, 2183.0, 1889.0, 193.0, 1347.0, 1905.0, 2092.0) 
Voter 42: ID 48; Choice (2141.0, 2183.0, 433.0, 192.0, 1889.0, 193.0, 1347.0, 1905.0, 2121.0) 
Voter 43: ID 417; Choice (2141.0, 2183.0, 433.0, 192.0, 193.0, 1347.0, 1905.0, 2092.0, 2121.0) 
Voter 44: ID 459; Choice (1211.0, 1356.0, 192.0, 1889.0, 1347.0, 1905.0, 2092.0) 
Voter 45: ID 38; Choice (1211.0, 1356.0, 2183.0, 193.0, 1347.0, 1905.0, 2092.0, 191.0) 
Voter 46: ID 162; Choice (2141.0, 1356.0, 2183.0, 433.0, 193.0, 2092.0, 2121.0, 191.0) 
Voter 47: ID 525; Choice (2141.0, 1356.0, 2183.0, 433.0, 1889.0, 193.0, 2092.0, 2121.0) 
Voter 48: ID 692; Choice (2141.0, 2183.0, 433.0, 1347.0, 1905.0, 2092.0, 2121.0, 191.0) 
Voter 49: ID 93; Choice (1211.0, 2183.0, 193.0, 1347.0, 2121.0, 191.0) 
Voter 50: ID 50; Choice (2141.0, 1356.0, 2183.0, 433.0, 192.0, 1889.0, 193.0, 1347.0, 1905.0, 2092.0, 191.0) 
---------------------------------------------------------------------------
After Iteration 4 :
Voter 1: ID 204; Choice (1356.0, 2183.0, 192.0, 1889.0, 193.0, 1905.0, 2092.0, 191.0, 1347.0) 
Voter 2: ID 224; Choice (1356.0, 2183.0, 192.0, 1889.0, 193.0, 1905.0, 2092.0, 191.0, 1347.0) 
Voter 3: ID 453; Choice (1356.0, 2183.0, 192.0, 1889.0, 193.0, 1905.0, 2092.0, 191.0, 1347.0) 
Voter 4: ID 611; Choice (1356.0, 2183.0, 192.0, 1889.0, 193.0, 1905.0, 2092.0, 191.0) 
Voter 5: ID 43; Choice (2141.0, 1356.0, 2183.0, 433.0, 192.0, 1889.0, 193.0, 1347.0, 1905.0, 2092.0, 191.0) 
Voter 6: ID 282; Choice (1356.0, 2183.0, 192.0, 1889.0, 193.0, 1905.0, 2092.0, 191.0) 
Voter 7: ID 122; Choice (1356.0, 2183.0, 192.0, 1889.0, 193.0, 1905.0, 2092.0, 191.0, 1347.0) 
Voter 8: ID 258; Choice (1356.0, 2183.0, 192.0, 1889.0, 193.0, 1905.0, 2092.0, 191.0, 1347.0) 
Voter 9: ID 383; Choice (1356.0, 2183.0, 192.0, 1889.0, 193.0, 1905.0, 2092.0, 191.0, 1347.0) 
Voter 10: ID 427; Choice (1356.0, 2183.0, 192.0, 1889.0, 193.0, 1905.0, 2092.0, 191.0, 1347.0) 
Voter 11: ID 279; Choice (2141.0, 1356.0, 2183.0, 192.0, 1889.0, 193.0, 1347.0, 1905.0, 2092.0, 2121.0, 191.0) 
Voter 12: ID 123; Choice (2141.0, 1356.0, 2183.0, 433.0, 192.0, 1889.0, 193.0, 1347.0, 1905.0, 2092.0, 191.0) 
Voter 13: ID 62; Choice (1356.0, 2183.0, 192.0, 1889.0, 193.0, 1905.0, 2092.0, 191.0, 1347.0) 
Voter 14: ID 274; Choice (1356.0, 2183.0, 192.0, 1889.0, 193.0, 1905.0, 2092.0, 191.0, 1347.0) 
Voter 15: ID 341; Choice (2141.0, 1356.0, 2183.0, 433.0, 192.0, 1889.0, 193.0, 1347.0, 1905.0, 2092.0, 191.0) 
Voter 16: ID 323; Choice (1356.0, 2183.0, 192.0, 1889.0, 193.0, 1905.0, 2092.0, 191.0, 1347.0) 
Voter 17: ID 682; Choice (1356.0, 2183.0, 192.0, 1889.0, 193.0, 1905.0, 2092.0, 191.0, 1347.0) 
Voter 18: ID 155; Choice (1356.0, 2183.0, 192.0, 1889.0, 193.0, 1905.0, 2092.0, 191.0, 1347.0) 
Voter 19: ID 597; Choice (1356.0, 2183.0, 192.0, 1889.0, 193.0, 1905.0, 2092.0, 191.0, 1347.0) 
Voter 20: ID 723; Choice (1356.0, 2183.0, 192.0, 1889.0, 193.0, 1905.0, 2092.0, 191.0, 1347.0) 
Voter 21: ID 92; Choice (2141.0, 1356.0, 2183.0, 433.0, 192.0, 1889.0, 193.0, 1347.0, 1905.0, 2092.0, 191.0) 
Voter 22: ID 538; Choice (2141.0, 1356.0, 2183.0, 192.0, 1889.0, 193.0, 1347.0, 1905.0, 2092.0, 2121.0, 191.0) 
Voter 23: ID 509; Choice (1356.0, 2183.0, 192.0, 1889.0, 193.0, 1905.0, 2092.0, 191.0, 1347.0) 
Voter 24: ID 129; Choice (1356.0, 2183.0, 192.0, 1889.0, 193.0, 1905.0, 2092.0, 191.0, 1347.0) 
Voter 25: ID 629; Choice (1356.0, 2183.0, 192.0, 1889.0, 193.0, 1905.0, 2092.0, 191.0, 1347.0) 
Voter 26: ID 151; Choice (1356.0, 2183.0, 192.0, 1889.0, 193.0, 1905.0, 2092.0, 191.0, 1347.0) 
Voter 27: ID 76; Choice (1356.0, 2183.0, 192.0, 1889.0, 193.0, 1905.0, 2092.0, 191.0, 1347.0) 
Voter 28: ID 212; Choice (1356.0, 2183.0, 192.0, 1889.0, 193.0, 1905.0, 2092.0, 191.0, 1347.0) 
Voter 29: ID 230; Choice (1356.0, 2183.0, 192.0, 1889.0, 193.0, 1905.0, 2092.0, 191.0, 1347.0) 
Voter 30: ID 693; Choice (1356.0, 2183.0, 192.0, 1889.0, 193.0, 1905.0, 2092.0, 191.0, 1347.0) 
Voter 31: ID 463; Choice (2141.0, 1356.0, 2183.0, 433.0, 192.0, 1889.0, 193.0, 1347.0, 1905.0, 2092.0, 191.0) 
Voter 32: ID 680; Choice (1356.0, 2183.0, 192.0, 1889.0, 193.0, 1905.0, 2092.0, 191.0, 1347.0) 
Voter 33: ID 396; Choice (1356.0, 2183.0, 192.0, 1889.0, 193.0, 1905.0, 2092.0, 191.0, 1347.0) 
Voter 34: ID 689; Choice (1211.0, 1356.0, 2183.0, 1889.0, 193.0, 1347.0, 1905.0, 2092.0) 
Voter 35: ID 214; Choice (1211.0, 1356.0, 2183.0, 192.0, 1889.0, 193.0, 1347.0, 191.0) 
Voter 36: ID 724; Choice (1356.0, 2183.0, 192.0, 1889.0, 193.0, 1905.0, 2092.0, 191.0, 1347.0) 
Voter 37: ID 365; Choice (1211.0, 1356.0, 2183.0, 192.0, 193.0, 1347.0, 2092.0, 191.0) 
Voter 38: ID 571; Choice (1356.0, 2183.0, 192.0, 1889.0, 193.0, 1905.0, 2092.0, 191.0, 1347.0) 
Voter 39: ID 501; Choice (2141.0, 1356.0, 2183.0, 433.0, 192.0, 1889.0, 193.0, 1347.0, 1905.0, 2092.0, 191.0) 
Voter 40: ID 109; Choice (1356.0, 2183.0, 192.0, 1889.0, 193.0, 1905.0, 2092.0, 191.0, 1347.0) 
Voter 41: ID 387; Choice (1356.0, 2183.0, 192.0, 1889.0, 193.0, 1905.0, 2092.0, 191.0, 1347.0) 
Voter 42: ID 48; Choice (1356.0, 2183.0, 192.0, 1889.0, 193.0, 1905.0, 2092.0, 191.0) 
Voter 43: ID 417; Choice (2141.0, 1356.0, 2183.0, 433.0, 192.0, 1889.0, 193.0, 1347.0, 1905.0, 2092.0, 191.0) 
Voter 44: ID 459; Choice (1356.0, 2183.0, 192.0, 1889.0, 193.0, 1905.0, 2092.0, 191.0, 1347.0) 
Voter 45: ID 38; Choice (1211.0, 1356.0, 2183.0, 192.0, 1889.0, 193.0, 1347.0, 191.0) 
Voter 46: ID 162; Choice (1211.0, 1356.0, 2183.0, 193.0, 1347.0, 1905.0, 2092.0, 191.0) 
Voter 47: ID 525; Choice (2141.0, 1356.0, 2183.0, 192.0, 1889.0, 193.0, 1347.0, 1905.0, 2092.0, 2121.0, 191.0) 
Voter 48: ID 692; Choice (1356.0, 2183.0, 192.0, 1889.0, 193.0, 1905.0, 2092.0, 191.0, 1347.0) 
Voter 49: ID 93; Choice (1356.0, 2183.0, 192.0, 1889.0, 193.0, 1905.0, 2092.0, 191.0) 
Voter 50: ID 50; Choice (1356.0, 2183.0, 192.0, 1889.0, 193.0, 1905.0, 2092.0, 191.0, 1347.0) 
---------------------------------------------------------------------------
After Iteration 5 :
Voter 1: ID 204; Choice (1356.0, 2183.0, 192.0, 1889.0, 193.0, 1905.0, 2092.0, 191.0, 1347.0) 
Voter 2: ID 224; Choice (2141.0, 2183.0, 433.0, 192.0, 193.0, 1347.0, 1905.0, 2121.0, 191.0) 
Voter 3: ID 453; Choice (1356.0, 2183.0, 192.0, 1889.0, 193.0, 1905.0, 2092.0, 191.0, 1347.0) 
Voter 4: ID 611; Choice (1356.0, 2183.0, 192.0, 1889.0, 193.0, 1905.0, 2092.0, 191.0, 1347.0) 
Voter 5: ID 43; Choice (2141.0, 1356.0, 2183.0, 433.0, 192.0, 1889.0, 193.0, 1347.0, 1905.0, 2092.0, 191.0) 
Voter 6: ID 282; Choice (1356.0, 2183.0, 192.0, 1889.0, 193.0, 1905.0, 2092.0, 191.0) 
Voter 7: ID 122; Choice (2141.0, 1356.0, 2183.0, 433.0, 192.0, 1889.0, 193.0, 1347.0, 1905.0, 2092.0, 191.0) 
Voter 8: ID 258; Choice (2141.0, 1356.0, 2183.0, 433.0, 192.0, 1889.0, 193.0, 1347.0, 1905.0, 2092.0, 191.0) 
Voter 9: ID 383; Choice (1356.0, 2183.0, 192.0, 1889.0, 193.0, 1905.0, 2092.0, 191.0, 1347.0) 
Voter 10: ID 427; Choice (1356.0, 2183.0, 192.0, 1889.0, 193.0, 1905.0, 2092.0, 191.0, 1347.0) 
Voter 11: ID 279; Choice (2141.0, 1356.0, 2183.0, 433.0, 192.0, 1889.0, 193.0, 1347.0, 1905.0, 2092.0, 191.0) 
Voter 12: ID 123; Choice (1356.0, 2183.0, 192.0, 1889.0, 193.0, 1905.0, 2092.0, 191.0, 1347.0) 
Voter 13: ID 62; Choice (1356.0, 2183.0, 192.0, 1889.0, 193.0, 1905.0, 2092.0, 191.0, 1347.0) 
Voter 14: ID 274; Choice (1356.0, 2183.0, 192.0, 1889.0, 193.0, 1905.0, 2092.0, 191.0, 1347.0) 
Voter 15: ID 341; Choice (2141.0, 1356.0, 2183.0, 433.0, 192.0, 1889.0, 193.0, 1347.0, 1905.0, 2092.0, 191.0) 
Voter 16: ID 323; Choice (1356.0, 2183.0, 192.0, 1889.0, 193.0, 1905.0, 2092.0, 191.0, 1347.0) 
Voter 17: ID 682; Choice (2141.0, 1356.0, 2183.0, 433.0, 192.0, 1889.0, 193.0, 1347.0, 1905.0, 2092.0, 191.0) 
Voter 18: ID 155; Choice (1356.0, 2183.0, 192.0, 1889.0, 193.0, 1905.0, 2092.0, 191.0, 1347.0) 
Voter 19: ID 597; Choice (1356.0, 2183.0, 192.0, 1889.0, 193.0, 1905.0, 2092.0, 191.0, 1347.0) 
Voter 20: ID 723; Choice (2141.0, 1356.0, 2183.0, 433.0, 192.0, 1889.0, 193.0, 1347.0, 1905.0, 2092.0, 191.0) 
Voter 21: ID 92; Choice (2141.0, 1356.0, 2183.0, 433.0, 192.0, 1889.0, 193.0, 1347.0, 1905.0, 2092.0, 191.0) 
Voter 22: ID 538; Choice (1356.0, 2183.0, 192.0, 1889.0, 193.0, 1905.0, 2092.0, 191.0, 1347.0) 
Voter 23: ID 509; Choice (1356.0, 2183.0, 192.0, 1889.0, 193.0, 1905.0, 2092.0, 191.0, 1347.0) 
Voter 24: ID 129; Choice (2141.0, 1356.0, 2183.0, 433.0, 192.0, 1889.0, 193.0, 1347.0, 1905.0, 2092.0, 191.0) 
Voter 25: ID 629; Choice (1356.0, 2183.0, 192.0, 1889.0, 193.0, 1905.0, 2092.0, 191.0, 1347.0) 
Voter 26: ID 151; Choice (1356.0, 2183.0, 192.0, 1889.0, 193.0, 1905.0, 2092.0, 191.0, 1347.0) 
Voter 27: ID 76; Choice (2141.0, 1356.0, 433.0, 192.0, 1889.0, 2092.0, 2121.0) 
Voter 28: ID 212; Choice (1356.0, 2183.0, 192.0, 1889.0, 193.0, 1905.0, 2092.0, 191.0, 1347.0) 
Voter 29: ID 230; Choice (1356.0, 2183.0, 192.0, 1889.0, 193.0, 1905.0, 2092.0, 191.0, 1347.0) 
Voter 30: ID 693; Choice (1356.0, 2183.0, 192.0, 1889.0, 193.0, 1905.0, 2092.0, 191.0, 1347.0) 
Voter 31: ID 463; Choice (2141.0, 1356.0, 2183.0, 433.0, 192.0, 1889.0, 193.0, 1347.0, 1905.0, 2092.0, 191.0) 
Voter 32: ID 680; Choice (1356.0, 2183.0, 192.0, 1889.0, 193.0, 1905.0, 2092.0, 191.0, 1347.0) 
Voter 33: ID 396; Choice (1356.0, 2183.0, 192.0, 1889.0, 193.0, 1905.0, 2092.0, 191.0, 1347.0) 
Voter 34: ID 689; Choice (1211.0, 1356.0, 2183.0, 1889.0, 193.0, 1347.0, 1905.0, 2092.0) 
Voter 35: ID 214; Choice (1356.0, 2183.0, 192.0, 1889.0, 193.0, 1905.0, 2092.0, 191.0, 1347.0) 
Voter 36: ID 724; Choice (1356.0, 2183.0, 192.0, 1889.0, 193.0, 1905.0, 2092.0, 191.0, 1347.0) 
Voter 37: ID 365; Choice (2141.0, 1356.0, 2183.0, 433.0, 192.0, 1889.0, 193.0, 1347.0, 1905.0, 2092.0, 191.0) 
Voter 38: ID 571; Choice (1356.0, 2183.0, 192.0, 1889.0, 193.0, 1905.0, 2092.0, 191.0, 1347.0) 
Voter 39: ID 501; Choice (2141.0, 1356.0, 2183.0, 433.0, 192.0, 1889.0, 193.0, 1347.0, 1905.0, 2092.0, 191.0) 
Voter 40: ID 109; Choice (1356.0, 2183.0, 192.0, 1889.0, 193.0, 1905.0, 2092.0, 191.0, 1347.0) 
Voter 41: ID 387; Choice (1356.0, 2183.0, 192.0, 1889.0, 193.0, 1905.0, 2092.0, 191.0, 1347.0) 
Voter 42: ID 48; Choice (2141.0, 1356.0, 2183.0, 433.0, 192.0, 1889.0, 193.0, 1347.0, 1905.0, 2092.0, 191.0) 
Voter 43: ID 417; Choice (1356.0, 2183.0, 192.0, 1889.0, 193.0, 1905.0, 2092.0, 191.0, 1347.0) 
Voter 44: ID 459; Choice (1356.0, 2183.0, 192.0, 1889.0, 193.0, 1905.0, 2092.0, 191.0, 1347.0) 
Voter 45: ID 38; Choice (1356.0, 2183.0, 192.0, 1889.0, 193.0, 1905.0, 2092.0, 191.0, 1347.0) 
Voter 46: ID 162; Choice (1211.0, 1356.0, 2183.0, 193.0, 1347.0, 1905.0, 2092.0, 191.0) 
Voter 47: ID 525; Choice (1356.0, 2183.0, 192.0, 1889.0, 193.0, 1905.0, 2092.0, 191.0, 1347.0) 
Voter 48: ID 692; Choice (1356.0, 2183.0, 192.0, 1889.0, 193.0, 1905.0, 2092.0, 191.0, 1347.0) 
Voter 49: ID 93; Choice (1356.0, 2183.0, 192.0, 1889.0, 193.0, 1905.0, 2092.0, 191.0, 1347.0) 
Voter 50: ID 50; Choice (2141.0, 1356.0, 2183.0, 433.0, 192.0, 1889.0, 193.0, 1347.0, 1905.0, 2092.0, 191.0) 
---------------------------------------------------------------------------
After Iteration 6 :
Voter 1: ID 204; Choice (1356.0, 2183.0, 192.0, 1889.0, 193.0, 1905.0, 2092.0, 191.0, 1347.0) 
Voter 2: ID 224; Choice (1356.0, 2183.0, 192.0, 1889.0, 193.0, 1905.0, 2092.0, 191.0, 1347.0) 
Voter 3: ID 453; Choice (1356.0, 2183.0, 192.0, 1889.0, 193.0, 1905.0, 2092.0, 191.0, 1347.0) 
Voter 4: ID 611; Choice (1356.0, 2183.0, 192.0, 1889.0, 193.0, 1905.0, 2092.0, 191.0) 
Voter 5: ID 43; Choice (2141.0, 1356.0, 2183.0, 433.0, 192.0, 1889.0, 193.0, 1347.0, 1905.0, 2092.0, 191.0) 
Voter 6: ID 282; Choice (1356.0, 2183.0, 192.0, 1889.0, 193.0, 1905.0, 2092.0, 191.0) 
Voter 7: ID 122; Choice (1356.0, 2183.0, 192.0, 1889.0, 193.0, 1905.0, 2092.0, 191.0, 1347.0) 
Voter 8: ID 258; Choice (1356.0, 2183.0, 192.0, 1889.0, 193.0, 1905.0, 2092.0, 191.0, 1347.0) 
Voter 9: ID 383; Choice (1356.0, 2183.0, 192.0, 1889.0, 193.0, 1905.0, 2092.0, 191.0, 1347.0) 
Voter 10: ID 427; Choice (1356.0, 2183.0, 192.0, 1889.0, 193.0, 1905.0, 2092.0, 191.0, 1347.0) 
Voter 11: ID 279; Choice (2141.0, 1356.0, 2183.0, 192.0, 1889.0, 193.0, 1347.0, 1905.0, 2092.0, 2121.0, 191.0) 
Voter 12: ID 123; Choice (1356.0, 2183.0, 192.0, 1889.0, 193.0, 1905.0, 2092.0, 191.0, 1347.0) 
Voter 13: ID 62; Choice (1356.0, 2183.0, 192.0, 1889.0, 193.0, 1905.0, 2092.0, 191.0, 1347.0) 
Voter 14: ID 274; Choice (1356.0, 2183.0, 192.0, 1889.0, 193.0, 1905.0, 2092.0, 191.0, 1347.0) 
Voter 15: ID 341; Choice (2141.0, 1356.0, 2183.0, 433.0, 192.0, 1889.0, 193.0, 1347.0, 1905.0, 2092.0, 191.0) 
Voter 16: ID 323; Choice (1356.0, 2183.0, 192.0, 1889.0, 193.0, 1905.0, 2092.0, 191.0, 1347.0) 
Voter 17: ID 682; Choice (1356.0, 2183.0, 192.0, 1889.0, 193.0, 1905.0, 2092.0, 191.0, 1347.0) 
Voter 18: ID 155; Choice (1356.0, 2183.0, 192.0, 1889.0, 193.0, 1905.0, 2092.0, 191.0, 1347.0) 
Voter 19: ID 597; Choice (1356.0, 2183.0, 192.0, 1889.0, 193.0, 1905.0, 2092.0, 191.0, 1347.0) 
Voter 20: ID 723; Choice (1356.0, 2183.0, 192.0, 1889.0, 193.0, 1905.0, 2092.0, 191.0, 1347.0) 
Voter 21: ID 92; Choice (1356.0, 2183.0, 192.0, 1889.0, 193.0, 1905.0, 2092.0, 191.0, 1347.0) 
Voter 22: ID 538; Choice (2141.0, 1356.0, 2183.0, 192.0, 1889.0, 193.0, 1347.0, 1905.0, 2092.0, 2121.0, 191.0) 
Voter 23: ID 509; Choice (1356.0, 2183.0, 192.0, 1889.0, 193.0, 1905.0, 2092.0, 191.0, 1347.0) 
Voter 24: ID 129; Choice (1356.0, 2183.0, 192.0, 1889.0, 193.0, 1905.0, 2092.0, 191.0, 1347.0) 
Voter 25: ID 629; Choice (1356.0, 2183.0, 192.0, 1889.0, 193.0, 1905.0, 2092.0, 191.0, 1347.0) 
Voter 26: ID 151; Choice (1356.0, 2183.0, 192.0, 1889.0, 193.0, 1905.0, 2092.0, 191.0, 1347.0) 
Voter 27: ID 76; Choice (1356.0, 2183.0, 192.0, 1889.0, 193.0, 1905.0, 2092.0, 191.0, 1347.0) 
Voter 28: ID 212; Choice (1356.0, 2183.0, 192.0, 1889.0, 193.0, 1905.0, 2092.0, 191.0, 1347.0) 
Voter 29: ID 230; Choice (1356.0, 2183.0, 192.0, 1889.0, 193.0, 1905.0, 2092.0, 191.0, 1347.0) 
Voter 30: ID 693; Choice (1356.0, 2183.0, 192.0, 1889.0, 193.0, 1905.0, 2092.0, 191.0, 1347.0) 
Voter 31: ID 463; Choice (2141.0, 1356.0, 2183.0, 433.0, 192.0, 1889.0, 193.0, 1347.0, 1905.0, 2092.0, 191.0) 
Voter 32: ID 680; Choice (1356.0, 2183.0, 192.0, 1889.0, 193.0, 1905.0, 2092.0, 191.0, 1347.0) 
Voter 33: ID 396; Choice (1356.0, 2183.0, 192.0, 1889.0, 193.0, 1905.0, 2092.0, 191.0, 1347.0) 
Voter 34: ID 689; Choice (1211.0, 1356.0, 2183.0, 1889.0, 193.0, 1347.0, 1905.0, 2092.0) 
Voter 35: ID 214; Choice (1211.0, 1356.0, 2183.0, 192.0, 1889.0, 193.0, 1347.0, 191.0) 
Voter 36: ID 724; Choice (1356.0, 2183.0, 192.0, 1889.0, 193.0, 1905.0, 2092.0, 191.0, 1347.0) 
Voter 37: ID 365; Choice (1356.0, 2183.0, 192.0, 1889.0, 193.0, 1905.0, 2092.0, 191.0, 1347.0) 
Voter 38: ID 571; Choice (1356.0, 2183.0, 192.0, 1889.0, 193.0, 1905.0, 2092.0, 191.0, 1347.0) 
Voter 39: ID 501; Choice (2141.0, 1356.0, 2183.0, 433.0, 192.0, 1889.0, 193.0, 1347.0, 1905.0, 2092.0, 191.0) 
Voter 40: ID 109; Choice (1356.0, 2183.0, 192.0, 1889.0, 193.0, 1905.0, 2092.0, 191.0, 1347.0) 
Voter 41: ID 387; Choice (1356.0, 2183.0, 192.0, 1889.0, 193.0, 1905.0, 2092.0, 191.0, 1347.0) 
Voter 42: ID 48; Choice (1356.0, 2183.0, 192.0, 1889.0, 193.0, 1905.0, 2092.0, 191.0, 1347.0) 
Voter 43: ID 417; Choice (1356.0, 2183.0, 192.0, 1889.0, 193.0, 1905.0, 2092.0, 191.0, 1347.0) 
Voter 44: ID 459; Choice (1356.0, 2183.0, 192.0, 1889.0, 193.0, 1905.0, 2092.0, 191.0, 1347.0) 
Voter 45: ID 38; Choice (1211.0, 1356.0, 2183.0, 192.0, 1889.0, 193.0, 1347.0, 191.0) 
Voter 46: ID 162; Choice (1211.0, 1356.0, 2183.0, 193.0, 1347.0, 1905.0, 2092.0, 191.0) 
Voter 47: ID 525; Choice (2141.0, 1356.0, 2183.0, 192.0, 1889.0, 193.0, 1347.0, 1905.0, 2092.0, 2121.0, 191.0) 
Voter 48: ID 692; Choice (1356.0, 2183.0, 192.0, 1889.0, 193.0, 1905.0, 2092.0, 191.0, 1347.0) 
Voter 49: ID 93; Choice (1356.0, 2183.0, 192.0, 1889.0, 193.0, 1905.0, 2092.0, 191.0) 
Voter 50: ID 50; Choice (1356.0, 2183.0, 192.0, 1889.0, 193.0, 1905.0, 2092.0, 191.0, 1347.0) 
---------------------------------------------------------------------------
After Iteration 7 :
Voter 1: ID 204; Choice (1356.0, 2183.0, 192.0, 1889.0, 193.0, 1905.0, 2092.0, 191.0, 1347.0) 
Voter 2: ID 224; Choice (1356.0, 2183.0, 192.0, 1889.0, 193.0, 1905.0, 2092.0, 191.0, 1347.0) 
Voter 3: ID 453; Choice (1356.0, 2183.0, 192.0, 1889.0, 193.0, 1905.0, 2092.0, 191.0, 1347.0) 
Voter 4: ID 611; Choice (1356.0, 2183.0, 192.0, 1889.0, 193.0, 1905.0, 2092.0, 191.0, 1347.0) 
Voter 5: ID 43; Choice (2141.0, 1356.0, 2183.0, 433.0, 192.0, 1889.0, 193.0, 1347.0, 1905.0, 2092.0, 191.0) 
Voter 6: ID 282; Choice (1356.0, 2183.0, 192.0, 1889.0, 193.0, 1905.0, 2092.0, 191.0) 
Voter 7: ID 122; Choice (1356.0, 2183.0, 192.0, 1889.0, 193.0, 1905.0, 2092.0, 191.0, 1347.0) 
Voter 8: ID 258; Choice (2141.0, 1356.0, 2183.0, 433.0, 192.0, 1889.0, 193.0, 1347.0, 1905.0, 2092.0, 191.0) 
Voter 9: ID 383; Choice (1356.0, 2183.0, 192.0, 1889.0, 193.0, 1905.0, 2092.0, 191.0, 1347.0) 
Voter 10: ID 427; Choice (1356.0, 2183.0, 192.0, 1889.0, 193.0, 1905.0, 2092.0, 191.0, 1347.0) 
Voter 11: ID 279; Choice (2141.0, 1356.0, 2183.0, 433.0, 192.0, 1889.0, 193.0, 1347.0, 1905.0, 2092.0, 191.0) 
Voter 12: ID 123; Choice (1356.0, 2183.0, 192.0, 1889.0, 193.0, 1905.0, 2092.0, 191.0, 1347.0) 
Voter 13: ID 62; Choice (1356.0, 2183.0, 192.0, 1889.0, 193.0, 1905.0, 2092.0, 191.0, 1347.0) 
Voter 14: ID 274; Choice (1356.0, 2183.0, 192.0, 1889.0, 193.0, 1905.0, 2092.0, 191.0, 1347.0) 
Voter 15: ID 341; Choice (2141.0, 1356.0, 2183.0, 433.0, 192.0, 1889.0, 193.0, 1347.0, 1905.0, 2092.0, 191.0) 
Voter 16: ID 323; Choice (1356.0, 2183.0, 192.0, 1889.0, 193.0, 1905.0, 2092.0, 191.0, 1347.0) 
Voter 17: ID 682; Choice (2141.0, 1356.0, 2183.0, 433.0, 192.0, 1889.0, 193.0, 1347.0, 1905.0, 2092.0, 191.0) 
Voter 18: ID 155; Choice (1356.0, 2183.0, 192.0, 1889.0, 193.0, 1905.0, 2092.0, 191.0, 1347.0) 
Voter 19: ID 597; Choice (1356.0, 2183.0, 192.0, 1889.0, 193.0, 1905.0, 2092.0, 191.0, 1347.0) 
Voter 20: ID 723; Choice (1356.0, 2183.0, 192.0, 1889.0, 193.0, 1905.0, 2092.0, 191.0, 1347.0) 
Voter 21: ID 92; Choice (2141.0, 1356.0, 2183.0, 433.0, 192.0, 1889.0, 193.0, 1347.0, 1905.0, 2092.0, 191.0) 
Voter 22: ID 538; Choice (1356.0, 2183.0, 192.0, 1889.0, 193.0, 1905.0, 2092.0, 191.0, 1347.0) 
Voter 23: ID 509; Choice (1356.0, 2183.0, 192.0, 1889.0, 193.0, 1905.0, 2092.0, 191.0, 1347.0) 
Voter 24: ID 129; Choice (2141.0, 1356.0, 2183.0, 433.0, 192.0, 1889.0, 193.0, 1347.0, 1905.0, 2092.0, 191.0) 
Voter 25: ID 629; Choice (1356.0, 2183.0, 192.0, 1889.0, 193.0, 1905.0, 2092.0, 191.0, 1347.0) 
Voter 26: ID 151; Choice (1356.0, 2183.0, 192.0, 1889.0, 193.0, 1905.0, 2092.0, 191.0, 1347.0) 
Voter 27: ID 76; Choice (1356.0, 2183.0, 192.0, 1889.0, 193.0, 1905.0, 2092.0, 191.0, 1347.0) 
Voter 28: ID 212; Choice (1356.0, 2183.0, 192.0, 1889.0, 193.0, 1905.0, 2092.0, 191.0, 1347.0) 
Voter 29: ID 230; Choice (1356.0, 2183.0, 192.0, 1889.0, 193.0, 1905.0, 2092.0, 191.0, 1347.0) 
Voter 30: ID 693; Choice (1356.0, 2183.0, 192.0, 1889.0, 193.0, 1905.0, 2092.0, 191.0, 1347.0) 
Voter 31: ID 463; Choice (2141.0, 1356.0, 2183.0, 433.0, 192.0, 1889.0, 193.0, 1347.0, 1905.0, 2092.0, 191.0) 
Voter 32: ID 680; Choice (1356.0, 2183.0, 192.0, 1889.0, 193.0, 1905.0, 2092.0, 191.0, 1347.0) 
Voter 33: ID 396; Choice (1356.0, 2183.0, 192.0, 1889.0, 193.0, 1905.0, 2092.0, 191.0, 1347.0) 
Voter 34: ID 689; Choice (1211.0, 1356.0, 2183.0, 1889.0, 193.0, 1347.0, 1905.0, 2092.0) 
Voter 35: ID 214; Choice (1356.0, 2183.0, 192.0, 1889.0, 193.0, 1905.0, 2092.0, 191.0, 1347.0) 
Voter 36: ID 724; Choice (1356.0, 2183.0, 192.0, 1889.0, 193.0, 1905.0, 2092.0, 191.0, 1347.0) 
Voter 37: ID 365; Choice (1356.0, 2183.0, 192.0, 1889.0, 193.0, 1905.0, 2092.0, 191.0, 1347.0) 
Voter 38: ID 571; Choice (1356.0, 2183.0, 192.0, 1889.0, 193.0, 1905.0, 2092.0, 191.0, 1347.0) 
Voter 39: ID 501; Choice (1356.0, 2183.0, 192.0, 1889.0, 193.0, 1905.0, 2092.0, 191.0, 1347.0) 
Voter 40: ID 109; Choice (1356.0, 2183.0, 192.0, 1889.0, 193.0, 1905.0, 2092.0, 191.0, 1347.0) 
Voter 41: ID 387; Choice (1356.0, 2183.0, 192.0, 1889.0, 193.0, 1905.0, 2092.0, 191.0, 1347.0) 
Voter 42: ID 48; Choice (2141.0, 1356.0, 2183.0, 433.0, 192.0, 1889.0, 193.0, 1347.0, 1905.0, 2092.0, 191.0) 
Voter 43: ID 417; Choice (1356.0, 2183.0, 192.0, 1889.0, 193.0, 1905.0, 2092.0, 191.0, 1347.0) 
Voter 44: ID 459; Choice (1356.0, 2183.0, 192.0, 1889.0, 193.0, 1905.0, 2092.0, 191.0, 1347.0) 
Voter 45: ID 38; Choice (1356.0, 2183.0, 192.0, 1889.0, 193.0, 1905.0, 2092.0, 191.0, 1347.0) 
Voter 46: ID 162; Choice (1211.0, 1356.0, 2183.0, 193.0, 1347.0, 1905.0, 2092.0, 191.0) 
Voter 47: ID 525; Choice (1356.0, 2183.0, 192.0, 1889.0, 193.0, 1905.0, 2092.0, 191.0, 1347.0) 
Voter 48: ID 692; Choice (1356.0, 2183.0, 192.0, 1889.0, 193.0, 1905.0, 2092.0, 191.0, 1347.0) 
Voter 49: ID 93; Choice (1356.0, 2183.0, 192.0, 1889.0, 193.0, 1905.0, 2092.0, 191.0, 1347.0) 
Voter 50: ID 50; Choice (2141.0, 1356.0, 2183.0, 433.0, 192.0, 1889.0, 193.0, 1347.0, 1905.0, 2092.0, 191.0) 
---------------------------------------------------------------------------
After Iteration 8 :
Voter 1: ID 204; Choice (1356.0, 2183.0, 192.0, 1889.0, 193.0, 1905.0, 2092.0, 191.0, 1347.0) 
Voter 2: ID 224; Choice (1356.0, 2183.0, 192.0, 1889.0, 193.0, 1905.0, 2092.0, 191.0, 1347.0) 
Voter 3: ID 453; Choice (1356.0, 2183.0, 192.0, 1889.0, 193.0, 1905.0, 2092.0, 191.0, 1347.0) 
Voter 4: ID 611; Choice (1356.0, 2183.0, 192.0, 1889.0, 193.0, 1905.0, 2092.0, 191.0) 
Voter 5: ID 43; Choice (1356.0, 2183.0, 192.0, 1889.0, 193.0, 1905.0, 2092.0, 191.0, 1347.0) 
Voter 6: ID 282; Choice (1356.0, 2183.0, 192.0, 1889.0, 193.0, 1905.0, 2092.0, 191.0) 
Voter 7: ID 122; Choice (1356.0, 2183.0, 192.0, 1889.0, 193.0, 1905.0, 2092.0, 191.0, 1347.0) 
Voter 8: ID 258; Choice (1356.0, 2183.0, 192.0, 1889.0, 193.0, 1905.0, 2092.0, 191.0, 1347.0) 
Voter 9: ID 383; Choice (1356.0, 2183.0, 192.0, 1889.0, 193.0, 1905.0, 2092.0, 191.0, 1347.0) 
Voter 10: ID 427; Choice (1356.0, 2183.0, 192.0, 1889.0, 193.0, 1905.0, 2092.0, 191.0, 1347.0) 
Voter 11: ID 279; Choice (1356.0, 2183.0, 192.0, 1889.0, 193.0, 1905.0, 2092.0, 191.0, 1347.0) 
Voter 12: ID 123; Choice (1356.0, 2183.0, 192.0, 1889.0, 193.0, 1905.0, 2092.0, 191.0, 1347.0) 
Voter 13: ID 62; Choice (1356.0, 2183.0, 192.0, 1889.0, 193.0, 1905.0, 2092.0, 191.0, 1347.0) 
Voter 14: ID 274; Choice (1356.0, 2183.0, 192.0, 1889.0, 193.0, 1905.0, 2092.0, 191.0, 1347.0) 
Voter 15: ID 341; Choice (2141.0, 1356.0, 2183.0, 433.0, 192.0, 1889.0, 193.0, 1347.0, 1905.0, 2092.0, 191.0) 
Voter 16: ID 323; Choice (1356.0, 2183.0, 192.0, 1889.0, 193.0, 1905.0, 2092.0, 191.0, 1347.0) 
Voter 17: ID 682; Choice (1356.0, 2183.0, 192.0, 1889.0, 193.0, 1905.0, 2092.0, 191.0, 1347.0) 
Voter 18: ID 155; Choice (1356.0, 2183.0, 192.0, 1889.0, 193.0, 1905.0, 2092.0, 191.0, 1347.0) 
Voter 19: ID 597; Choice (1356.0, 2183.0, 192.0, 1889.0, 193.0, 1905.0, 2092.0, 191.0, 1347.0) 
Voter 20: ID 723; Choice (1356.0, 2183.0, 192.0, 1889.0, 193.0, 1905.0, 2092.0, 191.0, 1347.0) 
Voter 21: ID 92; Choice (1356.0, 2183.0, 192.0, 1889.0, 193.0, 1905.0, 2092.0, 191.0, 1347.0) 
Voter 22: ID 538; Choice (2141.0, 1356.0, 2183.0, 192.0, 1889.0, 193.0, 1347.0, 1905.0, 2092.0, 2121.0, 191.0) 
Voter 23: ID 509; Choice (2141.0, 2183.0, 433.0, 192.0, 193.0, 1347.0, 2092.0, 2121.0, 191.0) 
Voter 24: ID 129; Choice (2141.0, 1356.0, 433.0, 192.0, 193.0, 1905.0, 2121.0, 191.0) 
Voter 25: ID 629; Choice (1356.0, 2183.0, 192.0, 1889.0, 193.0, 1905.0, 2092.0, 191.0, 1347.0) 
Voter 26: ID 151; Choice (1356.0, 2183.0, 192.0, 1889.0, 193.0, 1905.0, 2092.0, 191.0, 1347.0) 
Voter 27: ID 76; Choice (1356.0, 2183.0, 192.0, 1889.0, 193.0, 1905.0, 2092.0, 191.0, 1347.0) 
Voter 28: ID 212; Choice (1356.0, 2183.0, 192.0, 1889.0, 193.0, 1905.0, 2092.0, 191.0, 1347.0) 
Voter 29: ID 230; Choice (1356.0, 2183.0, 192.0, 1889.0, 193.0, 1905.0, 2092.0, 191.0, 1347.0) 
Voter 30: ID 693; Choice (1356.0, 2183.0, 192.0, 1889.0, 193.0, 1905.0, 2092.0, 191.0, 1347.0) 
Voter 31: ID 463; Choice (2141.0, 1356.0, 2183.0, 433.0, 192.0, 1889.0, 193.0, 1347.0, 1905.0, 2092.0, 191.0) 
Voter 32: ID 680; Choice (1356.0, 2183.0, 192.0, 1889.0, 193.0, 1905.0, 2092.0, 191.0, 1347.0) 
Voter 33: ID 396; Choice (1356.0, 2183.0, 192.0, 1889.0, 193.0, 1905.0, 2092.0, 191.0, 1347.0) 
Voter 34: ID 689; Choice (1211.0, 1356.0, 2183.0, 1889.0, 193.0, 1347.0, 1905.0, 2092.0) 
Voter 35: ID 214; Choice (1356.0, 2183.0, 192.0, 1889.0, 193.0, 1905.0, 2092.0, 191.0, 1347.0) 
Voter 36: ID 724; Choice (1356.0, 2183.0, 192.0, 1889.0, 193.0, 1905.0, 2092.0, 191.0, 1347.0) 
Voter 37: ID 365; Choice (1356.0, 2183.0, 192.0, 1889.0, 193.0, 1905.0, 2092.0, 191.0, 1347.0) 
Voter 38: ID 571; Choice (1356.0, 2183.0, 192.0, 1889.0, 193.0, 1905.0, 2092.0, 191.0, 1347.0) 
Voter 39: ID 501; Choice (1356.0, 2183.0, 192.0, 1889.0, 193.0, 1905.0, 2092.0, 191.0, 1347.0) 
Voter 40: ID 109; Choice (1356.0, 2183.0, 192.0, 1889.0, 193.0, 1905.0, 2092.0, 191.0, 1347.0) 
Voter 41: ID 387; Choice (1356.0, 2183.0, 192.0, 1889.0, 193.0, 1905.0, 2092.0, 191.0, 1347.0) 
Voter 42: ID 48; Choice (1356.0, 2183.0, 192.0, 1889.0, 193.0, 1905.0, 2092.0, 191.0, 1347.0) 
Voter 43: ID 417; Choice (1356.0, 2183.0, 192.0, 1889.0, 193.0, 1905.0, 2092.0, 191.0, 1347.0) 
Voter 44: ID 459; Choice (1356.0, 2183.0, 192.0, 1889.0, 193.0, 1905.0, 2092.0, 191.0, 1347.0) 
Voter 45: ID 38; Choice (1356.0, 2183.0, 192.0, 1889.0, 193.0, 1905.0, 2092.0, 191.0, 1347.0) 
Voter 46: ID 162; Choice (1356.0, 2183.0, 192.0, 1889.0, 193.0, 1905.0, 2092.0, 191.0, 1347.0) 
Voter 47: ID 525; Choice (2141.0, 1356.0, 2183.0, 192.0, 1889.0, 193.0, 1347.0, 1905.0, 2092.0, 2121.0, 191.0) 
Voter 48: ID 692; Choice (1356.0, 2183.0, 192.0, 1889.0, 193.0, 1905.0, 2092.0, 191.0, 1347.0) 
Voter 49: ID 93; Choice (1356.0, 2183.0, 192.0, 1889.0, 193.0, 1905.0, 2092.0, 191.0) 
Voter 50: ID 50; Choice (1356.0, 2183.0, 192.0, 1889.0, 193.0, 1905.0, 2092.0, 191.0, 1347.0) 
---------------------------------------------------------------------------
After Iteration 9 :
Voter 1: ID 204; Choice (1356.0, 2183.0, 192.0, 1889.0, 193.0, 1905.0, 2092.0, 191.0, 1347.0) 
Voter 2: ID 224; Choice (1356.0, 2183.0, 192.0, 1889.0, 193.0, 1905.0, 2092.0, 191.0, 1347.0) 
Voter 3: ID 453; Choice (1356.0, 2183.0, 192.0, 1889.0, 193.0, 1905.0, 2092.0, 191.0, 1347.0) 
Voter 4: ID 611; Choice (1356.0, 2183.0, 192.0, 1889.0, 193.0, 1905.0, 2092.0, 191.0, 1347.0) 
Voter 5: ID 43; Choice (2141.0, 1356.0, 2183.0, 433.0, 192.0, 1889.0, 193.0, 1347.0, 1905.0, 2092.0, 191.0) 
Voter 6: ID 282; Choice (1356.0, 2183.0, 192.0, 1889.0, 193.0, 1905.0, 2092.0, 191.0) 
Voter 7: ID 122; Choice (1356.0, 2183.0, 192.0, 1889.0, 193.0, 1905.0, 2092.0, 191.0, 1347.0) 
Voter 8: ID 258; Choice (1356.0, 2183.0, 192.0, 1889.0, 193.0, 1905.0, 2092.0, 191.0, 1347.0) 
Voter 9: ID 383; Choice (1356.0, 2183.0, 192.0, 1889.0, 193.0, 1905.0, 2092.0, 191.0, 1347.0) 
Voter 10: ID 427; Choice (1356.0, 2183.0, 192.0, 1889.0, 193.0, 1905.0, 2092.0, 191.0, 1347.0) 
Voter 11: ID 279; Choice (2141.0, 1356.0, 2183.0, 433.0, 192.0, 1889.0, 193.0, 1347.0, 1905.0, 2092.0, 191.0) 
Voter 12: ID 123; Choice (1356.0, 2183.0, 192.0, 1889.0, 193.0, 1905.0, 2092.0, 191.0, 1347.0) 
Voter 13: ID 62; Choice (1356.0, 2183.0, 192.0, 1889.0, 193.0, 1905.0, 2092.0, 191.0, 1347.0) 
Voter 14: ID 274; Choice (1356.0, 2183.0, 192.0, 1889.0, 193.0, 1905.0, 2092.0, 191.0, 1347.0) 
Voter 15: ID 341; Choice (1356.0, 2183.0, 192.0, 1889.0, 193.0, 1905.0, 2092.0, 191.0, 1347.0) 
Voter 16: ID 323; Choice (1356.0, 2183.0, 192.0, 1889.0, 193.0, 1905.0, 2092.0, 191.0, 1347.0) 
Voter 17: ID 682; Choice (2141.0, 1356.0, 2183.0, 433.0, 192.0, 1889.0, 193.0, 1347.0, 1905.0, 2092.0, 191.0) 
Voter 18: ID 155; Choice (1356.0, 2183.0, 192.0, 1889.0, 193.0, 1905.0, 2092.0, 191.0, 1347.0) 
Voter 19: ID 597; Choice (1356.0, 2183.0, 192.0, 1889.0, 193.0, 1905.0, 2092.0, 191.0, 1347.0) 
Voter 20: ID 723; Choice (1356.0, 2183.0, 192.0, 1889.0, 193.0, 1905.0, 2092.0, 191.0, 1347.0) 
Voter 21: ID 92; Choice (1356.0, 2183.0, 192.0, 1889.0, 193.0, 1905.0, 2092.0, 191.0, 1347.0) 
Voter 22: ID 538; Choice (1356.0, 2183.0, 192.0, 1889.0, 193.0, 1905.0, 2092.0, 191.0, 1347.0) 
Voter 23: ID 509; Choice (1356.0, 2183.0, 192.0, 1889.0, 193.0, 1905.0, 2092.0, 191.0, 1347.0) 
Voter 24: ID 129; Choice (2141.0, 1356.0, 2183.0, 433.0, 192.0, 1889.0, 193.0, 1347.0, 1905.0, 2092.0, 191.0) 
Voter 25: ID 629; Choice (1356.0, 2183.0, 192.0, 1889.0, 193.0, 1905.0, 2092.0, 191.0, 1347.0) 
Voter 26: ID 151; Choice (1356.0, 2183.0, 192.0, 1889.0, 193.0, 1905.0, 2092.0, 191.0, 1347.0) 
Voter 27: ID 76; Choice (1356.0, 2183.0, 192.0, 1889.0, 193.0, 1905.0, 2092.0, 191.0, 1347.0) 
Voter 28: ID 212; Choice (1356.0, 2183.0, 192.0, 1889.0, 193.0, 1905.0, 2092.0, 191.0, 1347.0) 
Voter 29: ID 230; Choice (1356.0, 2183.0, 192.0, 1889.0, 193.0, 1905.0, 2092.0, 191.0, 1347.0) 
Voter 30: ID 693; Choice (1356.0, 2183.0, 192.0, 1889.0, 193.0, 1905.0, 2092.0, 191.0, 1347.0) 
Voter 31: ID 463; Choice (2141.0, 1356.0, 2183.0, 433.0, 192.0, 1889.0, 193.0, 1347.0, 1905.0, 2092.0, 191.0) 
Voter 32: ID 680; Choice (1356.0, 2183.0, 192.0, 1889.0, 193.0, 1905.0, 2092.0, 191.0, 1347.0) 
Voter 33: ID 396; Choice (1356.0, 2183.0, 192.0, 1889.0, 193.0, 1905.0, 2092.0, 191.0, 1347.0) 
Voter 34: ID 689; Choice (1356.0, 2183.0, 192.0, 1889.0, 193.0, 1905.0, 2092.0, 191.0, 1347.0) 
Voter 35: ID 214; Choice (1356.0, 2183.0, 192.0, 1889.0, 193.0, 1905.0, 2092.0, 191.0, 1347.0) 
Voter 36: ID 724; Choice (1356.0, 2183.0, 192.0, 1889.0, 193.0, 1905.0, 2092.0, 191.0, 1347.0) 
Voter 37: ID 365; Choice (1356.0, 2183.0, 192.0, 1889.0, 193.0, 1905.0, 2092.0, 191.0, 1347.0) 
Voter 38: ID 571; Choice (1356.0, 2183.0, 192.0, 1889.0, 193.0, 1905.0, 2092.0, 191.0, 1347.0) 
Voter 39: ID 501; Choice (1356.0, 2183.0, 192.0, 1889.0, 193.0, 1905.0, 2092.0, 191.0, 1347.0) 
Voter 40: ID 109; Choice (1356.0, 2183.0, 192.0, 1889.0, 193.0, 1905.0, 2092.0, 191.0, 1347.0) 
Voter 41: ID 387; Choice (1356.0, 2183.0, 192.0, 1889.0, 193.0, 1905.0, 2092.0, 191.0, 1347.0) 
Voter 42: ID 48; Choice (1356.0, 2183.0, 192.0, 1889.0, 193.0, 1905.0, 2092.0, 191.0, 1347.0) 
Voter 43: ID 417; Choice (1356.0, 2183.0, 192.0, 1889.0, 193.0, 1905.0, 2092.0, 191.0, 1347.0) 
Voter 44: ID 459; Choice (1356.0, 2183.0, 192.0, 1889.0, 193.0, 1905.0, 2092.0, 191.0, 1347.0) 
Voter 45: ID 38; Choice (1356.0, 2183.0, 192.0, 1889.0, 193.0, 1905.0, 2092.0, 191.0, 1347.0) 
Voter 46: ID 162; Choice (1356.0, 2183.0, 192.0, 1889.0, 193.0, 1905.0, 2092.0, 191.0, 1347.0) 
Voter 47: ID 525; Choice (1356.0, 2183.0, 192.0, 1889.0, 193.0, 1905.0, 2092.0, 191.0, 1347.0) 
Voter 48: ID 692; Choice (1356.0, 2183.0, 192.0, 1889.0, 193.0, 1905.0, 2092.0, 191.0, 1347.0) 
Voter 49: ID 93; Choice (1356.0, 2183.0, 192.0, 1889.0, 193.0, 1905.0, 2092.0, 191.0, 1347.0) 
Voter 50: ID 50; Choice (1356.0, 2183.0, 192.0, 1889.0, 193.0, 1905.0, 2092.0, 191.0, 1347.0) 
---------------------------------------------------------------------------
After Iteration 10 :
Voter 1: ID 204; Choice (1356.0, 2183.0, 192.0, 1889.0, 193.0, 1905.0, 2092.0, 191.0, 1347.0) 
Voter 2: ID 224; Choice (1356.0, 2183.0, 192.0, 1889.0, 193.0, 1905.0, 2092.0, 191.0, 1347.0) 
Voter 3: ID 453; Choice (1356.0, 2183.0, 192.0, 1889.0, 193.0, 1905.0, 2092.0, 191.0, 1347.0) 
Voter 4: ID 611; Choice (1356.0, 2183.0, 192.0, 1889.0, 193.0, 1905.0, 2092.0, 191.0, 1347.0) 
Voter 5: ID 43; Choice (1356.0, 2183.0, 192.0, 1889.0, 193.0, 1905.0, 2092.0, 191.0, 1347.0) 
Voter 6: ID 282; Choice (2141.0, 1356.0, 2183.0, 433.0, 192.0, 1889.0, 1905.0, 2121.0) 
Voter 7: ID 122; Choice (1356.0, 2183.0, 192.0, 1889.0, 193.0, 1905.0, 2092.0, 191.0, 1347.0) 
Voter 8: ID 258; Choice (1356.0, 2183.0, 192.0, 1889.0, 193.0, 1905.0, 2092.0, 191.0, 1347.0) 
Voter 9: ID 383; Choice (1356.0, 2183.0, 192.0, 1889.0, 193.0, 1905.0, 2092.0, 191.0, 1347.0) 
Voter 10: ID 427; Choice (1356.0, 2183.0, 192.0, 1889.0, 193.0, 1905.0, 2092.0, 191.0, 1347.0) 
Voter 11: ID 279; Choice (1356.0, 2183.0, 192.0, 1889.0, 193.0, 1905.0, 2092.0, 191.0, 1347.0) 
Voter 12: ID 123; Choice (1356.0, 2183.0, 192.0, 1889.0, 193.0, 1905.0, 2092.0, 191.0, 1347.0) 
Voter 13: ID 62; Choice (1356.0, 2183.0, 192.0, 1889.0, 193.0, 1905.0, 2092.0, 191.0, 1347.0) 
Voter 14: ID 274; Choice (1356.0, 2183.0, 192.0, 1889.0, 193.0, 1905.0, 2092.0, 191.0, 1347.0) 
Voter 15: ID 341; Choice (2141.0, 1356.0, 2183.0, 433.0, 192.0, 1889.0, 193.0, 1347.0, 1905.0, 2092.0, 191.0) 
Voter 16: ID 323; Choice (1356.0, 2183.0, 192.0, 1889.0, 193.0, 1905.0, 2092.0, 191.0, 1347.0) 
Voter 17: ID 682; Choice (1356.0, 2183.0, 192.0, 1889.0, 193.0, 1905.0, 2092.0, 191.0, 1347.0) 
Voter 18: ID 155; Choice (1356.0, 2183.0, 192.0, 1889.0, 193.0, 1905.0, 2092.0, 191.0, 1347.0) 
Voter 19: ID 597; Choice (1356.0, 2183.0, 192.0, 1889.0, 193.0, 1905.0, 2092.0, 191.0, 1347.0) 
Voter 20: ID 723; Choice (1356.0, 2183.0, 192.0, 1889.0, 193.0, 1905.0, 2092.0, 191.0, 1347.0) 
Voter 21: ID 92; Choice (1356.0, 2183.0, 192.0, 1889.0, 193.0, 1905.0, 2092.0, 191.0, 1347.0) 
Voter 22: ID 538; Choice (1356.0, 2183.0, 192.0, 1889.0, 193.0, 1905.0, 2092.0, 191.0, 1347.0) 
Voter 23: ID 509; Choice (1356.0, 2183.0, 192.0, 1889.0, 193.0, 1905.0, 2092.0, 191.0, 1347.0) 
Voter 24: ID 129; Choice (2141.0, 1356.0, 2183.0, 433.0, 192.0, 1889.0, 193.0, 1347.0, 1905.0, 2092.0, 191.0) 
Voter 25: ID 629; Choice (1356.0, 2183.0, 192.0, 1889.0, 193.0, 1905.0, 2092.0, 191.0, 1347.0) 
Voter 26: ID 151; Choice (1356.0, 2183.0, 192.0, 1889.0, 193.0, 1905.0, 2092.0, 191.0, 1347.0) 
Voter 27: ID 76; Choice (1356.0, 2183.0, 192.0, 1889.0, 193.0, 1905.0, 2092.0, 191.0, 1347.0) 
Voter 28: ID 212; Choice (1356.0, 2183.0, 192.0, 1889.0, 193.0, 1905.0, 2092.0, 191.0, 1347.0) 
Voter 29: ID 230; Choice (1356.0, 2183.0, 192.0, 1889.0, 193.0, 1905.0, 2092.0, 191.0, 1347.0) 
Voter 30: ID 693; Choice (1356.0, 2183.0, 192.0, 1889.0, 193.0, 1905.0, 2092.0, 191.0, 1347.0) 
Voter 31: ID 463; Choice (2141.0, 1356.0, 2183.0, 433.0, 192.0, 1889.0, 193.0, 1347.0, 1905.0, 2092.0, 191.0) 
Voter 32: ID 680; Choice (1356.0, 2183.0, 192.0, 1889.0, 193.0, 1905.0, 2092.0, 191.0, 1347.0) 
Voter 33: ID 396; Choice (1356.0, 2183.0, 192.0, 1889.0, 193.0, 1905.0, 2092.0, 191.0, 1347.0) 
Voter 34: ID 689; Choice (1356.0, 2183.0, 192.0, 1889.0, 193.0, 1905.0, 2092.0, 191.0, 1347.0) 
Voter 35: ID 214; Choice (1356.0, 2183.0, 192.0, 1889.0, 193.0, 1905.0, 2092.0, 191.0, 1347.0) 
Voter 36: ID 724; Choice (1356.0, 2183.0, 192.0, 1889.0, 193.0, 1905.0, 2092.0, 191.0, 1347.0) 
Voter 37: ID 365; Choice (1356.0, 2183.0, 192.0, 1889.0, 193.0, 1905.0, 2092.0, 191.0, 1347.0) 
Voter 38: ID 571; Choice (1356.0, 2183.0, 192.0, 1889.0, 193.0, 1905.0, 2092.0, 191.0, 1347.0) 
Voter 39: ID 501; Choice (1356.0, 2183.0, 192.0, 1889.0, 193.0, 1905.0, 2092.0, 191.0, 1347.0) 
Voter 40: ID 109; Choice (1356.0, 2183.0, 192.0, 1889.0, 193.0, 1905.0, 2092.0, 191.0, 1347.0) 
Voter 41: ID 387; Choice (1356.0, 2183.0, 192.0, 1889.0, 193.0, 1905.0, 2092.0, 191.0, 1347.0) 
Voter 42: ID 48; Choice (1356.0, 2183.0, 192.0, 1889.0, 193.0, 1905.0, 2092.0, 191.0, 1347.0) 
Voter 43: ID 417; Choice (1356.0, 2183.0, 192.0, 1889.0, 193.0, 1905.0, 2092.0, 191.0, 1347.0) 
Voter 44: ID 459; Choice (1356.0, 2183.0, 192.0, 1889.0, 193.0, 1905.0, 2092.0, 191.0, 1347.0) 
Voter 45: ID 38; Choice (1356.0, 2183.0, 192.0, 1889.0, 193.0, 1905.0, 2092.0, 191.0, 1347.0) 
Voter 46: ID 162; Choice (1356.0, 2183.0, 192.0, 1889.0, 193.0, 1905.0, 2092.0, 191.0, 1347.0) 
Voter 47: ID 525; Choice (2141.0, 1356.0, 2183.0, 192.0, 1889.0, 193.0, 1347.0, 1905.0, 2092.0, 2121.0, 191.0) 
Voter 48: ID 692; Choice (1356.0, 2183.0, 192.0, 1889.0, 193.0, 1905.0, 2092.0, 191.0, 1347.0) 
Voter 49: ID 93; Choice (1356.0, 2183.0, 192.0, 1889.0, 193.0, 1905.0, 2092.0, 191.0, 1347.0) 
Voter 50: ID 50; Choice (1356.0, 2183.0, 192.0, 1889.0, 193.0, 1905.0, 2092.0, 191.0, 1347.0) 
---------------------------------------------------------------------------
After Iteration 11 :
Voter 1: ID 204; Choice (1356.0, 2183.0, 192.0, 1889.0, 193.0, 1905.0, 2092.0, 191.0, 1347.0) 
Voter 2: ID 224; Choice (1356.0, 2183.0, 192.0, 1889.0, 193.0, 1905.0, 2092.0, 191.0, 1347.0) 
Voter 3: ID 453; Choice (1356.0, 2183.0, 192.0, 1889.0, 193.0, 1905.0, 2092.0, 191.0, 1347.0) 
Voter 4: ID 611; Choice (1356.0, 2183.0, 192.0, 1889.0, 193.0, 1905.0, 2092.0, 191.0, 1347.0) 
Voter 5: ID 43; Choice (1356.0, 2183.0, 192.0, 1889.0, 193.0, 1905.0, 2092.0, 191.0, 1347.0) 
Voter 6: ID 282; Choice (1356.0, 2183.0, 192.0, 1889.0, 193.0, 1905.0, 2092.0, 191.0) 
Voter 7: ID 122; Choice (1356.0, 2183.0, 192.0, 1889.0, 193.0, 1905.0, 2092.0, 191.0, 1347.0) 
Voter 8: ID 258; Choice (1356.0, 2183.0, 192.0, 1889.0, 193.0, 1905.0, 2092.0, 191.0, 1347.0) 
Voter 9: ID 383; Choice (1356.0, 2183.0, 192.0, 1889.0, 193.0, 1905.0, 2092.0, 191.0, 1347.0) 
Voter 10: ID 427; Choice (1356.0, 2183.0, 192.0, 1889.0, 193.0, 1905.0, 2092.0, 191.0, 1347.0) 
Voter 11: ID 279; Choice (2141.0, 1356.0, 2183.0, 433.0, 192.0, 1889.0, 193.0, 1347.0, 1905.0, 2092.0, 191.0) 
Voter 12: ID 123; Choice (1356.0, 2183.0, 192.0, 1889.0, 193.0, 1905.0, 2092.0, 191.0, 1347.0) 
Voter 13: ID 62; Choice (1356.0, 2183.0, 192.0, 1889.0, 193.0, 1905.0, 2092.0, 191.0, 1347.0) 
Voter 14: ID 274; Choice (1356.0, 2183.0, 192.0, 1889.0, 193.0, 1905.0, 2092.0, 191.0, 1347.0) 
Voter 15: ID 341; Choice (1356.0, 2183.0, 192.0, 1889.0, 193.0, 1905.0, 2092.0, 191.0, 1347.0) 
Voter 16: ID 323; Choice (1356.0, 2183.0, 192.0, 1889.0, 193.0, 1905.0, 2092.0, 191.0, 1347.0) 
Voter 17: ID 682; Choice (2141.0, 1356.0, 2183.0, 433.0, 192.0, 1889.0, 193.0, 1347.0, 1905.0, 2092.0, 191.0) 
Voter 18: ID 155; Choice (1356.0, 2183.0, 192.0, 1889.0, 193.0, 1905.0, 2092.0, 191.0, 1347.0) 
Voter 19: ID 597; Choice (1356.0, 2183.0, 192.0, 1889.0, 193.0, 1905.0, 2092.0, 191.0, 1347.0) 
Voter 20: ID 723; Choice (1356.0, 2183.0, 192.0, 1889.0, 193.0, 1905.0, 2092.0, 191.0, 1347.0) 
Voter 21: ID 92; Choice (1356.0, 2183.0, 192.0, 1889.0, 193.0, 1905.0, 2092.0, 191.0, 1347.0) 
Voter 22: ID 538; Choice (1356.0, 2183.0, 192.0, 1889.0, 193.0, 1905.0, 2092.0, 191.0, 1347.0) 
Voter 23: ID 509; Choice (1356.0, 2183.0, 192.0, 1889.0, 193.0, 1905.0, 2092.0, 191.0, 1347.0) 
Voter 24: ID 129; Choice (2141.0, 1356.0, 2183.0, 433.0, 192.0, 1889.0, 193.0, 1347.0, 1905.0, 2092.0, 191.0) 
Voter 25: ID 629; Choice (1356.0, 2183.0, 192.0, 1889.0, 193.0, 1905.0, 2092.0, 191.0, 1347.0) 
Voter 26: ID 151; Choice (1356.0, 2183.0, 192.0, 1889.0, 193.0, 1905.0, 2092.0, 191.0, 1347.0) 
Voter 27: ID 76; Choice (1356.0, 2183.0, 192.0, 1889.0, 193.0, 1905.0, 2092.0, 191.0, 1347.0) 
Voter 28: ID 212; Choice (1356.0, 2183.0, 192.0, 1889.0, 193.0, 1905.0, 2092.0, 191.0, 1347.0) 
Voter 29: ID 230; Choice (1356.0, 2183.0, 192.0, 1889.0, 193.0, 1905.0, 2092.0, 191.0, 1347.0) 
Voter 30: ID 693; Choice (1356.0, 2183.0, 192.0, 1889.0, 193.0, 1905.0, 2092.0, 191.0, 1347.0) 
Voter 31: ID 463; Choice (1356.0, 2183.0, 192.0, 1889.0, 193.0, 1905.0, 2092.0, 191.0, 1347.0) 
Voter 32: ID 680; Choice (1356.0, 2183.0, 192.0, 1889.0, 193.0, 1905.0, 2092.0, 191.0, 1347.0) 
Voter 33: ID 396; Choice (1356.0, 2183.0, 192.0, 1889.0, 193.0, 1905.0, 2092.0, 191.0, 1347.0) 
Voter 34: ID 689; Choice (1356.0, 2183.0, 192.0, 1889.0, 193.0, 1905.0, 2092.0, 191.0, 1347.0) 
Voter 35: ID 214; Choice (1356.0, 2183.0, 192.0, 1889.0, 193.0, 1905.0, 2092.0, 191.0, 1347.0) 
Voter 36: ID 724; Choice (1356.0, 2183.0, 192.0, 1889.0, 193.0, 1905.0, 2092.0, 191.0, 1347.0) 
Voter 37: ID 365; Choice (1356.0, 2183.0, 192.0, 1889.0, 193.0, 1905.0, 2092.0, 191.0, 1347.0) 
Voter 38: ID 571; Choice (1356.0, 2183.0, 192.0, 1889.0, 193.0, 1905.0, 2092.0, 191.0, 1347.0) 
Voter 39: ID 501; Choice (1356.0, 2183.0, 192.0, 1889.0, 193.0, 1905.0, 2092.0, 191.0, 1347.0) 
Voter 40: ID 109; Choice (1356.0, 2183.0, 192.0, 1889.0, 193.0, 1905.0, 2092.0, 191.0, 1347.0) 
Voter 41: ID 387; Choice (1356.0, 2183.0, 192.0, 1889.0, 193.0, 1905.0, 2092.0, 191.0, 1347.0) 
Voter 42: ID 48; Choice (1356.0, 2183.0, 192.0, 1889.0, 193.0, 1905.0, 2092.0, 191.0, 1347.0) 
Voter 43: ID 417; Choice (1356.0, 2183.0, 192.0, 1889.0, 193.0, 1905.0, 2092.0, 191.0, 1347.0) 
Voter 44: ID 459; Choice (1356.0, 2183.0, 192.0, 1889.0, 193.0, 1905.0, 2092.0, 191.0, 1347.0) 
Voter 45: ID 38; Choice (1356.0, 2183.0, 192.0, 1889.0, 193.0, 1905.0, 2092.0, 191.0, 1347.0) 
Voter 46: ID 162; Choice (1356.0, 2183.0, 192.0, 1889.0, 193.0, 1905.0, 2092.0, 191.0, 1347.0) 
Voter 47: ID 525; Choice (1356.0, 2183.0, 192.0, 1889.0, 193.0, 1905.0, 2092.0, 191.0, 1347.0) 
Voter 48: ID 692; Choice (1356.0, 2183.0, 192.0, 1889.0, 193.0, 1905.0, 2092.0, 191.0, 1347.0) 
Voter 49: ID 93; Choice (1356.0, 2183.0, 192.0, 1889.0, 193.0, 1905.0, 2092.0, 191.0, 1347.0) 
Voter 50: ID 50; Choice (1356.0, 2183.0, 192.0, 1889.0, 193.0, 1905.0, 2092.0, 191.0, 1347.0) 
---------------------------------------------------------------------------
After Iteration 12 :
Voter 1: ID 204; Choice (1356.0, 2183.0, 192.0, 1889.0, 193.0, 1905.0, 2092.0, 191.0, 1347.0) 
Voter 2: ID 224; Choice (1356.0, 2183.0, 192.0, 1889.0, 193.0, 1905.0, 2092.0, 191.0, 1347.0) 
Voter 3: ID 453; Choice (1356.0, 2183.0, 192.0, 1889.0, 193.0, 1905.0, 2092.0, 191.0, 1347.0) 
Voter 4: ID 611; Choice (1356.0, 2183.0, 192.0, 1889.0, 193.0, 1905.0, 2092.0, 191.0, 1347.0) 
Voter 5: ID 43; Choice (1356.0, 2183.0, 192.0, 1889.0, 193.0, 1905.0, 2092.0, 191.0, 1347.0) 
Voter 6: ID 282; Choice (1356.0, 2183.0, 192.0, 1889.0, 193.0, 1905.0, 2092.0, 191.0) 
Voter 7: ID 122; Choice (1356.0, 2183.0, 192.0, 1889.0, 193.0, 1905.0, 2092.0, 191.0, 1347.0) 
Voter 8: ID 258; Choice (1356.0, 2183.0, 192.0, 1889.0, 193.0, 1905.0, 2092.0, 191.0, 1347.0) 
Voter 9: ID 383; Choice (1356.0, 2183.0, 192.0, 1889.0, 193.0, 1905.0, 2092.0, 191.0, 1347.0) 
Voter 10: ID 427; Choice (1356.0, 2183.0, 192.0, 1889.0, 193.0, 1905.0, 2092.0, 191.0, 1347.0) 
Voter 11: ID 279; Choice (1356.0, 2183.0, 192.0, 1889.0, 193.0, 1905.0, 2092.0, 191.0, 1347.0) 
Voter 12: ID 123; Choice (1356.0, 2183.0, 192.0, 1889.0, 193.0, 1905.0, 2092.0, 191.0, 1347.0) 
Voter 13: ID 62; Choice (1356.0, 2183.0, 192.0, 1889.0, 193.0, 1905.0, 2092.0, 191.0, 1347.0) 
Voter 14: ID 274; Choice (1356.0, 2183.0, 192.0, 1889.0, 193.0, 1905.0, 2092.0, 191.0, 1347.0) 
Voter 15: ID 341; Choice (2141.0, 1356.0, 2183.0, 433.0, 192.0, 1889.0, 193.0, 1347.0, 1905.0, 2092.0, 191.0) 
Voter 16: ID 323; Choice (1356.0, 2183.0, 192.0, 1889.0, 193.0, 1905.0, 2092.0, 191.0, 1347.0) 
Voter 17: ID 682; Choice (1356.0, 2183.0, 192.0, 1889.0, 193.0, 1905.0, 2092.0, 191.0, 1347.0) 
Voter 18: ID 155; Choice (1356.0, 2183.0, 192.0, 1889.0, 193.0, 1905.0, 2092.0, 191.0, 1347.0) 
Voter 19: ID 597; Choice (1356.0, 2183.0, 192.0, 1889.0, 193.0, 1905.0, 2092.0, 191.0, 1347.0) 
Voter 20: ID 723; Choice (1356.0, 2183.0, 192.0, 1889.0, 193.0, 1905.0, 2092.0, 191.0, 1347.0) 
Voter 21: ID 92; Choice (1356.0, 2183.0, 192.0, 1889.0, 193.0, 1905.0, 2092.0, 191.0, 1347.0) 
Voter 22: ID 538; Choice (1356.0, 2183.0, 192.0, 1889.0, 193.0, 1905.0, 2092.0, 191.0, 1347.0) 
Voter 23: ID 509; Choice (1356.0, 2183.0, 192.0, 1889.0, 193.0, 1905.0, 2092.0, 191.0, 1347.0) 
Voter 24: ID 129; Choice (2141.0, 1356.0, 2183.0, 433.0, 192.0, 1889.0, 193.0, 1347.0, 1905.0, 2092.0, 191.0) 
Voter 25: ID 629; Choice (1356.0, 2183.0, 192.0, 1889.0, 193.0, 1905.0, 2092.0, 191.0, 1347.0) 
Voter 26: ID 151; Choice (1356.0, 2183.0, 192.0, 1889.0, 193.0, 1905.0, 2092.0, 191.0, 1347.0) 
Voter 27: ID 76; Choice (1211.0, 1356.0, 2183.0, 1889.0, 193.0, 1347.0, 1905.0, 2092.0) 
Voter 28: ID 212; Choice (1356.0, 2183.0, 192.0, 1889.0, 193.0, 1905.0, 2092.0, 191.0, 1347.0) 
Voter 29: ID 230; Choice (1356.0, 2183.0, 192.0, 1889.0, 193.0, 1905.0, 2092.0, 191.0, 1347.0) 
Voter 30: ID 693; Choice (1356.0, 2183.0, 192.0, 1889.0, 193.0, 1905.0, 2092.0, 191.0, 1347.0) 
Voter 31: ID 463; Choice (1356.0, 2183.0, 192.0, 1889.0, 193.0, 1905.0, 2092.0, 191.0, 1347.0) 
Voter 32: ID 680; Choice (1356.0, 2183.0, 192.0, 1889.0, 193.0, 1905.0, 2092.0, 191.0, 1347.0) 
Voter 33: ID 396; Choice (1356.0, 2183.0, 192.0, 1889.0, 193.0, 1905.0, 2092.0, 191.0, 1347.0) 
Voter 34: ID 689; Choice (1356.0, 2183.0, 192.0, 1889.0, 193.0, 1905.0, 2092.0, 191.0, 1347.0) 
Voter 35: ID 214; Choice (1356.0, 2183.0, 192.0, 1889.0, 193.0, 1905.0, 2092.0, 191.0, 1347.0) 
Voter 36: ID 724; Choice (1356.0, 2183.0, 192.0, 1889.0, 193.0, 1905.0, 2092.0, 191.0, 1347.0) 
Voter 37: ID 365; Choice (1356.0, 2183.0, 192.0, 1889.0, 193.0, 1905.0, 2092.0, 191.0, 1347.0) 
Voter 38: ID 571; Choice (1356.0, 2183.0, 192.0, 1889.0, 193.0, 1905.0, 2092.0, 191.0, 1347.0) 
Voter 39: ID 501; Choice (1356.0, 2183.0, 192.0, 1889.0, 193.0, 1905.0, 2092.0, 191.0, 1347.0) 
Voter 40: ID 109; Choice (1356.0, 2183.0, 192.0, 1889.0, 193.0, 1905.0, 2092.0, 191.0, 1347.0) 
Voter 41: ID 387; Choice (1356.0, 2183.0, 192.0, 1889.0, 193.0, 1905.0, 2092.0, 191.0, 1347.0) 
Voter 42: ID 48; Choice (1356.0, 2183.0, 192.0, 1889.0, 193.0, 1905.0, 2092.0, 191.0, 1347.0) 
Voter 43: ID 417; Choice (1356.0, 2183.0, 192.0, 1889.0, 193.0, 1905.0, 2092.0, 191.0, 1347.0) 
Voter 44: ID 459; Choice (1356.0, 2183.0, 192.0, 1889.0, 193.0, 1905.0, 2092.0, 191.0, 1347.0) 
Voter 45: ID 38; Choice (1356.0, 2183.0, 192.0, 1889.0, 193.0, 1905.0, 2092.0, 191.0, 1347.0) 
Voter 46: ID 162; Choice (1356.0, 2183.0, 192.0, 1889.0, 193.0, 1905.0, 2092.0, 191.0, 1347.0) 
Voter 47: ID 525; Choice (2141.0, 1356.0, 2183.0, 192.0, 1889.0, 193.0, 1347.0, 1905.0, 2092.0, 2121.0, 191.0) 
Voter 48: ID 692; Choice (1356.0, 2183.0, 192.0, 1889.0, 193.0, 1905.0, 2092.0, 191.0, 1347.0) 
Voter 49: ID 93; Choice (1356.0, 2183.0, 192.0, 1889.0, 193.0, 1905.0, 2092.0, 191.0, 1347.0) 
Voter 50: ID 50; Choice (1356.0, 2183.0, 192.0, 1889.0, 193.0, 1905.0, 2092.0, 191.0, 1347.0) 
---------------------------------------------------------------------------
After Iteration 13 :
Voter 1: ID 204; Choice (1356.0, 2183.0, 192.0, 1889.0, 193.0, 1905.0, 2092.0, 191.0, 1347.0) 
Voter 2: ID 224; Choice (1356.0, 2183.0, 192.0, 1889.0, 193.0, 1905.0, 2092.0, 191.0, 1347.0) 
Voter 3: ID 453; Choice (1356.0, 2183.0, 192.0, 1889.0, 193.0, 1905.0, 2092.0, 191.0, 1347.0) 
Voter 4: ID 611; Choice (1356.0, 2183.0, 192.0, 1889.0, 193.0, 1905.0, 2092.0, 191.0, 1347.0) 
Voter 5: ID 43; Choice (1356.0, 2183.0, 192.0, 1889.0, 193.0, 1905.0, 2092.0, 191.0, 1347.0) 
Voter 6: ID 282; Choice (1356.0, 2183.0, 192.0, 1889.0, 193.0, 1905.0, 2092.0, 191.0) 
Voter 7: ID 122; Choice (1356.0, 2183.0, 192.0, 1889.0, 193.0, 1905.0, 2092.0, 191.0, 1347.0) 
Voter 8: ID 258; Choice (1356.0, 2183.0, 192.0, 1889.0, 193.0, 1905.0, 2092.0, 191.0, 1347.0) 
Voter 9: ID 383; Choice (1356.0, 2183.0, 192.0, 1889.0, 193.0, 1905.0, 2092.0, 191.0, 1347.0) 
Voter 10: ID 427; Choice (1356.0, 2183.0, 192.0, 1889.0, 193.0, 1905.0, 2092.0, 191.0, 1347.0) 
Voter 11: ID 279; Choice (1356.0, 2183.0, 192.0, 1889.0, 193.0, 1905.0, 2092.0, 191.0, 1347.0) 
Voter 12: ID 123; Choice (1356.0, 2183.0, 192.0, 1889.0, 193.0, 1905.0, 2092.0, 191.0, 1347.0) 
Voter 13: ID 62; Choice (1356.0, 2183.0, 192.0, 1889.0, 193.0, 1905.0, 2092.0, 191.0, 1347.0) 
Voter 14: ID 274; Choice (1356.0, 2183.0, 192.0, 1889.0, 193.0, 1905.0, 2092.0, 191.0, 1347.0) 
Voter 15: ID 341; Choice (1356.0, 2183.0, 192.0, 1889.0, 193.0, 1905.0, 2092.0, 191.0, 1347.0) 
Voter 16: ID 323; Choice (1356.0, 2183.0, 192.0, 1889.0, 193.0, 1905.0, 2092.0, 191.0, 1347.0) 
Voter 17: ID 682; Choice (1356.0, 2183.0, 192.0, 1889.0, 193.0, 1905.0, 2092.0, 191.0, 1347.0) 
Voter 18: ID 155; Choice (1356.0, 2183.0, 192.0, 1889.0, 193.0, 1905.0, 2092.0, 191.0, 1347.0) 
Voter 19: ID 597; Choice (1356.0, 2183.0, 192.0, 1889.0, 193.0, 1905.0, 2092.0, 191.0, 1347.0) 
Voter 20: ID 723; Choice (2141.0, 2183.0, 433.0, 192.0, 1889.0, 193.0, 1905.0, 2121.0, 191.0) 
Voter 21: ID 92; Choice (1356.0, 2183.0, 192.0, 1889.0, 193.0, 1905.0, 2092.0, 191.0, 1347.0) 
Voter 22: ID 538; Choice (1356.0, 2183.0, 192.0, 1889.0, 193.0, 1905.0, 2092.0, 191.0, 1347.0) 
Voter 23: ID 509; Choice (1356.0, 2183.0, 192.0, 1889.0, 193.0, 1905.0, 2092.0, 191.0, 1347.0) 
Voter 24: ID 129; Choice (1356.0, 2183.0, 192.0, 1889.0, 193.0, 1905.0, 2092.0, 191.0) 
Voter 25: ID 629; Choice (1356.0, 2183.0, 192.0, 1889.0, 193.0, 1905.0, 2092.0, 191.0, 1347.0) 
Voter 26: ID 151; Choice (1356.0, 2183.0, 192.0, 1889.0, 193.0, 1905.0, 2092.0, 191.0, 1347.0) 
Voter 27: ID 76; Choice (1356.0, 2183.0, 192.0, 1889.0, 193.0, 1905.0, 2092.0, 191.0, 1347.0) 
Voter 28: ID 212; Choice (1356.0, 2183.0, 192.0, 1889.0, 193.0, 1905.0, 2092.0, 191.0, 1347.0) 
Voter 29: ID 230; Choice (1356.0, 2183.0, 192.0, 1889.0, 193.0, 1905.0, 2092.0, 191.0, 1347.0) 
Voter 30: ID 693; Choice (1356.0, 2183.0, 192.0, 1889.0, 193.0, 1905.0, 2092.0, 191.0, 1347.0) 
Voter 31: ID 463; Choice (1356.0, 2183.0, 192.0, 1889.0, 193.0, 1905.0, 2092.0, 191.0, 1347.0) 
Voter 32: ID 680; Choice (1356.0, 2183.0, 192.0, 1889.0, 193.0, 1905.0, 2092.0, 191.0, 1347.0) 
Voter 33: ID 396; Choice (1356.0, 2183.0, 192.0, 1889.0, 193.0, 1905.0, 2092.0, 191.0, 1347.0) 
Voter 34: ID 689; Choice (1356.0, 2183.0, 192.0, 1889.0, 193.0, 1905.0, 2092.0, 191.0, 1347.0) 
Voter 35: ID 214; Choice (1356.0, 2183.0, 192.0, 1889.0, 193.0, 1905.0, 2092.0, 191.0, 1347.0) 
Voter 36: ID 724; Choice (2141.0, 2183.0, 433.0, 192.0, 1889.0, 193.0, 1347.0, 2121.0, 191.0) 
Voter 37: ID 365; Choice (1356.0, 2183.0, 192.0, 1889.0, 193.0, 1905.0, 2092.0, 191.0, 1347.0) 
Voter 38: ID 571; Choice (1356.0, 2183.0, 192.0, 1889.0, 193.0, 1905.0, 2092.0, 191.0, 1347.0) 
Voter 39: ID 501; Choice (1356.0, 2183.0, 192.0, 1889.0, 193.0, 1905.0, 2092.0, 191.0, 1347.0) 
Voter 40: ID 109; Choice (1356.0, 2183.0, 192.0, 1889.0, 193.0, 1905.0, 2092.0, 191.0, 1347.0) 
Voter 41: ID 387; Choice (1356.0, 2183.0, 192.0, 1889.0, 193.0, 1905.0, 2092.0, 191.0, 1347.0) 
Voter 42: ID 48; Choice (1356.0, 2183.0, 192.0, 1889.0, 193.0, 1905.0, 2092.0, 191.0, 1347.0) 
Voter 43: ID 417; Choice (1356.0, 2183.0, 192.0, 1889.0, 193.0, 1905.0, 2092.0, 191.0, 1347.0) 
Voter 44: ID 459; Choice (1356.0, 2183.0, 192.0, 1889.0, 193.0, 1905.0, 2092.0, 191.0, 1347.0) 
Voter 45: ID 38; Choice (1356.0, 2183.0, 192.0, 1889.0, 193.0, 1905.0, 2092.0, 191.0, 1347.0) 
Voter 46: ID 162; Choice (1356.0, 2183.0, 192.0, 1889.0, 193.0, 1905.0, 2092.0, 191.0, 1347.0) 
Voter 47: ID 525; Choice (1356.0, 2183.0, 192.0, 1889.0, 193.0, 1905.0, 2092.0, 191.0, 1347.0) 
Voter 48: ID 692; Choice (1356.0, 2183.0, 192.0, 1889.0, 193.0, 1905.0, 2092.0, 191.0, 1347.0) 
Voter 49: ID 93; Choice (1356.0, 2183.0, 192.0, 1889.0, 193.0, 1905.0, 2092.0, 191.0, 1347.0) 
Voter 50: ID 50; Choice (1356.0, 2183.0, 192.0, 1889.0, 193.0, 1905.0, 2092.0, 191.0, 1347.0) 
---------------------------------------------------------------------------
After Iteration 14 :
Voter 1: ID 204; Choice (1356.0, 2183.0, 192.0, 1889.0, 193.0, 1905.0, 2092.0, 191.0, 1347.0) 
Voter 2: ID 224; Choice (1356.0, 2183.0, 192.0, 1889.0, 193.0, 1905.0, 2092.0, 191.0, 1347.0) 
Voter 3: ID 453; Choice (1356.0, 2183.0, 192.0, 1889.0, 193.0, 1905.0, 2092.0, 191.0, 1347.0) 
Voter 4: ID 611; Choice (1356.0, 2183.0, 192.0, 1889.0, 193.0, 1905.0, 2092.0, 191.0, 1347.0) 
Voter 5: ID 43; Choice (1356.0, 2183.0, 192.0, 1889.0, 193.0, 1905.0, 2092.0, 191.0, 1347.0) 
Voter 6: ID 282; Choice (1356.0, 2183.0, 192.0, 1889.0, 193.0, 1905.0, 2092.0, 191.0, 1347.0) 
Voter 7: ID 122; Choice (1356.0, 2183.0, 192.0, 1889.0, 193.0, 1905.0, 2092.0, 191.0, 1347.0) 
Voter 8: ID 258; Choice (1356.0, 2183.0, 192.0, 1889.0, 193.0, 1905.0, 2092.0, 191.0, 1347.0) 
Voter 9: ID 383; Choice (1356.0, 2183.0, 192.0, 1889.0, 193.0, 1905.0, 2092.0, 191.0, 1347.0) 
Voter 10: ID 427; Choice (1356.0, 2183.0, 192.0, 1889.0, 193.0, 1905.0, 2092.0, 191.0, 1347.0) 
Voter 11: ID 279; Choice (1356.0, 2183.0, 192.0, 1889.0, 193.0, 1905.0, 2092.0, 191.0, 1347.0) 
Voter 12: ID 123; Choice (1356.0, 2183.0, 192.0, 1889.0, 193.0, 1905.0, 2092.0, 191.0, 1347.0) 
Voter 13: ID 62; Choice (1356.0, 2183.0, 192.0, 1889.0, 193.0, 1905.0, 2092.0, 191.0, 1347.0) 
Voter 14: ID 274; Choice (1356.0, 2183.0, 192.0, 1889.0, 193.0, 1905.0, 2092.0, 191.0, 1347.0) 
Voter 15: ID 341; Choice (1356.0, 2183.0, 192.0, 1889.0, 193.0, 1905.0, 2092.0, 191.0, 1347.0) 
Voter 16: ID 323; Choice (1356.0, 2183.0, 192.0, 1889.0, 193.0, 1905.0, 2092.0, 191.0, 1347.0) 
Voter 17: ID 682; Choice (1356.0, 2183.0, 192.0, 1889.0, 193.0, 1905.0, 2092.0, 191.0, 1347.0) 
Voter 18: ID 155; Choice (1356.0, 2183.0, 192.0, 1889.0, 193.0, 1905.0, 2092.0, 191.0, 1347.0) 
Voter 19: ID 597; Choice (1356.0, 2183.0, 192.0, 1889.0, 193.0, 1905.0, 2092.0, 191.0, 1347.0) 
Voter 20: ID 723; Choice (1356.0, 2183.0, 192.0, 1889.0, 193.0, 1905.0, 2092.0, 191.0, 1347.0) 
Voter 21: ID 92; Choice (1356.0, 2183.0, 192.0, 1889.0, 193.0, 1905.0, 2092.0, 191.0, 1347.0) 
Voter 22: ID 538; Choice (1356.0, 2183.0, 192.0, 1889.0, 193.0, 1905.0, 2092.0, 191.0, 1347.0) 
Voter 23: ID 509; Choice (1356.0, 2183.0, 192.0, 1889.0, 193.0, 1905.0, 2092.0, 191.0, 1347.0) 
Voter 24: ID 129; Choice (1356.0, 2183.0, 192.0, 1889.0, 193.0, 1905.0, 2092.0, 191.0) 
Voter 25: ID 629; Choice (1356.0, 2183.0, 192.0, 1889.0, 193.0, 1905.0, 2092.0, 191.0, 1347.0) 
Voter 26: ID 151; Choice (1356.0, 2183.0, 192.0, 1889.0, 193.0, 1905.0, 2092.0, 191.0, 1347.0) 
Voter 27: ID 76; Choice (1356.0, 2183.0, 192.0, 1889.0, 193.0, 1905.0, 2092.0, 191.0, 1347.0) 
Voter 28: ID 212; Choice (1356.0, 2183.0, 192.0, 1889.0, 193.0, 1905.0, 2092.0, 191.0, 1347.0) 
Voter 29: ID 230; Choice (1356.0, 2183.0, 192.0, 1889.0, 193.0, 1905.0, 2092.0, 191.0, 1347.0) 
Voter 30: ID 693; Choice (1356.0, 2183.0, 192.0, 1889.0, 193.0, 1905.0, 2092.0, 191.0, 1347.0) 
Voter 31: ID 463; Choice (1356.0, 2183.0, 192.0, 1889.0, 193.0, 1905.0, 2092.0, 191.0, 1347.0) 
Voter 32: ID 680; Choice (1356.0, 2183.0, 192.0, 1889.0, 193.0, 1905.0, 2092.0, 191.0, 1347.0) 
Voter 33: ID 396; Choice (1356.0, 2183.0, 192.0, 1889.0, 193.0, 1905.0, 2092.0, 191.0, 1347.0) 
Voter 34: ID 689; Choice (1356.0, 2183.0, 192.0, 1889.0, 193.0, 1905.0, 2092.0, 191.0, 1347.0) 
Voter 35: ID 214; Choice (1356.0, 2183.0, 192.0, 1889.0, 193.0, 1905.0, 2092.0, 191.0, 1347.0) 
Voter 36: ID 724; Choice (1356.0, 2183.0, 192.0, 1889.0, 193.0, 1905.0, 2092.0, 191.0, 1347.0) 
Voter 37: ID 365; Choice (1356.0, 2183.0, 192.0, 1889.0, 193.0, 1905.0, 2092.0, 191.0, 1347.0) 
Voter 38: ID 571; Choice (1356.0, 2183.0, 192.0, 1889.0, 193.0, 1905.0, 2092.0, 191.0, 1347.0) 
Voter 39: ID 501; Choice (1356.0, 2183.0, 192.0, 1889.0, 193.0, 1905.0, 2092.0, 191.0, 1347.0) 
Voter 40: ID 109; Choice (1356.0, 2183.0, 192.0, 1889.0, 193.0, 1905.0, 2092.0, 191.0, 1347.0) 
Voter 41: ID 387; Choice (1356.0, 2183.0, 192.0, 1889.0, 193.0, 1905.0, 2092.0, 191.0, 1347.0) 
Voter 42: ID 48; Choice (1356.0, 2183.0, 192.0, 1889.0, 193.0, 1905.0, 2092.0, 191.0, 1347.0) 
Voter 43: ID 417; Choice (1356.0, 2183.0, 192.0, 1889.0, 193.0, 1905.0, 2092.0, 191.0, 1347.0) 
Voter 44: ID 459; Choice (1356.0, 2183.0, 192.0, 1889.0, 193.0, 1905.0, 2092.0, 191.0, 1347.0) 
Voter 45: ID 38; Choice (1356.0, 2183.0, 192.0, 1889.0, 193.0, 1905.0, 2092.0, 191.0, 1347.0) 
Voter 46: ID 162; Choice (1356.0, 2183.0, 192.0, 1889.0, 193.0, 1905.0, 2092.0, 191.0, 1347.0) 
Voter 47: ID 525; Choice (1356.0, 2183.0, 192.0, 1889.0, 193.0, 1905.0, 2092.0, 191.0, 1347.0) 
Voter 48: ID 692; Choice (1356.0, 2183.0, 192.0, 1889.0, 193.0, 1905.0, 2092.0, 191.0, 1347.0) 
Voter 49: ID 93; Choice (1356.0, 2183.0, 192.0, 1889.0, 193.0, 1905.0, 2092.0, 191.0, 1347.0) 
Voter 50: ID 50; Choice (1356.0, 2183.0, 192.0, 1889.0, 193.0, 1905.0, 2092.0, 191.0, 1347.0) 
---------------------------------------------------------------------------
After Iteration 15 :
Voter 1: ID 204; Choice (1356.0, 2183.0, 192.0, 1889.0, 193.0, 1905.0, 2092.0, 191.0, 1347.0) 
Voter 2: ID 224; Choice (1356.0, 2183.0, 192.0, 1889.0, 193.0, 1905.0, 2092.0, 191.0, 1347.0) 
Voter 3: ID 453; Choice (1356.0, 2183.0, 192.0, 1889.0, 193.0, 1905.0, 2092.0, 191.0, 1347.0) 
Voter 4: ID 611; Choice (1356.0, 2183.0, 192.0, 1889.0, 193.0, 1905.0, 2092.0, 191.0, 1347.0) 
Voter 5: ID 43; Choice (1356.0, 2183.0, 192.0, 1889.0, 193.0, 1905.0, 2092.0, 191.0, 1347.0) 
Voter 6: ID 282; Choice (1356.0, 2183.0, 192.0, 1889.0, 193.0, 1905.0, 2092.0, 191.0, 1347.0) 
Voter 7: ID 122; Choice (1356.0, 2183.0, 192.0, 1889.0, 193.0, 1905.0, 2092.0, 191.0, 1347.0) 
Voter 8: ID 258; Choice (1356.0, 2183.0, 192.0, 1889.0, 193.0, 1905.0, 2092.0, 191.0, 1347.0) 
Voter 9: ID 383; Choice (1356.0, 2183.0, 192.0, 1889.0, 193.0, 1905.0, 2092.0, 191.0, 1347.0) 
Voter 10: ID 427; Choice (1356.0, 2183.0, 192.0, 1889.0, 193.0, 1905.0, 2092.0, 191.0, 1347.0) 
Voter 11: ID 279; Choice (1356.0, 2183.0, 192.0, 1889.0, 193.0, 1905.0, 2092.0, 191.0, 1347.0) 
Voter 12: ID 123; Choice (1356.0, 2183.0, 192.0, 1889.0, 193.0, 1905.0, 2092.0, 191.0, 1347.0) 
Voter 13: ID 62; Choice (1356.0, 2183.0, 192.0, 1889.0, 193.0, 1905.0, 2092.0, 191.0, 1347.0) 
Voter 14: ID 274; Choice (1356.0, 2183.0, 192.0, 1889.0, 193.0, 1905.0, 2092.0, 191.0, 1347.0) 
Voter 15: ID 341; Choice (1356.0, 2183.0, 192.0, 1889.0, 193.0, 1905.0, 2092.0, 191.0, 1347.0) 
Voter 16: ID 323; Choice (1356.0, 2183.0, 192.0, 1889.0, 193.0, 1905.0, 2092.0, 191.0, 1347.0) 
Voter 17: ID 682; Choice (1356.0, 2183.0, 192.0, 1889.0, 193.0, 1905.0, 2092.0, 191.0, 1347.0) 
Voter 18: ID 155; Choice (1356.0, 2183.0, 192.0, 1889.0, 193.0, 1905.0, 2092.0, 191.0, 1347.0) 
Voter 19: ID 597; Choice (1356.0, 2183.0, 192.0, 1889.0, 193.0, 1905.0, 2092.0, 191.0, 1347.0) 
Voter 20: ID 723; Choice (1356.0, 2183.0, 192.0, 1889.0, 193.0, 1905.0, 2092.0, 191.0, 1347.0) 
Voter 21: ID 92; Choice (1356.0, 2183.0, 192.0, 1889.0, 193.0, 1905.0, 2092.0, 191.0, 1347.0) 
Voter 22: ID 538; Choice (1356.0, 2183.0, 192.0, 1889.0, 193.0, 1905.0, 2092.0, 191.0, 1347.0) 
Voter 23: ID 509; Choice (1356.0, 2183.0, 192.0, 1889.0, 193.0, 1905.0, 2092.0, 191.0, 1347.0) 
Voter 24: ID 129; Choice (1356.0, 2183.0, 192.0, 1889.0, 193.0, 1905.0, 2092.0, 191.0, 1347.0) 
Voter 25: ID 629; Choice (1356.0, 2183.0, 192.0, 1889.0, 193.0, 1905.0, 2092.0, 191.0, 1347.0) 
Voter 26: ID 151; Choice (1356.0, 2183.0, 192.0, 1889.0, 193.0, 1905.0, 2092.0, 191.0, 1347.0) 
Voter 27: ID 76; Choice (1356.0, 2183.0, 192.0, 1889.0, 193.0, 1905.0, 2092.0, 191.0, 1347.0) 
Voter 28: ID 212; Choice (1356.0, 2183.0, 192.0, 1889.0, 193.0, 1905.0, 2092.0, 191.0, 1347.0) 
Voter 29: ID 230; Choice (1356.0, 2183.0, 192.0, 1889.0, 193.0, 1905.0, 2092.0, 191.0, 1347.0) 
Voter 30: ID 693; Choice (1356.0, 2183.0, 192.0, 1889.0, 193.0, 1905.0, 2092.0, 191.0, 1347.0) 
Voter 31: ID 463; Choice (1356.0, 2183.0, 192.0, 1889.0, 193.0, 1905.0, 2092.0, 191.0, 1347.0) 
Voter 32: ID 680; Choice (1356.0, 2183.0, 192.0, 1889.0, 193.0, 1905.0, 2092.0, 191.0, 1347.0) 
Voter 33: ID 396; Choice (1356.0, 2183.0, 192.0, 1889.0, 193.0, 1905.0, 2092.0, 191.0, 1347.0) 
Voter 34: ID 689; Choice (1356.0, 2183.0, 192.0, 1889.0, 193.0, 1905.0, 2092.0, 191.0, 1347.0) 
Voter 35: ID 214; Choice (1356.0, 2183.0, 192.0, 1889.0, 193.0, 1905.0, 2092.0, 191.0, 1347.0) 
Voter 36: ID 724; Choice (1356.0, 2183.0, 192.0, 1889.0, 193.0, 1905.0, 2092.0, 191.0, 1347.0) 
Voter 37: ID 365; Choice (1356.0, 2183.0, 192.0, 1889.0, 193.0, 1905.0, 2092.0, 191.0, 1347.0) 
Voter 38: ID 571; Choice (1356.0, 2183.0, 192.0, 1889.0, 193.0, 1905.0, 2092.0, 191.0, 1347.0) 
Voter 39: ID 501; Choice (1356.0, 2183.0, 192.0, 1889.0, 193.0, 1905.0, 2092.0, 191.0, 1347.0) 
Voter 40: ID 109; Choice (1356.0, 2183.0, 192.0, 1889.0, 193.0, 1905.0, 2092.0, 191.0, 1347.0) 
Voter 41: ID 387; Choice (1356.0, 2183.0, 192.0, 1889.0, 193.0, 1905.0, 2092.0, 191.0, 1347.0) 
Voter 42: ID 48; Choice (1356.0, 2183.0, 192.0, 1889.0, 193.0, 1905.0, 2092.0, 191.0, 1347.0) 
Voter 43: ID 417; Choice (1356.0, 2183.0, 192.0, 1889.0, 193.0, 1905.0, 2092.0, 191.0, 1347.0) 
Voter 44: ID 459; Choice (1356.0, 2183.0, 192.0, 1889.0, 193.0, 1905.0, 2092.0, 191.0, 1347.0) 
Voter 45: ID 38; Choice (1356.0, 2183.0, 192.0, 1889.0, 193.0, 1905.0, 2092.0, 191.0, 1347.0) 
Voter 46: ID 162; Choice (1356.0, 2183.0, 192.0, 1889.0, 193.0, 1905.0, 2092.0, 191.0, 1347.0) 
Voter 47: ID 525; Choice (1356.0, 2183.0, 192.0, 1889.0, 193.0, 1905.0, 2092.0, 191.0, 1347.0) 
Voter 48: ID 692; Choice (1356.0, 2183.0, 192.0, 1889.0, 193.0, 1905.0, 2092.0, 191.0, 1347.0) 
Voter 49: ID 93; Choice (1356.0, 2183.0, 192.0, 1889.0, 193.0, 1905.0, 2092.0, 191.0, 1347.0) 
Voter 50: ID 50; Choice (1356.0, 2183.0, 192.0, 1889.0, 193.0, 1905.0, 2092.0, 191.0, 1347.0) 
---------------------------------------------------------------------------
Concensus reached after 15 iterations.
Max degree: 8 Number of valid combinations: 90 Using random find.
There are 1 opinions after all iterations.
(1356.0, 2183.0, 192.0, 1889.0, 193.0, 1905.0, 2092.0, 191.0, 1347.0) count: 50
